timestamp,value
1625133613000,0.0
1625133643000,0.0
1625133673000,0.0
1625133703000,0.0
1625133733000,0.0
1625133763000,0.0
1625133793000,0.0
1625133823000,0.0
1625133853000,0.0
1625133883000,0.0
1625133913000,0.0
1625133943000,0.0
1625133973000,0.0
1625134003000,0.0
1625134033000,0.0
1625134063000,0.0
1625134093000,0.0
1625134123000,0.0
1625134153000,0.0
1625134183000,0.0
1625134213000,0.0
1625134243000,0.0
1625134273000,0.0
1625134303000,0.0
1625134333000,0.0
1625134363000,0.0
1625134393000,0.0
1625134423000,0.0
1625134453000,0.0
1625134483000,0.0
1625134513000,0.0
1625134543000,0.0
1625134573000,0.0
1625134603000,0.0
1625134633000,0.0
1625134663000,0.0
1625134693000,0.0
1625134723000,0.0
1625134753000,0.0
1625134783000,0.0
1625134813000,0.0
1625134843000,0.0
1625134873000,0.0
1625134903000,0.0
1625134933000,0.0
1625134963000,0.0
1625134993000,0.0
1625135023000,0.0
1625135053000,0.0
1625135083000,0.0
1625135113000,0.0
1625135143000,0.0
1625135173000,0.0
1625135203000,0.0
1625135233000,0.0
1625135263000,0.0
1625135293000,0.0
1625135323000,0.0
1625135353000,0.0
1625135383000,0.0
1625135413000,0.0
1625135443000,0.0
1625135473000,0.0
1625135503000,0.0
1625135533000,0.0
1625135563000,0.0
1625135593000,0.0
1625135623000,0.0
1625135653000,0.0
1625135683000,0.0
1625135713000,0.0
1625135743000,0.0
1625135773000,0.0
1625135803000,0.0
1625135833000,0.0
1625135863000,0.0
1625135893000,0.0
1625135923000,0.0
1625135953000,0.0
1625135983000,0.0
1625136013000,0.0
1625136043000,0.0
1625136073000,0.0
1625136103000,0.0
1625136133000,0.0
1625136163000,0.0
1625136193000,0.0
1625136223000,0.0
1625136253000,0.0
1625136283000,0.0
1625136313000,0.0
1625136343000,0.0
1625136373000,0.0
1625136403000,0.0
1625136433000,0.0
1625136463000,0.0
1625136493000,0.0
1625136523000,0.0
1625136553000,0.0
1625136583000,0.0
1625136613000,0.0
1625136643000,0.0
1625136673000,0.0
1625136703000,0.0
1625136733000,0.0
1625136763000,0.0
1625136793000,0.0
1625136823000,0.0
1625136853000,0.0
1625136883000,0.0
1625136913000,0.0
1625136943000,0.0
1625136973000,0.0
1625137003000,0.0
1625137033000,0.0
1625137063000,0.0
1625137093000,0.0
1625137123000,0.0
1625137153000,0.0
1625137183000,0.0
1625137213000,0.0
1625137243000,0.0
1625137273000,0.0
1625137303000,0.0
1625137333000,0.0
1625137363000,0.0
1625137393000,0.0
1625137423000,0.0
1625137453000,0.0
1625137483000,0.0
1625137513000,0.0
1625137543000,0.0
1625137573000,0.0
1625137603000,0.0
1625137633000,0.0
1625137663000,0.0
1625137693000,0.0
1625137723000,0.0
1625137753000,0.0
1625137783000,0.0
1625137813000,0.0
1625137843000,0.0
1625137873000,0.0
1625137903000,0.0
1625137933000,0.0
1625137963000,0.0
1625137993000,0.0
1625138023000,0.0
1625138053000,0.0
1625138083000,0.0
1625138113000,0.0
1625138143000,0.0
1625138173000,0.0
1625138203000,0.0
1625138233000,0.0
1625138263000,0.0
1625138293000,0.0
1625138323000,0.0
1625138353000,0.0
1625138383000,0.0
1625138413000,0.0
1625138443000,0.0
1625138473000,0.0
1625138503000,0.0
1625138533000,0.0
1625138563000,0.0
1625138593000,0.0
1625138623000,0.0
1625138653000,0.0
1625138683000,0.0
1625138713000,0.0
1625138743000,0.0
1625138773000,0.0
1625138803000,0.0
1625138833000,0.0
1625138863000,0.0
1625138893000,0.0
1625138923000,0.0
1625138953000,0.0
1625138983000,0.0
1625139013000,0.0
1625139043000,0.0
1625139073000,0.0
1625139103000,0.0
1625139133000,0.0
1625139163000,0.0
1625139193000,0.0
1625139223000,0.0
1625139253000,0.0
1625139283000,0.0
1625139313000,0.0
1625139343000,0.0
1625139373000,0.0
1625139403000,0.0
1625139433000,0.0
1625139463000,0.0
1625139493000,0.0
1625139523000,0.0
1625139553000,0.0
1625139583000,0.0
1625139613000,0.0
1625139643000,0.0
1625139673000,0.0
1625139703000,0.0
1625139733000,0.0
1625139763000,0.0
1625139793000,0.0
1625139823000,0.0
1625139853000,0.0
1625139883000,0.0
1625139913000,0.0
1625139943000,0.0
1625139973000,0.0
1625140003000,0.0
1625140033000,0.0
1625140063000,0.0
1625140093000,0.0
1625140123000,0.0
1625140153000,0.0
1625140183000,0.0
1625140213000,0.0
1625140243000,0.0
1625140273000,0.0
1625140303000,0.0
1625140333000,0.0
1625140363000,0.0
1625140393000,0.0
1625140423000,0.0
1625140453000,0.0
1625140483000,0.0
1625140513000,0.0
1625140543000,0.0
1625140573000,0.0
1625140603000,0.0
1625140633000,0.0
1625140663000,0.0
1625140693000,0.0
1625140723000,0.0
1625140753000,0.0
1625140783000,0.0
1625140813000,0.0
1625140843000,0.0
1625140873000,0.0
1625140903000,0.0
1625140933000,0.0
1625140963000,0.0
1625140993000,0.0
1625141023000,0.0
1625141053000,0.0
1625141083000,0.0
1625141113000,0.0
1625141143000,0.0
1625141173000,0.0
1625141203000,0.0
1625141233000,0.0
1625141263000,0.0
1625141293000,0.0
1625141323000,0.0
1625141353000,0.0
1625141383000,0.0
1625141413000,0.0
1625141443000,0.0
1625141473000,0.0
1625141503000,0.0
1625141533000,0.0
1625141563000,0.0
1625141593000,0.0
1625141623000,0.0
1625141653000,0.0
1625141683000,0.0
1625141713000,0.0
1625141743000,0.0
1625141773000,0.0
1625141803000,0.0
1625141833000,0.0
1625141863000,0.0
1625141893000,0.0
1625141923000,0.0
1625141953000,0.0
1625141983000,0.0
1625142013000,0.0
1625142043000,0.0
1625142073000,0.0
1625142103000,0.0
1625142133000,0.0
1625142163000,0.0
1625142193000,0.0
1625142223000,0.0
1625142253000,0.0
1625142283000,0.0
1625142313000,0.0
1625142343000,0.0
1625142373000,0.0
1625142403000,0.0
1625142433000,0.0
1625142463000,0.0
1625142493000,0.0
1625142523000,0.0
1625142553000,0.0
1625142583000,0.0
1625142613000,0.0
1625142643000,0.0
1625142673000,0.0
1625142703000,0.0
1625142733000,0.0
1625142763000,0.0
1625142793000,0.0
1625142823000,0.0
1625142853000,0.0
1625142883000,0.0
1625142913000,0.0
1625142943000,0.0
1625142973000,0.0
1625143003000,0.0
1625143033000,0.0
1625143063000,0.0
1625143093000,0.0
1625143123000,0.0
1625143153000,0.0
1625143183000,0.0
1625143213000,0.0
1625143243000,0.0
1625143273000,0.0
1625143303000,0.0
1625143333000,0.0
1625143363000,0.0
1625143393000,0.0
1625143423000,0.0
1625143453000,0.0
1625143483000,0.0
1625143513000,0.0
1625143543000,0.0
1625143573000,0.0
1625143603000,0.0
1625143633000,0.0
1625143663000,0.0
1625143693000,0.0
1625143723000,0.0
1625143753000,0.0
1625143783000,0.0
1625143813000,0.0
1625143843000,0.0
1625143873000,0.0
1625143903000,0.0
1625143933000,0.0
1625143963000,0.0
1625143993000,0.0
1625144023000,0.0
1625144053000,0.0
1625144083000,0.0
1625144113000,0.0
1625144143000,0.0
1625144173000,0.0
1625144203000,0.0
1625144233000,0.0
1625144263000,0.0
1625144293000,0.0
1625144323000,0.0
1625144353000,0.0
1625144383000,0.0
1625144413000,0.0
1625144443000,0.0
1625144473000,0.0
1625144503000,0.0
1625144533000,0.0
1625144563000,0.0
1625144593000,0.0
1625144623000,0.0
1625144653000,0.0
1625144683000,0.0
1625144713000,0.0
1625144743000,0.0
1625144773000,0.0
1625144803000,0.0
1625144833000,0.0
1625144863000,0.0
1625144893000,0.0
1625144923000,0.0
1625144953000,0.0
1625144983000,0.0
1625145013000,0.0
1625145043000,0.0
1625145073000,0.0
1625145103000,0.0
1625145133000,0.0
1625145163000,0.0
1625145193000,0.0
1625145223000,0.0
1625145253000,0.0
1625145283000,0.0
1625145313000,0.0
1625145343000,0.0
1625145373000,0.0
1625145403000,0.0
1625145433000,0.0
1625145463000,0.0
1625145493000,0.0
1625145523000,0.0
1625145553000,0.0
1625145583000,0.0
1625145613000,0.0
1625145643000,0.0
1625145673000,0.0
1625145703000,0.0
1625145733000,0.0
1625145763000,0.0
1625145793000,0.0
1625145823000,0.0
1625145853000,0.0
1625145883000,0.0
1625145913000,0.0
1625145943000,0.0
1625145973000,0.0
1625146003000,0.0
1625146033000,0.0
1625146063000,0.0
1625146093000,0.0
1625146123000,0.0
1625146153000,0.0
1625146183000,0.0
1625146213000,0.0
1625146243000,0.0
1625146273000,0.0
1625146303000,0.0
1625146333000,0.0
1625146363000,0.0
1625146393000,0.0
1625146423000,0.0
1625146453000,0.0
1625146483000,0.0
1625146513000,0.0
1625146543000,0.0
1625146573000,0.0
1625146603000,0.0
1625146633000,0.0
1625146663000,0.0
1625146693000,0.0
1625146723000,0.0
1625146753000,0.0
1625146783000,0.0
1625146813000,0.0
1625146843000,0.0
1625146873000,0.0
1625146903000,0.0
1625146933000,0.0
1625146963000,0.0
1625146993000,0.0
1625147023000,0.0
1625147053000,0.0
1625147083000,0.0
1625147113000,0.0
1625147143000,0.0
1625147173000,0.0
1625147203000,0.0
1625147233000,0.0
1625147263000,0.0
1625147293000,0.0
1625147323000,0.0
1625147353000,0.0
1625147383000,0.0
1625147413000,0.0
1625147443000,0.0
1625147473000,0.0
1625147503000,0.0
1625147533000,0.0
1625147563000,0.0
1625147593000,0.0
1625147623000,0.0
1625147653000,0.0
1625147683000,0.0
1625147713000,0.0
1625147743000,0.0
1625147773000,0.0
1625147803000,0.0
1625147833000,0.0
1625147863000,0.0
1625147893000,0.0
1625147923000,0.0
1625147953000,0.0
1625147983000,0.0
1625148013000,0.0
1625148043000,0.0
1625148073000,0.0
1625148103000,0.0
1625148133000,0.0
1625148163000,0.0
1625148193000,0.0
1625148223000,0.0
1625148253000,0.0
1625148283000,0.0
1625148313000,0.0
1625148343000,0.0
1625148373000,0.0
1625148403000,0.0
1625148433000,0.0
1625148463000,0.0
1625148493000,0.0
1625148523000,0.0
1625148553000,0.0
1625148583000,0.0
1625148613000,0.0
1625148643000,0.0
1625148673000,0.0
1625148703000,0.0
1625148733000,0.0
1625148763000,0.0
1625148793000,0.0
1625148823000,0.0
1625148853000,0.0
1625148883000,0.0
1625148913000,0.0
1625148943000,0.0
1625148973000,0.0
1625149003000,0.0
1625149033000,0.0
1625149063000,0.0
1625149093000,0.0
1625149123000,0.0
1625149153000,0.0
1625149183000,0.0
1625149213000,0.0
1625149243000,0.0
1625149273000,0.0
1625149303000,0.0
1625149333000,0.0
1625149363000,0.0
1625149393000,0.0
1625149423000,0.0
1625149453000,0.0
1625149483000,0.0
1625149513000,0.0
1625149543000,0.0
1625149573000,0.0
1625149603000,0.0
1625149633000,0.0
1625149663000,0.0
1625149693000,0.0
1625149723000,0.0
1625149753000,0.0
1625149783000,0.0
1625149813000,0.0
1625149843000,0.0
1625149873000,0.0
1625149903000,0.0
1625149933000,0.0
1625149963000,0.0
1625149993000,0.0
1625150023000,0.0
1625150053000,0.0
1625150083000,0.0
1625150113000,0.0
1625150143000,0.0
1625150173000,0.0
1625150203000,0.0
1625150233000,0.0
1625150263000,0.0
1625150293000,0.0
1625150323000,0.0
1625150353000,0.0
1625150383000,0.0
1625150413000,0.0
1625150443000,0.0
1625150473000,0.0
1625150503000,0.0
1625150533000,0.0
1625150563000,0.0
1625150593000,0.0
1625150623000,0.0
1625150653000,0.0
1625150683000,0.0
1625150713000,0.0
1625150743000,0.0
1625150773000,0.0
1625150803000,0.0
1625150833000,0.0
1625150863000,0.0
1625150893000,0.0
1625150923000,0.0
1625150953000,0.0
1625150983000,0.0
1625151013000,0.0
1625151043000,0.0
1625151073000,0.0
1625151103000,0.0
1625151133000,0.0
1625151163000,0.0
1625151193000,0.0
1625151223000,0.0
1625151253000,0.0
1625151283000,0.0
1625151313000,0.0
1625151343000,0.0
1625151373000,0.0
1625151403000,0.0
1625151433000,0.0
1625151463000,0.0
1625151493000,0.0
1625151523000,0.0
1625151553000,0.0
1625151583000,0.0
1625151613000,0.0
1625151643000,0.0
1625151673000,0.0
1625151703000,0.0
1625151733000,0.0
1625151763000,0.0
1625151793000,0.0
1625151823000,0.0
1625151853000,0.0
1625151883000,0.0
1625151913000,0.0
1625151943000,0.0
1625151973000,0.0
1625152003000,0.0
1625152033000,0.0
1625152063000,0.0
1625152093000,0.0
1625152123000,0.0
1625152153000,0.0
1625152183000,0.0
1625152213000,0.0
1625152243000,0.0
1625152273000,0.0
1625152303000,0.0
1625152333000,0.0
1625152363000,0.0
1625152393000,0.0
1625152423000,0.0
1625152453000,0.0
1625152483000,0.0
1625152513000,0.0
1625152543000,0.0
1625152573000,0.0
1625152603000,0.0
1625152633000,0.0
1625152663000,0.0
1625152693000,0.0
1625152723000,0.0
1625152753000,0.0
1625152783000,0.0
1625152813000,0.0
1625152843000,0.0
1625152873000,0.0
1625152903000,0.0
1625152933000,0.0
1625152963000,0.0
1625152993000,0.0
1625153023000,0.0
1625153053000,0.0
1625153083000,0.0
1625153113000,0.0
1625153143000,0.0
1625153173000,0.0
1625153203000,0.0
1625153233000,0.0
1625153263000,0.0
1625153293000,0.0
1625153323000,0.0
1625153353000,0.0
1625153383000,0.0
1625153413000,0.0
1625153443000,0.0
1625153473000,0.0
1625153503000,0.0
1625153533000,0.0
1625153563000,0.0
1625153593000,0.0
1625153623000,0.0
1625153653000,0.0
1625153683000,0.0
1625153713000,0.0
1625153743000,0.0
1625153773000,0.0
1625153803000,0.0
1625153833000,0.0
1625153863000,0.0
1625153893000,0.0
1625153923000,0.0
1625153953000,0.0
1625153983000,0.0
1625154013000,0.0
1625154043000,0.0
1625154073000,0.0
1625154103000,0.0
1625154133000,0.0
1625154163000,0.0
1625154193000,0.0
1625154223000,0.0
1625154253000,0.0
1625154283000,0.0
1625154313000,0.0
1625154343000,0.0
1625154373000,0.0
1625154403000,0.0
1625154433000,0.0
1625154463000,0.0
1625154493000,0.0
1625154523000,0.0
1625154553000,0.0
1625154583000,0.0
1625154613000,0.0
1625154643000,0.0
1625154673000,0.0
1625154703000,0.0
1625154733000,0.0
1625154763000,0.0
1625154793000,0.0
1625154823000,0.0
1625154853000,0.0
1625154883000,0.0
1625154913000,0.0
1625154943000,0.0
1625154973000,0.0
1625155003000,0.0
1625155033000,0.0
1625155063000,0.0
1625155093000,0.0
1625155123000,0.0
1625155153000,0.0
1625155183000,0.0
1625155213000,0.0
1625155243000,0.0
1625155273000,0.0
1625155303000,0.0
1625155333000,0.0
1625155363000,0.0
1625155393000,0.0
1625155423000,0.0
1625155453000,0.0
1625155483000,0.0
1625155513000,0.0
1625155543000,0.0
1625155573000,0.0
1625155603000,0.0
1625155633000,0.0
1625155663000,0.0
1625155693000,0.0
1625155723000,0.0
1625155753000,0.0
1625155783000,0.0
1625155813000,0.0
1625155843000,0.0
1625155873000,0.0
1625155903000,0.0
1625155933000,0.0
1625155963000,0.0
1625155993000,0.0
1625156023000,0.0
1625156053000,0.0
1625156083000,0.0
1625156113000,0.0
1625156143000,0.0
1625156173000,0.0
1625156203000,0.0
1625156233000,0.0
1625156263000,0.0
1625156293000,0.0
1625156323000,0.0
1625156353000,0.0
1625156383000,0.0
1625156413000,0.0
1625156443000,0.0
1625156473000,0.0
1625156503000,0.0
1625156533000,0.0
1625156563000,0.0
1625156593000,0.0
1625156623000,0.0
1625156653000,0.0
1625156683000,0.0
1625156713000,0.0
1625156743000,0.0
1625156773000,0.0
1625156803000,0.0
1625156833000,0.0
1625156863000,0.0
1625156893000,0.0
1625156923000,0.0
1625156953000,0.0
1625156983000,0.0
1625157013000,0.0
1625157043000,0.0
1625157073000,0.0
1625157103000,0.0
1625157133000,0.0
1625157163000,0.0
1625157193000,0.0
1625157223000,0.0
1625157253000,0.0
1625157283000,0.0
1625157313000,0.0
1625157343000,0.0
1625157373000,0.0
1625157403000,0.0
1625157433000,0.0
1625157463000,0.0
1625157493000,0.0
1625157523000,0.0
1625157553000,0.0
1625157583000,0.0
1625157613000,0.0
1625157643000,0.0
1625157673000,0.0
1625157703000,0.0
1625157733000,0.0
1625157763000,0.0
1625157793000,0.0
1625157823000,0.0
1625157853000,0.0
1625157883000,0.0
1625157913000,0.0
1625157943000,0.0
1625157973000,0.0
1625158003000,0.0
1625158033000,0.0
1625158063000,0.0
1625158093000,0.0
1625158123000,0.0
1625158153000,0.0
1625158183000,0.0
1625158213000,0.0
1625158243000,0.0
1625158273000,0.0
1625158303000,0.0
1625158333000,0.0
1625158363000,0.0
1625158393000,0.0
1625158423000,0.0
1625158453000,0.0
1625158483000,0.0
1625158513000,0.0
1625158543000,0.0
1625158573000,0.0
1625158603000,0.0
1625158633000,0.0
1625158663000,0.0
1625158693000,0.0
1625158723000,0.0
1625158753000,0.0
1625158783000,0.0
1625158813000,0.0
1625158843000,0.0
1625158873000,0.0
1625158903000,0.0
1625158933000,0.0
1625158963000,0.0
1625158993000,0.0
1625159023000,0.0
1625159053000,0.0
1625159083000,0.0
1625159113000,0.0
1625159143000,0.0
1625159173000,0.0
1625159203000,0.0
1625159233000,0.0
1625159263000,0.0
1625159293000,0.0
1625159323000,0.0
1625159353000,0.0
1625159383000,0.0
1625159413000,0.0
1625159443000,0.0
1625159473000,0.0
1625159503000,0.0
1625159533000,0.0
1625159563000,0.0
1625159593000,0.0
1625159623000,0.0
1625159653000,0.0
1625159683000,0.0
1625159713000,0.0
1625159743000,0.0
1625159773000,0.0
1625159803000,0.0
1625159833000,0.0
1625159863000,0.0
1625159893000,0.0
1625159923000,0.0
1625159953000,0.0
1625159983000,0.0
1625160013000,0.0
1625160043000,0.0
1625160073000,0.0
1625160103000,0.0
1625160133000,0.0
1625160163000,0.0
1625160193000,0.0
1625160223000,0.0
1625160253000,0.0
1625160283000,0.0
1625160313000,0.0
1625160343000,0.0
1625160373000,0.0
1625160403000,0.0
1625160433000,0.0
1625160463000,0.0
1625160493000,0.0
1625160523000,0.0
1625160553000,0.0
1625160583000,0.0
1625160613000,0.0
1625160643000,0.0
1625160673000,0.0
1625160703000,0.0
1625160733000,0.0
1625160763000,0.0
1625160793000,0.0
1625160823000,0.0
1625160853000,0.0
1625160883000,0.0
1625160913000,0.0
1625160943000,0.0
1625160973000,0.0
1625161003000,0.0
1625161033000,0.0
1625161063000,0.0
1625161093000,0.0
1625161123000,0.0
1625161153000,0.0
1625161183000,0.0
1625161213000,0.0
1625161243000,0.0
1625161273000,0.0
1625161303000,0.0
1625161333000,0.0
1625161363000,0.0
1625161393000,0.0
1625161423000,0.0
1625161453000,0.0
1625161483000,0.0
1625161513000,0.0
1625161543000,0.0
1625161573000,0.0
1625161603000,0.0
1625161633000,0.0
1625161663000,0.0
1625161693000,0.0
1625161723000,0.0
1625161753000,0.0
1625161783000,0.0
1625161813000,0.0
1625161843000,0.0
1625161873000,0.0
1625161903000,0.0
1625161933000,0.0
1625161963000,0.0
1625161993000,0.0
1625162023000,0.0
1625162053000,0.0
1625162083000,0.0
1625162113000,0.0
1625162143000,0.0
1625162173000,0.0
1625162203000,0.0
1625162233000,0.0
1625162263000,0.0
1625162293000,0.0
1625162323000,0.0
1625162353000,0.0
1625162383000,0.0
1625162413000,0.0
1625162443000,0.0
1625162473000,0.0
1625162503000,0.0
1625162533000,0.0
1625162563000,0.0
1625162593000,0.0
1625162623000,0.0
1625162653000,0.0
1625162683000,0.0
1625162713000,0.0
1625162743000,0.0
1625162773000,0.0
1625162803000,0.0
1625162833000,0.0
1625162863000,0.0
1625162893000,0.0
1625162923000,0.0
1625162953000,0.0
1625162983000,0.0
1625163013000,0.0
1625163043000,0.0
1625163073000,0.0
1625163103000,0.0
1625163133000,0.0
1625163163000,0.0
1625163193000,0.0
1625163223000,0.0
1625163253000,0.0
1625163283000,0.0
1625163313000,0.0
1625163343000,0.0
1625163373000,0.0
1625163403000,0.0
1625163433000,0.0
1625163463000,0.0
1625163493000,0.0
1625163523000,0.0
1625163553000,0.0
1625163583000,0.0
1625163613000,0.0
1625163643000,0.0
1625163673000,0.0
1625163703000,0.0
1625163733000,0.0
1625163763000,0.0
1625163793000,0.0
1625163823000,0.0
1625163853000,0.0
1625163883000,0.0
1625163913000,0.0
1625163943000,0.0
1625163973000,0.0
1625164003000,0.0
1625164033000,0.0
1625164063000,0.0
1625164093000,0.0
1625164123000,0.0
1625164153000,0.0
1625164183000,0.0
1625164213000,0.0
1625164243000,0.0
1625164273000,0.0
1625164303000,0.0
1625164333000,0.0
1625164363000,0.0
1625164393000,0.0
1625164423000,0.0
1625164453000,0.0
1625164483000,0.0
1625164513000,0.0
1625164543000,0.0
1625164573000,0.0
1625164603000,0.0
1625164633000,0.0
1625164663000,0.0
1625164693000,0.0
1625164723000,0.0
1625164753000,0.0
1625164783000,0.0
1625164813000,0.0
1625164843000,0.0
1625164873000,0.0
1625164903000,0.0
1625164933000,0.0
1625164963000,0.0
1625164993000,0.0
1625165023000,0.0
1625165053000,0.0
1625165083000,0.0
1625165113000,0.0
1625165143000,0.0
1625165173000,0.0
1625165203000,0.0
1625165233000,0.0
1625165263000,0.0
1625165293000,0.0
1625165323000,0.0
1625165353000,0.0
1625165383000,0.0
1625165413000,0.0
1625165443000,0.0
1625165473000,0.0
1625165503000,0.0
1625165533000,0.0
1625165563000,0.0
1625165593000,0.0
1625165623000,0.0
1625165653000,0.0
1625165683000,0.0
1625165713000,0.0
1625165743000,0.0
1625165773000,0.0
1625165803000,0.0
1625165833000,0.0
1625165863000,0.0
1625165893000,0.0
1625165923000,0.0
1625165953000,0.0
1625165983000,0.0
1625166013000,0.0
1625166043000,0.0
1625166073000,0.0
1625166103000,0.0
1625166133000,0.0
1625166163000,0.0
1625166193000,0.0
1625166223000,0.0
1625166253000,0.0
1625166283000,0.0
1625166313000,0.0
1625166343000,0.0
1625166373000,0.0
1625166403000,0.0
1625166433000,0.0
1625166463000,0.0
1625166493000,0.0
1625166523000,0.0
1625166553000,0.0
1625166583000,0.0
1625166613000,0.0
1625166643000,0.0
1625166673000,0.0
1625166703000,0.0
1625166733000,0.0
1625166763000,0.0
1625166793000,0.0
1625166823000,0.0
1625166853000,0.0
1625166883000,0.0
1625166913000,0.0
1625166943000,0.0
1625166973000,0.0
1625167003000,0.0
1625167033000,0.0
1625167063000,0.0
1625167093000,0.0
1625167123000,0.0
1625167153000,0.0
1625167183000,0.0
1625167213000,0.0
1625167243000,0.0
1625167273000,0.0
1625167303000,0.0
1625167333000,0.0
1625167363000,0.0
1625167393000,0.0
1625167423000,0.0
1625167453000,0.0
1625167483000,0.0
1625167513000,0.0
1625167543000,0.0
1625167573000,0.0
1625167603000,0.0
1625167633000,0.0
1625167663000,0.0
1625167693000,0.0
1625167723000,0.0
1625167753000,0.0
1625167783000,0.0
1625167813000,0.0
1625167843000,0.0
1625167873000,0.0
1625167903000,0.0
1625167933000,0.0
1625167963000,0.0
1625167993000,0.0
1625168023000,0.0
1625168053000,0.0
1625168083000,0.0
1625168113000,0.0
1625168143000,0.0
1625168173000,0.0
1625168203000,0.0
1625168233000,0.0
1625168263000,0.0
1625168293000,0.0
1625168323000,0.0
1625168353000,0.0
1625168383000,0.0
1625168413000,0.0
1625168443000,0.0
1625168473000,0.0
1625168503000,0.0
1625168533000,0.0
1625168563000,0.0
1625168593000,0.0
1625168623000,0.0
1625168653000,0.0
1625168683000,0.0
1625168713000,0.0
1625168743000,0.0
1625168773000,0.0
1625168803000,0.0
1625168833000,0.0
1625168863000,0.0
1625168893000,0.0
1625168923000,0.0
1625168953000,0.0
1625168983000,0.0
1625169013000,0.0
1625169043000,0.0
1625169073000,0.0
1625169103000,0.0
1625169133000,0.0
1625169163000,0.0
1625169193000,0.0
1625169223000,0.0
1625169253000,0.0
1625169283000,0.0
1625169313000,0.0
1625169343000,0.0
1625169373000,0.0
1625169403000,0.0
1625169433000,0.0
1625169463000,0.0
1625169493000,0.0
1625169523000,0.0
1625169553000,0.0
1625169583000,0.0
1625169613000,0.0
1625169643000,0.0
1625169673000,0.0
1625169703000,0.0
1625169733000,0.0
1625169763000,0.0
1625169793000,0.0
1625169823000,0.0
1625169853000,0.0
1625169883000,0.0
1625169913000,0.0
1625169943000,0.0
1625169973000,0.0
1625170003000,0.0
1625170033000,0.0
1625170063000,0.0
1625170093000,0.0
1625170123000,0.0
1625170153000,0.0
1625170183000,0.0
1625170213000,0.0
1625170243000,0.0
1625170273000,0.0
1625170303000,0.0
1625170333000,0.0
1625170363000,0.0
1625170393000,0.0
1625170423000,0.0
1625170453000,0.0
1625170483000,0.0
1625170513000,0.0
1625170543000,0.0
1625170573000,0.0
1625170603000,0.0
1625170633000,0.0
1625170663000,0.0
1625170693000,0.0
1625170723000,0.0
1625170753000,0.0
1625170783000,0.0
1625170813000,0.0
1625170843000,0.0
1625170873000,0.0
1625170903000,0.0
1625170933000,0.0
1625170963000,0.0
1625170993000,0.0
1625171023000,0.0
1625171053000,0.0
1625171083000,0.0
1625171113000,0.0
1625171143000,0.0
1625171173000,0.0
1625171203000,0.0
1625171233000,0.0
1625171263000,0.0
1625171293000,0.0
1625171323000,0.0
1625171353000,0.0
1625171383000,0.0
1625171413000,0.0
1625171443000,0.0
1625171473000,0.0
1625171503000,0.0
1625171533000,0.0
1625171563000,0.0
1625171593000,0.0
1625171623000,0.0
1625171653000,0.0
1625171683000,0.0
1625171713000,0.0
1625171743000,0.0
1625171773000,0.0
1625171803000,0.0
1625171833000,0.0
1625171863000,0.0
1625171893000,0.0
1625171923000,0.0
1625171953000,0.0
1625171983000,0.0
1625172013000,0.0
1625172043000,0.0
1625172073000,0.0
1625172103000,0.0
1625172133000,0.0
1625172163000,0.0
1625172193000,0.0
1625172223000,0.0
1625172253000,0.0
1625172283000,0.0
1625172313000,0.0
1625172343000,0.0
1625172373000,0.0
1625172403000,0.0
1625172433000,0.0
1625172463000,0.0
1625172493000,0.0
1625172523000,0.0
1625172553000,0.0
1625172583000,0.0
1625172613000,0.0
1625172643000,0.0
1625172673000,0.0
1625172703000,0.0
1625172733000,0.0
1625172763000,0.0
1625172793000,0.0
1625172823000,0.0
1625172853000,0.0
1625172883000,0.0
1625172913000,0.0
1625172943000,0.0
1625172973000,0.0
1625173003000,0.0
1625173033000,0.0
1625173063000,0.0
1625173093000,0.0
1625173123000,0.0
1625173153000,0.0
1625173183000,0.0
1625173213000,0.0
1625173243000,0.0
1625173273000,0.0
1625173303000,0.0
1625173333000,0.0
1625173363000,0.0
1625173393000,0.0
1625173423000,0.0
1625173453000,0.0
1625173483000,0.0
1625173513000,0.0
1625173543000,0.0
1625173573000,0.0
1625173603000,0.0
1625173633000,0.0
1625173663000,0.0
1625173693000,0.0
1625173723000,0.0
1625173753000,0.0
1625173783000,0.0
1625173813000,0.0
1625173843000,0.0
1625173873000,0.0
1625173903000,0.0
1625173933000,0.0
1625173963000,0.0
1625173993000,0.0
1625174023000,0.0
1625174053000,0.0
1625174083000,0.0
1625174113000,0.0
1625174143000,0.0
1625174173000,0.0
1625174203000,0.0
1625174233000,0.0
1625174263000,0.0
1625174293000,0.0
1625174323000,0.0
1625174353000,0.0
1625174383000,0.0
1625174413000,0.0
1625174443000,0.0
1625174473000,0.0
1625174503000,0.0
1625174533000,0.0
1625174563000,0.0
1625174593000,0.0
1625174623000,0.0
1625174653000,0.0
1625174683000,0.0
1625174713000,0.0
1625174743000,0.0
1625174773000,0.0
1625174803000,0.0
1625174833000,0.0
1625174863000,0.0
1625174893000,0.0
1625174923000,0.0
1625174953000,0.0
1625174983000,0.0
1625175013000,0.0
1625175043000,0.0
1625175073000,0.0
1625175103000,0.0
1625175133000,0.0
1625175163000,0.0
1625175193000,0.0
1625175223000,0.0
1625175253000,0.0
1625175283000,0.0
1625175313000,0.0
1625175343000,0.0
1625175373000,0.0
1625175403000,0.0
1625175433000,0.0
1625175463000,0.0
1625175493000,0.0
1625175523000,0.0
1625175553000,0.0
1625175583000,0.0
1625175613000,0.0
1625175643000,0.0
1625175673000,0.0
1625175703000,0.0
1625175733000,0.0
1625175763000,0.0
1625175793000,0.0
1625175823000,0.0
1625175853000,0.0
1625175883000,0.0
1625175913000,0.0
1625175943000,0.0
1625175973000,0.0
1625176003000,0.0
1625176033000,0.0
1625176063000,0.0
1625176093000,0.0
1625176123000,0.0
1625176153000,0.0
1625176183000,0.0
1625176213000,0.0
1625176243000,0.0
1625176273000,0.0
1625176303000,0.0
1625176333000,0.0
1625176363000,0.0
1625176393000,0.0
1625176423000,0.0
1625176453000,0.0
1625176483000,0.0
1625176513000,0.0
1625176543000,0.0
1625176573000,0.0
1625176603000,0.0
1625176633000,0.0
1625176663000,0.0
1625176693000,0.0
1625176723000,0.0
1625176753000,0.0
1625176783000,0.0
1625176813000,0.0
1625176843000,0.0
1625176873000,0.0
1625176903000,0.0
1625176933000,0.0
1625176963000,0.0
1625176993000,0.0
1625177023000,0.0
1625177053000,0.0
1625177083000,0.0
1625177113000,0.0
1625177143000,0.0
1625177173000,0.0
1625177203000,0.0
1625177233000,0.0
1625177263000,0.0
1625177293000,0.0
1625177323000,0.0
1625177353000,0.0
1625177383000,0.0
1625177413000,0.0
1625177443000,0.0
1625177473000,0.0
1625177503000,0.0
1625177533000,0.0
1625177563000,0.0
1625177593000,0.0
1625177623000,0.0
1625177653000,0.0
1625177683000,0.0
1625177713000,0.0
1625177743000,0.0
1625177773000,0.0
1625177803000,0.0
1625177833000,0.0
1625177863000,0.0
1625177893000,0.0
1625177923000,0.0
1625177953000,0.0
1625177983000,0.0
1625178013000,0.0
1625178043000,0.0
1625178073000,0.0
1625178103000,0.0
1625178133000,0.0
1625178163000,0.0
1625178193000,0.0
1625178223000,0.0
1625178253000,0.0
1625178283000,0.0
1625178313000,0.0
1625178343000,0.0
1625178373000,0.0
1625178403000,0.0
1625178433000,0.0
1625178463000,0.0
1625178493000,0.0
1625178523000,0.0
1625178553000,0.0
1625178583000,0.0
1625178613000,0.0
1625178643000,0.0
1625178673000,0.0
1625178703000,0.0
1625178733000,0.0
1625178763000,0.0
1625178793000,0.0
1625178823000,0.0
1625178853000,0.0
1625178883000,0.0
1625178913000,0.0
1625178943000,0.0
1625178973000,0.0
1625179003000,0.0
1625179033000,0.0
1625179063000,0.0
1625179093000,0.0
1625179123000,0.0
1625179153000,0.0
1625179183000,0.0
1625179213000,0.0
1625179243000,0.0
1625179273000,0.0
1625179303000,0.0
1625179333000,0.0
1625179363000,0.0
1625179393000,0.0
1625179423000,0.0
1625179453000,0.0
1625179483000,0.0
1625179513000,0.0
1625179543000,0.0
1625179573000,0.0
1625179603000,0.0
1625179633000,0.0
1625179663000,0.0
1625179693000,0.0
1625179723000,0.0
1625179753000,0.0
1625179783000,0.0
1625179813000,0.0
1625179843000,0.0
1625179873000,0.0
1625179903000,0.0
1625179933000,0.0
1625179963000,0.0
1625179993000,0.0
1625180023000,0.0
1625180053000,0.0
1625180083000,0.0
1625180113000,0.0
1625180143000,0.0
1625180173000,0.0
1625180203000,0.0
1625180233000,0.0
1625180263000,0.0
1625180293000,0.0
1625180323000,0.0
1625180353000,0.0
1625180383000,0.0
1625180413000,0.0
1625180443000,0.0
1625180473000,0.0
1625180503000,0.0
1625180533000,0.0
1625180563000,0.0
1625180593000,0.0
1625180623000,0.0
1625180653000,0.0
1625180683000,0.0
1625180713000,0.0
1625180743000,0.0
1625180773000,0.0
1625180803000,0.0
1625180833000,0.0
1625180863000,0.0
1625180893000,0.0
1625180923000,0.0
1625180953000,0.0
1625180983000,0.0
1625181013000,0.0
1625181043000,0.0
1625181073000,0.0
1625181103000,0.0
1625181133000,0.0
1625181163000,0.0
1625181193000,0.0
1625181223000,0.0
1625181253000,0.0
1625181283000,0.0
1625181313000,0.0
1625181343000,0.0
1625181373000,0.0
1625181403000,0.0
1625181433000,0.0
1625181463000,0.0
1625181493000,0.0
1625181523000,0.0
1625181553000,0.0
1625181583000,0.0
1625181613000,0.0
1625181643000,0.0
1625181673000,0.0
1625181703000,0.0
1625181733000,0.0
1625181763000,0.0
1625181793000,0.0
1625181823000,0.0
1625181853000,0.0
1625181883000,0.0
1625181913000,0.0
1625181943000,0.0
1625181973000,0.0
1625182003000,0.0
1625182033000,0.0
1625182063000,0.0
1625182093000,0.0
1625182123000,0.0
1625182153000,0.0
1625182183000,0.0
1625182213000,0.0
1625182243000,0.0
1625182273000,0.0
1625182303000,0.0
1625182333000,0.0
1625182363000,0.0
1625182393000,0.0
1625182423000,0.0
1625182453000,0.0
1625182483000,0.0
1625182513000,0.0
1625182543000,0.0
1625182573000,0.0
1625182603000,0.0
1625182633000,0.0
1625182663000,0.0
1625182693000,0.0
1625182723000,0.0
1625182753000,0.0
1625182783000,0.0
1625182813000,0.0
1625182843000,0.0
1625182873000,0.0
1625182903000,0.0
1625182933000,0.0
1625182963000,0.0
1625182993000,0.0
1625183023000,0.0
1625183053000,0.0
1625183083000,0.0
1625183113000,0.0
1625183143000,0.0
1625183173000,0.0
1625183203000,0.0
1625183233000,0.0
1625183263000,0.0
1625183293000,0.0
1625183323000,0.0
1625183353000,0.0
1625183383000,0.0
1625183413000,0.0
1625183443000,0.0
1625183473000,0.0
1625183503000,0.0
1625183533000,0.0
1625183563000,0.0
1625183593000,0.0
1625183623000,0.0
1625183653000,0.0
1625183683000,0.0
1625183713000,0.0
1625183743000,0.0
1625183773000,0.0
1625183803000,0.0
1625183833000,0.0
1625183863000,0.0
1625183893000,0.0
1625183923000,0.0
1625183953000,0.0
1625183983000,0.0
1625184013000,0.0
1625184043000,0.0
1625184073000,0.0
1625184103000,0.0
1625184133000,0.0
1625184163000,0.0
1625184193000,0.0
1625184223000,0.0
1625184253000,0.0
1625184283000,0.0
1625184313000,0.0
1625184343000,0.0
1625184373000,0.0
1625184403000,0.0
1625184433000,0.0
1625184463000,0.0
1625184493000,0.0
1625184523000,0.0
1625184553000,0.0
1625184583000,0.0
1625184613000,0.0
1625184643000,0.0
1625184673000,0.0
1625184703000,0.0
1625184733000,0.0
1625184763000,0.0
1625184793000,0.0
1625184823000,0.0
1625184853000,0.0
1625184883000,0.0
1625184913000,0.0
1625184943000,0.0
1625184973000,0.0
1625185003000,0.0
1625185033000,0.0
1625185063000,0.0
1625185093000,0.0
1625185123000,0.0
1625185153000,0.0
1625185183000,0.0
1625185213000,0.0
1625185243000,0.0
1625185273000,0.0
1625185303000,0.0
1625185333000,0.0
1625185363000,0.0
1625185393000,0.0
1625185423000,0.0
1625185453000,0.0
1625185483000,0.0
1625185513000,0.0
1625185543000,0.0
1625185573000,0.0
1625185603000,0.0
1625185633000,0.0
1625185663000,0.0
1625185693000,0.0
1625185723000,0.0
1625185753000,0.0
1625185783000,0.0
1625185813000,0.0
1625185843000,0.0
1625185873000,0.0
1625185903000,0.0
1625185933000,0.0
1625185963000,0.0
1625185993000,0.0
1625186023000,0.0
1625186053000,0.0
1625186083000,0.0
1625186113000,0.0
1625186143000,0.0
1625186173000,0.0
1625186203000,0.0
1625186233000,0.0
1625186263000,0.0
1625186293000,0.0
1625186323000,0.0
1625186353000,0.0
1625186383000,0.0
1625186413000,0.0
1625186443000,0.0
1625186473000,0.0
1625186503000,0.0
1625186533000,0.0
1625186563000,0.0
1625186593000,0.0
1625186623000,0.0
1625186653000,0.0
1625186683000,0.0
1625186713000,0.0
1625186743000,0.0
1625186773000,0.0
1625186803000,0.0
1625186833000,0.0
1625186863000,0.0
1625186893000,0.0
1625186923000,0.0
1625186953000,0.0
1625186983000,0.0
1625187013000,0.0
1625187043000,0.0
1625187073000,0.0
1625187103000,0.0
1625187133000,0.0
1625187163000,0.0
1625187193000,0.0
1625187223000,0.0
1625187253000,0.0
1625187283000,0.0
1625187313000,0.0
1625187343000,0.0
1625187373000,0.0
1625187403000,0.0
1625187433000,0.0
1625187463000,0.0
1625187493000,0.0
1625187523000,0.0
1625187553000,0.0
1625187583000,0.0
1625187613000,0.0
1625187643000,0.0
1625187673000,0.0
1625187703000,0.0
1625187733000,0.0
1625187763000,0.0
1625187793000,0.0
1625187823000,0.0
1625187853000,0.0
1625187883000,0.0
1625187913000,0.0
1625187943000,0.0
1625187973000,0.0
1625188003000,0.0
1625188033000,0.0
1625188063000,0.0
1625188093000,0.0
1625188123000,0.0
1625188153000,0.0
1625188183000,0.0
1625188213000,0.0
1625188243000,0.0
1625188273000,0.0
1625188303000,0.0
1625188333000,0.0
1625188363000,0.0
1625188393000,0.0
1625188423000,0.0
1625188453000,0.0
1625188483000,0.0
1625188513000,0.0
1625188543000,0.0
1625188573000,0.0
1625188603000,0.0
1625188633000,0.0
1625188663000,0.0
1625188693000,0.0
1625188723000,0.0
1625188753000,0.0
1625188783000,0.0
1625188813000,0.0
1625188843000,0.0
1625188873000,0.0
1625188903000,0.0
1625188933000,0.0
1625188963000,0.0
1625188993000,0.0
1625189023000,0.0
1625189053000,0.0
1625189083000,0.0
1625189113000,0.0
1625189143000,0.0
1625189173000,0.0
1625189203000,0.0
1625189233000,0.0
1625189263000,0.0
1625189293000,0.0
1625189323000,0.0
1625189353000,0.0
1625189383000,0.0
1625189413000,0.0
1625189443000,0.0
1625189473000,0.0
1625189503000,0.0
1625189533000,0.0
1625189563000,0.0
1625189593000,0.0
1625189623000,0.0
1625189653000,0.0
1625189683000,0.0
1625189713000,0.0
1625189743000,0.0
1625189773000,0.0
1625189803000,0.0
1625189833000,0.0
1625189863000,0.0
1625189893000,0.0
1625189923000,0.0
1625189953000,0.0
1625189983000,0.0
1625190013000,0.0
1625190043000,0.0
1625190073000,0.0
1625190103000,0.0
1625190133000,0.0
1625190163000,0.0
1625190193000,0.0
1625190223000,0.0
1625190253000,0.0
1625190283000,0.0
1625190313000,0.0
1625190343000,0.0
1625190373000,0.0
1625190403000,0.0
1625190433000,0.0
1625190463000,0.0
1625190493000,0.0
1625190523000,0.0
1625190553000,0.0
1625190583000,0.0
1625190613000,0.0
1625190643000,0.0
1625190673000,0.0
1625190703000,0.0
1625190733000,0.0
1625190763000,0.0
1625190793000,0.0
1625190823000,0.0
1625190853000,0.0
1625190883000,0.0
1625190913000,0.0
1625190943000,0.0
1625190973000,0.0
1625191003000,0.0
1625191033000,0.0
1625191063000,0.0
1625191093000,0.0
1625191123000,0.0
1625191153000,0.0
1625191183000,0.0
1625191213000,0.0
1625191243000,0.0
1625191273000,0.0
1625191303000,0.0
1625191333000,0.0
1625191363000,0.0
1625191393000,0.0
1625191423000,0.0
1625191453000,0.0
1625191483000,0.0
1625191513000,0.0
1625191543000,0.0
1625191573000,0.0
1625191603000,0.0
1625191633000,0.0
1625191663000,0.0
1625191693000,0.0
1625191723000,0.0
1625191753000,0.0
1625191783000,0.0
1625191813000,0.0
1625191843000,0.0
1625191873000,0.0
1625191903000,0.0
1625191933000,0.0
1625191963000,0.0
1625191993000,0.0
1625192023000,0.0
1625192053000,0.0
1625192083000,0.0
1625192113000,0.0
1625192143000,0.0
1625192173000,0.0
1625192203000,0.0
1625192233000,0.0
1625192263000,0.0
1625192293000,0.0
1625192323000,0.0
1625192353000,0.0
1625192383000,0.0
1625192413000,0.0
1625192443000,0.0
1625192473000,0.0
1625192503000,0.0
1625192533000,0.0
1625192563000,0.0
1625192593000,0.0
1625192623000,0.0
1625192653000,0.0
1625192683000,0.0
1625192713000,0.0
1625192743000,0.0
1625192773000,0.0
1625192803000,0.0
1625192833000,0.0
1625192863000,0.0
1625192893000,0.0
1625192923000,0.0
1625192953000,0.0
1625192983000,0.0
1625193013000,0.0
1625193043000,0.0
1625193073000,0.0
1625193103000,0.0
1625193133000,0.0
1625193163000,0.0
1625193193000,0.0
1625193223000,0.0
1625193253000,0.0
1625193283000,0.0
1625193313000,0.0
1625193343000,0.0
1625193373000,0.0
1625193403000,0.0
1625193433000,0.0
1625193463000,0.0
1625193493000,0.0
1625193523000,0.0
1625193553000,0.0
1625193583000,0.0
1625193613000,0.0
1625193643000,0.0
1625193673000,0.0
1625193703000,0.0
1625193733000,0.0
1625193763000,0.0
1625193793000,0.0
1625193823000,0.0
1625193853000,0.0
1625193883000,0.0
1625193913000,0.0
1625193943000,0.0
1625193973000,0.0
1625194003000,0.0
1625194033000,0.0
1625194063000,0.0
1625194093000,0.0
1625194123000,0.0
1625194153000,0.0
1625194183000,0.0
1625194213000,0.0
1625194243000,0.0
1625194273000,0.0
1625194303000,0.0
1625194333000,0.0
1625194363000,0.0
1625194393000,0.0
1625194423000,0.0
1625194453000,0.0
1625194483000,0.0
1625194513000,0.0
1625194543000,0.0
1625194573000,0.0
1625194603000,0.0
1625194633000,0.0
1625194663000,0.0
1625194693000,0.0
1625194723000,0.0
1625194753000,0.0
1625194783000,0.0
1625194813000,0.0
1625194843000,0.0
1625194873000,0.0
1625194903000,0.0
1625194933000,0.0
1625194963000,0.0
1625194993000,0.0
1625195023000,0.0
1625195053000,0.0
1625195083000,0.0
1625195113000,0.0
1625195143000,0.0
1625195173000,0.0
1625195203000,0.0
1625195233000,0.0
1625195263000,0.0
1625195293000,0.0
1625195323000,0.0
1625195353000,0.0
1625195383000,0.0
1625195413000,0.0
1625195443000,0.0
1625195473000,0.0
1625195503000,0.0
1625195533000,0.0
1625195563000,0.0
1625195593000,0.0
1625195623000,0.0
1625195653000,0.0
1625195683000,0.0
1625195713000,0.0
1625195743000,0.0
1625195773000,0.0
1625195803000,0.0
1625195833000,0.0
1625195863000,0.0
1625195893000,0.0
1625195923000,0.0
1625195953000,0.0
1625195983000,0.0
1625196013000,0.0
1625196043000,0.0
1625196073000,0.0
1625196103000,0.0
1625196133000,0.0
1625196163000,0.0
1625196193000,0.0
1625196223000,0.0
1625196253000,0.0
1625196283000,0.0
1625196313000,0.0
1625196343000,0.0
1625196373000,0.0
1625196403000,0.0
1625196433000,0.0
1625196463000,0.0
1625196493000,0.0
1625196523000,0.0
1625196553000,0.0
1625196583000,0.0
1625196613000,0.0
1625196643000,0.0
1625196673000,0.0
1625196703000,0.0
1625196733000,0.0
1625196763000,0.0
1625196793000,0.0
1625196823000,0.0
1625196853000,0.0
1625196883000,0.0
1625196913000,0.0
1625196943000,0.0
1625196973000,0.0
1625197003000,0.0
1625197033000,0.0
1625197063000,0.0
1625197093000,0.0
1625197123000,0.0
1625197153000,0.0
1625197183000,0.0
1625197213000,0.0
1625197243000,0.0
1625197273000,0.0
1625197303000,0.0
1625197333000,0.0
1625197363000,0.0
1625197393000,0.0
1625197423000,0.0
1625197453000,0.0
1625197483000,0.0
1625197513000,0.0
1625197543000,0.0
1625197573000,0.0
1625197603000,0.0
1625197633000,0.0
1625197663000,0.0
1625197693000,0.0
1625197723000,0.0
1625197753000,0.0
1625197783000,0.0
1625197813000,0.0
1625197843000,0.0
1625197873000,0.0
1625197903000,0.0
1625197933000,0.0
1625197963000,0.0
1625197993000,0.0
1625198023000,0.0
1625198053000,0.0
1625198083000,0.0
1625198113000,0.0
1625198143000,0.0
1625198173000,0.0
1625198203000,0.0
1625198233000,0.0
1625198263000,0.0
1625198293000,0.0
1625198323000,0.0
1625198353000,0.0
1625198383000,0.0
1625198413000,0.0
1625198443000,0.0
1625198473000,0.0
1625198503000,0.0
1625198533000,0.0
1625198563000,0.0
1625198593000,0.0
1625198623000,0.0
1625198653000,0.0
1625198683000,0.0
1625198713000,0.0
1625198743000,0.0
1625198773000,0.0
1625198803000,0.0
1625198833000,0.0
1625198863000,0.0
1625198893000,0.0
1625198923000,0.0
1625198953000,0.0
1625198983000,0.0
1625199013000,0.0
1625199043000,0.0
1625199073000,0.0
1625199103000,0.0
1625199133000,0.0
1625199163000,0.0
1625199193000,0.0
1625199223000,0.0
1625199253000,0.0
1625199283000,0.0
1625199313000,0.0
1625199343000,0.0
1625199373000,0.0
1625199403000,0.0
1625199433000,0.0
1625199463000,0.0
1625199493000,0.0
1625199523000,0.0
1625199553000,0.0
1625199583000,0.0
1625199613000,0.0
1625199643000,0.0
1625199673000,0.0
1625199703000,0.0
1625199733000,0.0
1625199763000,0.0
1625199793000,0.0
1625199823000,0.0
1625199853000,0.0
1625199883000,0.0
1625199913000,0.0
1625199943000,0.0
1625199973000,0.0
1625200003000,0.0
1625200033000,0.0
1625200063000,0.0
1625200093000,0.0
1625200123000,0.0
1625200153000,0.0
1625200183000,0.0
1625200213000,0.0
1625200243000,0.0
1625200273000,0.0
1625200303000,0.0
1625200333000,0.0
1625200363000,0.0
1625200393000,0.0
1625200423000,0.0
1625200453000,0.0
1625200483000,0.0
1625200513000,0.0
1625200543000,0.0
1625200573000,0.0
1625200603000,0.0
1625200633000,0.0
1625200663000,0.0
1625200693000,0.0
1625200723000,0.0
1625200753000,0.0
1625200783000,0.0
1625200813000,0.0
1625200843000,0.0
1625200873000,0.0
1625200903000,0.0
1625200933000,0.0
1625200963000,0.0
1625200993000,0.0
1625201023000,0.0
1625201053000,0.0
1625201083000,0.0
1625201113000,0.0
1625201143000,0.0
1625201173000,0.0
1625201203000,0.0
1625201233000,0.0
1625201263000,0.0
1625201293000,0.0
1625201323000,0.0
1625201353000,0.0
1625201383000,0.0
1625201413000,0.0
1625201443000,0.0
1625201473000,0.0
1625201503000,0.0
1625201533000,0.0
1625201563000,0.0
1625201593000,0.0
1625201623000,0.0
1625201653000,0.0
1625201683000,0.0
1625201713000,0.0
1625201743000,0.0
1625201773000,0.0
1625201803000,0.0
1625201833000,0.0
1625201863000,0.0
1625201893000,0.0
1625201923000,0.0
1625201953000,0.0
1625201983000,0.0
1625202013000,0.0
1625202043000,0.0
1625202073000,0.0
1625202103000,0.0
1625202133000,0.0
1625202163000,0.0
1625202193000,0.0
1625202223000,0.0
1625202253000,0.0
1625202283000,0.0
1625202313000,0.0
1625202343000,0.0
1625202373000,0.0
1625202403000,0.0
1625202433000,0.0
1625202463000,0.0
1625202493000,0.0
1625202523000,0.0
1625202553000,0.0
1625202583000,0.0
1625202613000,0.0
1625202643000,0.0
1625202673000,0.0
1625202703000,0.0
1625202733000,0.0
1625202763000,0.0
1625202793000,0.0
1625202823000,0.0
1625202853000,0.0
1625202883000,0.0
1625202913000,0.0
1625202943000,0.0
1625202973000,0.0
1625203003000,0.0
1625203033000,0.0
1625203063000,0.0
1625203093000,0.0
1625203123000,0.0
1625203153000,0.0
1625203183000,0.0
1625203213000,0.0
1625203243000,0.0
1625203273000,0.0
1625203303000,0.0
1625203333000,0.0
1625203363000,0.0
1625203393000,0.0
1625203423000,0.0
1625203453000,0.0
1625203483000,0.0
1625203513000,0.0
1625203543000,0.0
1625203573000,0.0
1625203603000,0.0
1625203633000,0.0
1625203663000,0.0
1625203693000,0.0
1625203723000,0.0
1625203753000,0.0
1625203783000,0.0
1625203813000,0.0
1625203843000,0.0
1625203873000,0.0
1625203903000,0.0
1625203933000,0.0
1625203963000,0.0
1625203993000,0.0
1625204023000,0.0
1625204053000,0.0
1625204083000,0.0
1625204113000,0.0
1625204143000,0.0
1625204173000,0.0
1625204203000,0.0
1625204233000,0.0
1625204263000,0.0
1625204293000,0.0
1625204323000,0.0
1625204353000,0.0
1625204383000,0.0
1625204413000,0.0
1625204443000,0.0
1625204473000,0.0
1625204503000,0.0
1625204533000,0.0
1625204563000,0.0
1625204593000,0.0
1625204623000,0.0
1625204653000,0.0
1625204683000,0.0
1625204713000,0.0
1625204743000,0.0
1625204773000,0.0
1625204803000,0.0
1625204833000,0.0
1625204863000,0.0
1625204893000,0.0
1625204923000,0.0
1625204953000,0.0
1625204983000,0.0
1625205013000,0.0
1625205043000,0.0
1625205073000,0.0
1625205103000,0.0
1625205133000,0.0
1625205163000,0.0
1625205193000,0.0
1625205223000,0.0
1625205253000,0.0
1625205283000,0.0
1625205313000,0.0
1625205343000,0.0
1625205373000,0.0
1625205403000,0.0
1625205433000,0.0
1625205463000,0.0
1625205493000,0.0
1625205523000,0.0
1625205553000,0.0
1625205583000,0.0
1625205613000,0.0
1625205643000,0.0
1625205673000,0.0
1625205703000,0.0
1625205733000,0.0
1625205763000,0.0
1625205793000,0.0
1625205823000,0.0
1625205853000,0.0
1625205883000,0.0
1625205913000,0.0
1625205943000,0.0
1625205973000,0.0
1625206003000,0.0
1625206033000,0.0
1625206063000,0.0
1625206093000,0.0
1625206123000,0.0
1625206153000,0.0
1625206183000,0.0
1625206213000,0.0
1625206243000,0.0
1625206273000,0.0
1625206303000,0.0
1625206333000,0.0
1625206363000,0.0
1625206393000,0.0
1625206423000,0.0
1625206453000,0.0
1625206483000,0.0
1625206513000,0.0
1625206543000,0.0
1625206573000,0.0
1625206603000,0.0
1625206633000,0.0
1625206663000,0.0
1625206693000,0.0
1625206723000,0.0
1625206753000,0.0
1625206783000,0.0
1625206813000,0.0
1625206843000,0.0
1625206873000,0.0
1625206903000,0.0
1625206933000,0.0
1625206963000,0.0
1625206993000,0.0
1625207023000,0.0
1625207053000,0.0
1625207083000,0.0
1625207113000,0.0
1625207143000,0.0
1625207173000,0.0
1625207203000,0.0
1625207233000,0.0
1625207263000,0.0
1625207293000,0.0
1625207323000,0.0
1625207353000,0.0
1625207383000,0.0
1625207413000,0.0
1625207443000,0.0
1625207473000,0.0
1625207503000,0.0
1625207533000,0.0
1625207563000,0.0
1625207593000,0.0
1625207623000,0.0
1625207653000,0.0
1625207683000,0.0
1625207713000,0.0
1625207743000,0.0
1625207773000,0.0
1625207803000,0.0
1625207833000,0.0
1625207863000,0.0
1625207893000,0.0
1625207923000,0.0
1625207953000,0.0
1625207983000,0.0
1625208013000,0.0
1625208043000,0.0
1625208073000,0.0
1625208103000,0.0
1625208133000,0.0
1625208163000,0.0
1625208193000,0.0
1625208223000,0.0
1625208253000,0.0
1625208283000,0.0
1625208313000,0.0
1625208343000,0.0
1625208373000,0.0
1625208403000,0.0
1625208433000,0.0
1625208463000,0.0
1625208493000,0.0
1625208523000,0.0
1625208553000,0.0
1625208583000,0.0
1625208613000,0.0
1625208643000,0.0
1625208673000,0.0
1625208703000,0.0
1625208733000,0.0
1625208763000,0.0
1625208793000,0.0
1625208823000,0.0
1625208853000,0.0
1625208883000,0.0
1625208913000,0.0
1625208943000,0.0
1625208973000,0.0
1625209003000,0.0
1625209033000,0.0
1625209063000,0.0
1625209093000,0.0
1625209123000,0.0
1625209153000,0.0
1625209183000,0.0
1625209213000,0.0
1625209243000,0.0
1625209273000,0.0
1625209303000,0.0
1625209333000,0.0
1625209363000,0.0
1625209393000,0.0
1625209423000,0.0
1625209453000,0.0
1625209483000,0.0
1625209513000,0.0
1625209543000,0.0
1625209573000,0.0
1625209603000,0.0
1625209633000,0.0
1625209663000,0.0
1625209693000,0.0
1625209723000,0.0
1625209753000,0.0
1625209783000,0.0
1625209813000,0.0
1625209843000,0.0
1625209873000,0.0
1625209903000,0.0
1625209933000,0.0
1625209963000,0.0
1625209993000,0.0
1625210023000,0.0
1625210053000,0.0
1625210083000,0.0
1625210113000,0.0
1625210143000,0.0
1625210173000,0.0
1625210203000,0.0
1625210233000,0.0
1625210263000,0.0
1625210293000,0.0
1625210323000,0.0
1625210353000,0.0
1625210383000,0.0
1625210413000,0.0
1625210443000,0.0
1625210473000,0.0
1625210503000,0.0
1625210533000,0.0
1625210563000,0.0
1625210593000,0.0
1625210623000,0.0
1625210653000,0.0
1625210683000,0.0
1625210713000,0.0
1625210743000,0.0
1625210773000,0.0
1625210803000,0.0
1625210833000,0.0
1625210863000,0.0
1625210893000,0.0
1625210923000,0.0
1625210953000,0.0
1625210983000,0.0
1625211013000,0.0
1625211043000,0.0
1625211073000,0.0
1625211103000,0.0
1625211133000,0.0
1625211163000,0.0
1625211193000,0.0
1625211223000,0.0
1625211253000,0.0
1625211283000,0.0
1625211313000,0.0
1625211343000,0.0
1625211373000,0.0
1625211403000,0.0
1625211433000,0.0
1625211463000,0.0
1625211493000,0.0
1625211523000,0.0
1625211553000,0.0
1625211583000,0.0
1625211613000,0.0
1625211643000,0.0
1625211673000,0.0
1625211703000,0.0
1625211733000,0.0
1625211763000,0.0
1625211793000,0.0
1625211823000,0.0
1625211853000,0.0
1625211883000,0.0
1625211913000,0.0
1625211943000,0.0
1625211973000,0.0
1625212003000,0.0
1625212033000,0.0
1625212063000,0.0
1625212093000,0.0
1625212123000,0.0
1625212153000,0.0
1625212183000,0.0
1625212213000,0.0
1625212243000,0.0
1625212273000,0.0
1625212303000,0.0
1625212333000,0.0
1625212363000,0.0
1625212393000,0.0
1625212423000,0.0
1625212453000,0.0
1625212483000,0.0
1625212513000,0.0
1625212543000,0.0
1625212573000,0.0
1625212603000,0.0
1625212633000,0.0
1625212663000,0.0
1625212693000,0.0
1625212723000,0.0
1625212753000,0.0
1625212783000,0.0
1625212813000,0.0
1625212843000,0.0
1625212873000,0.0
1625212903000,0.0
1625212933000,0.0
1625212963000,0.0
1625212993000,0.0
1625213023000,0.0
1625213053000,0.0
1625213083000,0.0
1625213113000,0.0
1625213143000,0.0
1625213173000,0.0
1625213203000,0.0
1625213233000,0.0
1625213263000,0.0
1625213293000,0.0
1625213323000,0.0
1625213353000,0.0
1625213383000,0.0
1625213413000,0.0
1625213443000,0.0
1625213473000,0.0
1625213503000,0.0
1625213533000,0.0
1625213563000,0.0
1625213593000,0.0
1625213623000,0.0
1625213653000,0.0
1625213683000,0.0
1625213713000,0.0
1625213743000,0.0
1625213773000,0.0
1625213803000,0.0
1625213833000,0.0
1625213863000,0.0
1625213893000,0.0
1625213923000,0.0
1625213953000,0.0
1625213983000,0.0
1625214013000,0.0
1625214043000,0.0
1625214073000,0.0
1625214103000,0.0
1625214133000,0.0
1625214163000,0.0
1625214193000,0.0
1625214223000,0.0
1625214253000,0.0
1625214283000,0.0
1625214313000,0.0
1625214343000,0.0
1625214373000,0.0
1625214403000,0.0
1625214433000,0.0
1625214463000,0.0
1625214493000,0.0
1625214523000,0.0
1625214553000,0.0
1625214583000,0.0
1625214613000,0.0
1625214643000,0.0
1625214673000,0.0
1625214703000,0.0
1625214733000,0.0
1625214763000,0.0
1625214793000,0.0
1625214823000,0.0
1625214853000,0.0
1625214883000,0.0
1625214913000,0.0
1625214943000,0.0
1625214973000,0.0
1625215003000,0.0
1625215033000,0.0
1625215063000,0.0
1625215093000,0.0
1625215123000,0.0
1625215153000,0.0
1625215183000,0.0
1625215213000,0.0
1625215243000,0.0
1625215273000,0.0
1625215303000,0.0
1625215333000,0.0
1625215363000,0.0
1625215393000,0.0
1625215423000,0.0
1625215453000,0.0
1625215483000,0.0
1625215513000,0.0
1625215543000,0.0
1625215573000,0.0
1625215603000,0.0
1625215633000,0.0
1625215663000,0.0
1625215693000,0.0
1625215723000,0.0
1625215753000,0.0
1625215783000,0.0
1625215813000,0.0
1625215843000,0.0
1625215873000,0.0
1625215903000,0.0
1625215933000,0.0
1625215963000,0.0
1625215993000,0.0
1625216023000,0.0
1625216053000,0.0
1625216083000,0.0
1625216113000,0.0
1625216143000,0.0
1625216173000,0.0
1625216203000,0.0
1625216233000,0.0
1625216263000,0.0
1625216293000,0.0
1625216323000,0.0
1625216353000,0.0
1625216383000,0.0
1625216413000,0.0
1625216443000,0.0
1625216473000,0.0
1625216503000,0.0
1625216533000,0.0
1625216563000,0.0
1625216593000,0.0
1625216623000,0.0
1625216653000,0.0
1625216683000,0.0
1625216713000,0.0
1625216743000,0.0
1625216773000,0.0
1625216803000,0.0
1625216833000,0.0
1625216863000,0.0
1625216893000,0.0
1625216923000,0.0
1625216953000,0.0
1625216983000,0.0
1625217013000,0.0
1625217043000,0.0
1625217073000,0.0
1625217103000,0.0
1625217133000,0.0
1625217163000,0.0
1625217193000,0.0
1625217223000,0.0
1625217253000,0.0
1625217283000,0.0
1625217313000,0.0
1625217343000,0.0
1625217373000,0.0
1625217403000,0.0
1625217433000,0.0
1625217463000,0.0
1625217493000,0.0
1625217523000,0.0
1625217553000,0.0
1625217583000,0.0
1625217613000,0.0
1625217643000,0.0
1625217673000,0.0
1625217703000,0.0
1625217733000,0.0
1625217763000,0.0
1625217793000,0.0
1625217823000,0.0
1625217853000,0.0
1625217883000,0.0
1625217913000,0.0
1625217943000,0.0
1625217973000,0.0
1625218003000,0.0
1625218033000,0.0
1625218063000,0.0
1625218093000,0.0
1625218123000,0.0
1625218153000,0.0
1625218183000,0.0
1625218213000,0.0
1625218243000,0.0
1625218273000,0.0
1625218303000,0.0
1625218333000,0.0
1625218363000,0.0
1625218393000,0.0
1625218423000,0.0
1625218453000,0.0
1625218483000,0.0
1625218513000,0.0
1625218543000,0.0
1625218573000,0.0
1625218603000,0.0
1625218633000,0.0
1625218663000,0.0
1625218693000,0.0
1625218723000,0.0
1625218753000,0.0
1625218783000,0.0
1625218813000,0.0
1625218843000,0.0
1625218873000,0.0
1625218903000,0.0
1625218933000,0.0
1625218963000,0.0
1625218993000,0.0
1625219023000,0.0
1625219053000,0.0
1625219083000,0.0
1625219113000,0.0
1625219143000,0.0
1625219173000,0.0
1625219203000,0.0
1625219233000,0.0
1625219263000,0.0
1625219293000,0.0
1625219323000,0.0
1625219353000,0.0
1625219383000,0.0
1625219413000,0.0
1625219443000,0.0
1625219473000,0.0
1625219503000,0.0
1625219533000,0.0
1625219563000,0.0
1625219593000,0.0
1625219623000,0.0
1625219653000,0.0
1625219683000,0.0
1625219713000,0.0
1625219743000,0.0
1625219773000,0.0
1625219803000,0.0
1625219833000,0.0
1625219863000,0.0
1625219893000,0.0
1625219923000,0.0
1625219953000,0.0
1625219983000,0.0
1625220013000,0.0
1625220043000,0.0
1625220073000,0.0
1625220103000,0.0
1625220133000,0.0
1625220163000,0.0
1625220193000,0.0
1625220223000,0.0
1625220253000,0.0
1625220283000,0.0
1625220313000,0.0
1625220343000,0.0
1625220373000,0.0
1625220403000,0.0
1625220433000,0.0
1625220463000,0.0
1625220493000,0.0
1625220523000,0.0
1625220553000,0.0
1625220583000,0.0
1625220613000,0.0
1625220643000,0.0
1625220673000,0.0
1625220703000,0.0
1625220733000,0.0
1625220763000,0.0
1625220793000,0.0
1625220823000,0.0
1625220853000,0.0
1625220883000,0.0
1625220913000,0.0
1625220943000,0.0
1625220973000,0.0
1625221003000,0.0
1625221033000,0.0
1625221063000,0.0
1625221093000,0.0
1625221123000,0.0
1625221153000,0.0
1625221183000,0.0
1625221213000,0.0
1625221243000,0.0
1625221273000,0.0
1625221303000,0.0
1625221333000,0.0
1625221363000,0.0
1625221393000,0.0
1625221423000,0.0
1625221453000,0.0
1625221483000,0.0
1625221513000,0.0
1625221543000,0.0
1625221573000,0.0
1625221603000,0.0
1625221633000,0.0
1625221663000,0.0
1625221693000,0.0
1625221723000,0.0
1625221753000,0.0
1625221783000,0.0
1625221813000,0.0
1625221843000,0.0
1625221873000,0.0
1625221903000,0.0
1625221933000,0.0
1625221963000,0.0
1625221993000,0.0
1625222023000,0.0
1625222053000,0.0
1625222083000,0.0
1625222113000,0.0
1625222143000,0.0
1625222173000,0.0
1625222203000,0.0
1625222233000,0.0
1625222263000,0.0
1625222293000,0.0
1625222323000,0.0
1625222353000,0.0
1625222383000,0.0
1625222413000,0.0
1625222443000,0.0
1625222473000,0.0
1625222503000,0.0
1625222533000,0.0
1625222563000,0.0
1625222593000,0.0
1625222623000,0.0
1625222653000,0.0
1625222683000,0.0
1625222713000,0.0
1625222743000,0.0
1625222773000,0.0
1625222803000,0.0
1625222833000,0.0
1625222863000,0.0
1625222893000,0.0
1625222923000,0.0
1625222953000,0.0
1625222983000,0.0
1625223013000,0.0
1625223043000,0.0
1625223073000,0.0
1625223103000,0.0
1625223133000,0.0
1625223163000,0.0
1625223193000,0.0
1625223223000,0.0
1625223253000,0.0
1625223283000,0.0
1625223313000,0.0
1625223343000,0.0
1625223373000,0.0
1625223403000,0.0
1625223433000,0.0
1625223463000,0.0
1625223493000,0.0
1625223523000,0.0
1625223553000,0.0
1625223583000,0.0
1625223613000,0.0
1625223643000,0.0
1625223673000,0.0
1625223703000,0.0
1625223733000,0.0
1625223763000,0.0
1625223793000,0.0
1625223823000,0.0
1625223853000,0.0
1625223883000,0.0
1625223913000,0.0
1625223943000,0.0
1625223973000,0.0
1625224003000,0.0
1625224033000,0.0
1625224063000,0.0
1625224093000,0.0
1625224123000,0.0
1625224153000,0.0
1625224183000,0.0
1625224213000,0.0
1625224243000,0.0
1625224273000,0.0
1625224303000,0.0
1625224333000,0.0
1625224363000,0.0
1625224393000,0.0
1625224423000,0.0
1625224453000,0.0
1625224483000,0.0
1625224513000,0.0
1625224543000,0.0
1625224573000,0.0
1625224603000,0.0
1625224633000,0.0
1625224663000,0.0
1625224693000,0.0
1625224723000,0.0
1625224753000,0.0
1625224783000,0.0
1625224813000,0.0
1625224843000,0.0
1625224873000,0.0
1625224903000,0.0
1625224933000,0.0
1625224963000,0.0
1625224993000,0.0
1625225023000,0.0
1625225053000,0.0
1625225083000,0.0
1625225113000,0.0
1625225143000,0.0
1625225173000,0.0
1625225203000,0.0
1625225233000,0.0
1625225263000,0.0
1625225293000,0.0
1625225323000,0.0
1625225353000,0.0
1625225383000,0.0
1625225413000,0.0
1625225443000,0.0
1625225473000,0.0
1625225503000,0.0
1625225533000,0.0
1625225563000,0.0
1625225593000,0.0
1625225623000,0.0
1625225653000,0.0
1625225683000,0.0
1625225713000,0.0
1625225743000,0.0
1625225773000,0.0
1625225803000,0.0
1625225833000,0.0
1625225863000,0.0
1625225893000,0.0
1625225923000,0.0
1625225953000,0.0
1625225983000,0.0
1625226013000,0.0
1625226043000,0.0
1625226073000,0.0
1625226103000,0.0
1625226133000,0.0
1625226163000,0.0
1625226193000,0.0
1625226223000,0.0
1625226253000,0.0
1625226283000,0.0
1625226313000,0.0
1625226343000,0.0
1625226373000,0.0
1625226403000,0.0
1625226433000,0.0
1625226463000,0.0
1625226493000,0.0
1625226523000,0.0
1625226553000,0.0
1625226583000,0.0
1625226613000,0.0
1625226643000,0.0
1625226673000,0.0
1625226703000,0.0
1625226733000,0.0
1625226763000,0.0
1625226793000,0.0
1625226823000,0.0
1625226853000,0.0
1625226883000,0.0
1625226913000,0.0
1625226943000,0.0
1625226973000,0.0
1625227003000,0.0
1625227033000,0.0
1625227063000,0.0
1625227093000,0.0
1625227123000,0.0
1625227153000,0.0
1625227183000,0.0
1625227213000,0.0
1625227243000,0.0
1625227273000,0.0
1625227303000,0.0
1625227333000,0.0
1625227363000,0.0
1625227393000,0.0
1625227423000,0.0
1625227453000,0.0
1625227483000,0.0
1625227513000,0.0
1625227543000,0.0
1625227573000,0.0
1625227603000,0.0
1625227633000,0.0
1625227663000,0.0
1625227693000,0.0
1625227723000,0.0
1625227753000,0.0
1625227783000,0.0
1625227813000,0.0
1625227843000,0.0
1625227873000,0.0
1625227903000,0.0
1625227933000,0.0
1625227963000,0.0
1625227993000,0.0
1625228023000,0.0
1625228053000,0.0
1625228083000,0.0
1625228113000,0.0
1625228143000,0.0
1625228173000,0.0
1625228203000,0.0
1625228233000,0.0
1625228263000,0.0
1625228293000,0.0
1625228323000,0.0
1625228353000,0.0
1625228383000,0.0
1625228413000,0.0
1625228443000,0.0
1625228473000,0.0
1625228503000,0.0
1625228533000,0.0
1625228563000,0.0
1625228593000,0.0
1625228623000,0.0
1625228653000,0.0
1625228683000,0.0
1625228713000,0.0
1625228743000,0.0
1625228773000,0.0
1625228803000,0.0
1625228833000,0.0
1625228863000,0.0
1625228893000,0.0
1625228923000,0.0
1625228953000,0.0
1625228983000,0.0
1625229013000,0.0
1625229043000,0.0
1625229073000,0.0
1625229103000,0.0
1625229133000,0.0
1625229163000,0.0
1625229193000,0.0
1625229223000,0.0
1625229253000,0.0
1625229283000,0.0
1625229313000,0.0
1625229343000,0.0
1625229373000,0.0
1625229403000,0.0
1625229433000,0.0
1625229463000,0.0
1625229493000,0.0
1625229523000,0.0
1625229553000,0.0
1625229583000,0.0
1625229613000,0.0
1625229643000,0.0
1625229673000,0.0
1625229703000,0.0
1625229733000,0.0
1625229763000,0.0
1625229793000,0.0
1625229823000,0.0
1625229853000,0.0
1625229883000,0.0
1625229913000,0.0
1625229943000,0.0
1625229973000,0.0
1625230003000,0.0
1625230033000,0.0
1625230063000,0.0
1625230093000,0.0
1625230123000,0.0
1625230153000,0.0
1625230183000,0.0
1625230213000,0.0
1625230243000,0.0
1625230273000,0.0
1625230303000,0.0
1625230333000,0.0
1625230363000,0.0
1625230393000,0.0
1625230423000,0.0
1625230453000,0.0
1625230483000,0.0
1625230513000,0.0
1625230543000,0.0
1625230573000,0.0
1625230603000,0.0
1625230633000,0.0
1625230663000,0.0
1625230693000,0.0
1625230723000,0.0
1625230753000,0.0
1625230783000,0.0
1625230813000,0.0
1625230843000,0.0
1625230873000,0.0
1625230903000,0.0
1625230933000,0.0
1625230963000,0.0
1625230993000,0.0
1625231023000,0.0
1625231053000,0.0
1625231083000,0.0
1625231113000,0.0
1625231143000,0.0
1625231173000,0.0
1625231203000,0.0
1625231233000,0.0
1625231263000,0.0
1625231293000,0.0
1625231323000,0.0
1625231353000,0.0
1625231383000,0.0
1625231413000,0.0
1625231443000,0.0
1625231473000,0.0
1625231503000,0.0
1625231533000,0.0
1625231563000,0.0
1625231593000,0.0
1625231623000,0.0
1625231653000,0.0
1625231683000,0.0
1625231713000,0.0
1625231743000,0.0
1625231773000,0.0
1625231803000,0.0
1625231833000,0.0
1625231863000,0.0
1625231893000,0.0
1625231923000,0.0
1625231953000,0.0
1625231983000,0.0
1625232013000,0.0
1625232043000,0.0
1625232073000,0.0
1625232103000,0.0
1625232133000,0.0
1625232163000,0.0
1625232193000,0.0
1625232223000,0.0
1625232253000,0.0
1625232283000,0.0
1625232313000,0.0
1625232343000,0.0
1625232373000,0.0
1625232403000,0.0
1625232433000,0.0
1625232463000,0.0
1625232493000,0.0
1625232523000,0.0
1625232553000,0.0
1625232583000,0.0
1625232613000,0.0
1625232643000,0.0
1625232673000,0.0
1625232703000,0.0
1625232733000,0.0
1625232763000,0.0
1625232793000,0.0
1625232823000,0.0
1625232853000,0.0
1625232883000,0.0
1625232913000,0.0
1625232943000,0.0
1625232973000,0.0
1625233003000,0.0
1625233033000,0.0
1625233063000,0.0
1625233093000,0.0
1625233123000,0.0
1625233153000,0.0
1625233183000,0.0
1625233213000,0.0
1625233243000,0.0
1625233273000,0.0
1625233303000,0.0
1625233333000,0.0
1625233363000,0.0
1625233393000,0.0
1625233423000,0.0
1625233453000,0.0
1625233483000,0.0
1625233513000,0.0
1625233543000,0.0
1625233573000,0.0
1625233603000,0.0
1625233633000,0.0
1625233663000,0.0
1625233693000,0.0
1625233723000,0.0
1625233753000,0.0
1625233783000,0.0
1625233813000,0.0
1625233843000,0.0
1625233873000,0.0
1625233903000,0.0
1625233933000,0.0
1625233963000,0.0
1625233993000,0.0
1625234023000,0.0
1625234053000,0.0
1625234083000,0.0
1625234113000,0.0
1625234143000,0.0
1625234173000,0.0
1625234203000,0.0
1625234233000,0.0
1625234263000,0.0
1625234293000,0.0
1625234323000,0.0
1625234353000,0.0
1625234383000,0.0
1625234413000,0.0
1625234443000,0.0
1625234473000,0.0
1625234503000,0.0
1625234533000,0.0
1625234563000,0.0
1625234593000,0.0
1625234623000,0.0
1625234653000,0.0
1625234683000,0.0
1625234713000,0.0
1625234743000,0.0
1625234773000,0.0
1625234803000,0.0
1625234833000,0.0
1625234863000,0.0
1625234893000,0.0
1625234923000,0.0
1625234953000,0.0
1625234983000,0.0
1625235013000,0.0
1625235043000,0.0
1625235073000,0.0
1625235103000,0.0
1625235133000,0.0
1625235163000,0.0
1625235193000,0.0
1625235223000,0.0
1625235253000,0.0
1625235283000,0.0
1625235313000,0.0
1625235343000,0.0
1625235373000,0.0
1625235403000,0.0
1625235433000,0.0
1625235463000,0.0
1625235493000,0.0
1625235523000,0.0
1625235553000,0.0
1625235583000,0.0
1625235613000,0.0
1625235643000,0.0
1625235673000,0.0
1625235703000,0.0
1625235733000,0.0
1625235763000,0.0
1625235793000,0.0
1625235823000,0.0
1625235853000,0.0
1625235883000,0.0
1625235913000,0.0
1625235943000,0.0
1625235973000,0.0
1625236003000,0.0
1625236033000,0.0
1625236063000,0.0
1625236093000,0.0
1625236123000,0.0
1625236153000,0.0
1625236183000,0.0
1625236213000,0.0
1625236243000,0.0
1625236273000,0.0
1625236303000,0.0
1625236333000,0.0
1625236363000,0.0
1625236393000,0.0
1625236423000,0.0
1625236453000,0.0
1625236483000,0.0
1625236513000,0.0
1625236543000,0.0
1625236573000,0.0
1625236603000,0.0
1625236633000,0.0
1625236663000,0.0
1625236693000,0.0
1625236723000,0.0
1625236753000,0.0
1625236783000,0.0
1625236813000,0.0
1625236843000,0.0
1625236873000,0.0
1625236903000,0.0
1625236933000,0.0
1625236963000,0.0
1625236993000,0.0
1625237023000,0.0
1625237053000,0.0
1625237083000,0.0
1625237113000,0.0
1625237143000,0.0
1625237173000,0.0
1625237203000,0.0
1625237233000,0.0
1625237263000,0.0
1625237293000,0.0
1625237323000,0.0
1625237353000,0.0
1625237383000,0.0
1625237413000,0.0
1625237443000,0.0
1625237473000,0.0
1625237503000,0.0
1625237533000,0.0
1625237563000,0.0
1625237593000,0.0
1625237623000,0.0
1625237653000,0.0
1625237683000,0.0
1625237713000,0.0
1625237743000,0.0
1625237773000,0.0
1625237803000,0.0
1625237833000,0.0
1625237863000,0.0
1625237893000,0.0
1625237923000,0.0
1625237953000,0.0
1625237983000,0.0
1625238013000,0.0
1625238043000,0.0
1625238073000,0.0
1625238103000,0.0
1625238133000,0.0
1625238163000,0.0
1625238193000,0.0
1625238223000,0.0
1625238253000,0.0
1625238283000,0.0
1625238313000,0.0
1625238343000,0.0
1625238373000,0.0
1625238403000,0.0
1625238433000,0.0
1625238463000,0.0
1625238493000,0.0
1625238523000,0.0
1625238553000,0.0
1625238583000,0.0
1625238613000,0.0
1625238643000,0.0
1625238673000,0.0
1625238703000,0.0
1625238733000,0.0
1625238763000,0.0
1625238793000,0.0
1625238823000,0.0
1625238853000,0.0
1625238883000,0.0
1625238913000,0.0
1625238943000,0.0
1625238973000,0.0
1625239003000,0.0
1625239033000,0.0
1625239063000,0.0
1625239093000,0.0
1625239123000,0.0
1625239153000,0.0
1625239183000,0.0
1625239213000,0.0
1625239243000,0.0
1625239273000,0.0
1625239303000,0.0
1625239333000,0.0
1625239363000,0.0
1625239393000,0.0
1625239423000,0.0
1625239453000,0.0
1625239483000,0.0
1625239513000,0.0
1625239543000,0.0
1625239573000,0.0
1625239603000,0.0
1625239633000,0.0
1625239663000,0.0
1625239693000,0.0
1625239723000,0.0
1625239753000,0.0
1625239783000,0.0
1625239813000,0.0
1625239843000,0.0
1625239873000,0.0
1625239903000,0.0
1625239933000,0.0
1625239963000,0.0
1625239993000,0.0
1625240023000,0.0
1625240053000,0.0
1625240083000,0.0
1625240113000,0.0
1625240143000,0.0
1625240173000,0.0
1625240203000,0.0
1625240233000,0.0
1625240263000,0.0
1625240293000,0.0
1625240323000,0.0
1625240353000,0.0
1625240383000,0.0
1625240413000,0.0
1625240443000,0.0
1625240473000,0.0
1625240503000,0.0
1625240533000,0.0
1625240563000,0.0
1625240593000,0.0
1625240623000,0.0
1625240653000,0.0
1625240683000,0.0
1625240713000,0.0
1625240743000,0.0
1625240773000,0.0
1625240803000,0.0
1625240833000,0.0
1625240863000,0.0
1625240893000,0.0
1625240923000,0.0
1625240953000,0.0
1625240983000,0.0
1625241013000,0.0
1625241043000,0.0
1625241073000,0.0
1625241103000,0.0
1625241133000,0.0
1625241163000,0.0
1625241193000,0.0
1625241223000,0.0
1625241253000,0.0
1625241283000,0.0
1625241313000,0.0
1625241343000,0.0
1625241373000,0.0
1625241403000,0.0
1625241433000,0.0
1625241463000,0.0
1625241493000,0.0
1625241523000,0.0
1625241553000,0.0
1625241583000,0.0
1625241613000,0.0
1625241643000,0.0
1625241673000,0.0
1625241703000,0.0
1625241733000,0.0
1625241763000,0.0
1625241793000,0.0
1625241823000,0.0
1625241853000,0.0
1625241883000,0.0
1625241913000,0.0
1625241943000,0.0
1625241973000,0.0
1625242003000,0.0
1625242033000,0.0
1625242063000,0.0
1625242093000,0.0
1625242123000,0.0
1625242153000,0.0
1625242183000,0.0
1625242213000,0.0
1625242243000,0.0
1625242273000,0.0
1625242303000,0.0
1625242333000,0.0
1625242363000,0.0
1625242393000,0.0
1625242423000,0.0
1625242453000,0.0
1625242483000,0.0
1625242513000,0.0
1625242543000,0.0
1625242573000,0.0
1625242603000,0.0
1625242633000,0.0
1625242663000,0.0
1625242693000,0.0
1625242723000,0.0
1625242753000,0.0
1625242783000,0.0
1625242813000,0.0
1625242843000,0.0
1625242873000,0.0
1625242903000,0.0
1625242933000,0.0
1625242963000,0.0
1625242993000,0.0
1625243023000,0.0
1625243053000,0.0
1625243083000,0.0
1625243113000,0.0
1625243143000,0.0
1625243173000,0.0
1625243203000,0.0
1625243233000,0.0
1625243263000,0.0
1625243293000,0.0
1625243323000,0.0
1625243353000,0.0
1625243383000,0.0
1625243413000,0.0
1625243443000,0.0
1625243473000,0.0
1625243503000,0.0
1625243533000,0.0
1625243563000,0.0
1625243593000,0.0
1625243623000,0.0
1625243653000,0.0
1625243683000,0.0
1625243713000,0.0
1625243743000,0.0
1625243773000,0.0
1625243803000,0.0
1625243833000,0.0
1625243863000,0.0
1625243893000,0.0
1625243923000,0.0
1625243953000,0.0
1625243983000,0.0
1625244013000,0.0
1625244043000,0.0
1625244073000,0.0
1625244103000,0.0
1625244133000,0.0
1625244163000,0.0
1625244193000,0.0
1625244223000,0.0
1625244253000,0.0
1625244283000,0.0
1625244313000,0.0
1625244343000,0.0
1625244373000,0.0
1625244403000,0.0
1625244433000,0.0
1625244463000,0.0
1625244493000,0.0
1625244523000,0.0
1625244553000,0.0
1625244583000,0.0
1625244613000,0.0
1625244643000,0.0
1625244673000,0.0
1625244703000,0.0
1625244733000,0.0
1625244763000,0.0
1625244793000,0.0
1625244823000,0.0
1625244853000,0.0
1625244883000,0.0
1625244913000,0.0
1625244943000,0.0
1625244973000,0.0
1625245003000,0.0
1625245033000,0.0
1625245063000,0.0
1625245093000,0.0
1625245123000,0.0
1625245153000,0.0
1625245183000,0.0
1625245213000,0.0
1625245243000,0.0
1625245273000,0.0
1625245303000,0.0
1625245333000,0.0
1625245363000,0.0
1625245393000,0.0
1625245423000,0.0
1625245453000,0.0
1625245483000,0.0
1625245513000,0.0
1625245543000,0.0
1625245573000,0.0
1625245603000,0.0
1625245633000,0.0
1625245663000,0.0
1625245693000,0.0
1625245723000,0.0
1625245753000,0.0
1625245783000,0.0
1625245813000,0.0
1625245843000,0.0
1625245873000,0.0
1625245903000,0.0
1625245933000,0.0
1625245963000,0.0
1625245993000,0.0
1625246023000,0.0
1625246053000,0.0
1625246083000,0.0
1625246113000,0.0
1625246143000,0.0
1625246173000,0.0
1625246203000,0.0
1625246233000,0.0
1625246263000,0.0
1625246293000,0.0
1625246323000,0.0
1625246353000,0.0
1625246383000,0.0
1625246413000,0.0
1625246443000,0.0
1625246473000,0.0
1625246503000,0.0
1625246533000,0.0
1625246563000,0.0
1625246593000,0.0
1625246623000,0.0
1625246653000,0.0
1625246683000,0.0
1625246713000,0.0
1625246743000,0.0
1625246773000,0.0
1625246803000,0.0
1625246833000,0.0
1625246863000,0.0
1625246893000,0.0
1625246923000,0.0
1625246953000,0.0
1625246983000,0.0
1625247013000,0.0
1625247043000,0.0
1625247073000,0.0
1625247103000,0.0
1625247133000,0.0
1625247163000,0.0
1625247193000,0.0
1625247223000,0.0
1625247253000,0.0
1625247283000,0.0
1625247313000,0.0
1625247343000,0.0
1625247373000,0.0
1625247403000,0.0
1625247433000,0.0
1625247463000,0.0
1625247493000,0.0
1625247523000,0.0
1625247553000,0.0
1625247583000,0.0
1625247613000,0.0
1625247643000,0.0
1625247673000,0.0
1625247703000,0.0
1625247733000,0.0
1625247763000,0.0
1625247793000,0.0
1625247823000,0.0
1625247853000,0.0
1625247883000,0.0
1625247913000,0.0
1625247943000,0.0
1625247973000,0.0
1625248003000,0.0
1625248033000,0.0
1625248063000,0.0
1625248093000,0.0
1625248123000,0.0
1625248153000,0.0
1625248183000,0.0
1625248213000,0.0
1625248243000,0.0
1625248273000,0.0
1625248303000,0.0
1625248333000,0.0
1625248363000,0.0
1625248393000,0.0
1625248423000,0.0
1625248453000,0.0
1625248483000,0.0
1625248513000,0.0
1625248543000,0.0
1625248573000,0.0
1625248603000,0.0
1625248633000,0.0
1625248663000,0.0
1625248693000,0.0
1625248723000,0.0
1625248753000,0.0
1625248783000,0.0
1625248813000,0.0
1625248843000,0.0
1625248873000,0.0
1625248903000,0.0
1625248933000,0.0
1625248963000,0.0
1625248993000,0.0
1625249023000,0.0
1625249053000,0.0
1625249083000,0.0
1625249113000,0.0
1625249143000,0.0
1625249173000,0.0
1625249203000,0.0
1625249233000,0.0
1625249263000,0.0
1625249293000,0.0
1625249323000,0.0
1625249353000,0.0
1625249383000,0.0
1625249413000,0.0
1625249443000,0.0
1625249473000,0.0
1625249503000,0.0
1625249533000,0.0
1625249563000,0.0
1625249593000,0.0
1625249623000,0.0
1625249653000,0.0
1625249683000,0.0
1625249713000,0.0
1625249743000,0.0
1625249773000,0.0
1625249803000,0.0
1625249833000,0.0
1625249863000,0.0
1625249893000,0.0
1625249923000,0.0
1625249953000,0.0
1625249983000,0.0
1625250013000,0.0
1625250043000,0.0
1625250073000,0.0
1625250103000,0.0
1625250133000,0.0
1625250163000,0.0
1625250193000,0.0
1625250223000,0.0
1625250253000,0.0
1625250283000,0.0
1625250313000,0.0
1625250343000,0.0
1625250373000,0.0
1625250403000,0.0
1625250433000,0.0
1625250463000,0.0
1625250493000,0.0
1625250523000,0.0
1625250553000,0.0
1625250583000,0.0
1625250613000,0.0
1625250643000,0.0
1625250673000,0.0
1625250703000,0.0
1625250733000,0.0
1625250763000,0.0
1625250793000,0.0
1625250823000,0.0
1625250853000,0.0
1625250883000,0.0
1625250913000,0.0
1625250943000,0.0
1625250973000,0.0
1625251003000,0.0
1625251033000,0.0
1625251063000,0.0
1625251093000,0.0
1625251123000,0.0
1625251153000,0.0
1625251183000,0.0
1625251213000,0.0
1625251243000,0.0
1625251273000,0.0
1625251303000,0.0
1625251333000,0.0
1625251363000,0.0
1625251393000,0.0
1625251423000,0.0
1625251453000,0.0
1625251483000,0.0
1625251513000,0.0
1625251543000,0.0
1625251573000,0.0
1625251603000,0.0
1625251633000,0.0
1625251663000,0.0
1625251693000,0.0
1625251723000,0.0
1625251753000,0.0
1625251783000,0.0
1625251813000,0.0
1625251843000,0.0
1625251873000,0.0
1625251903000,0.0
1625251933000,0.0
1625251963000,0.0
1625251993000,0.0
1625252023000,0.0
1625252053000,0.0
1625252083000,0.0
1625252113000,0.0
1625252143000,0.0
1625252173000,0.0
1625252203000,0.0
1625252233000,0.0
1625252263000,0.0
1625252293000,0.0
1625252323000,0.0
1625252353000,0.0
1625252383000,0.0
1625252413000,0.0
1625252443000,0.0
1625252473000,0.0
1625252503000,0.0
1625252533000,0.0
1625252563000,0.0
1625252593000,0.0
1625252623000,0.0
1625252653000,0.0
1625252683000,0.0
1625252713000,0.0
1625252743000,0.0
1625252773000,0.0
1625252803000,0.0
1625252833000,0.0
1625252863000,0.0
1625252893000,0.0
1625252923000,0.0
1625252953000,0.0
1625252983000,0.0
1625253013000,0.0
1625253043000,0.0
1625253073000,0.0
1625253103000,0.0
1625253133000,0.0
1625253163000,0.0
1625253193000,0.0
1625470175000,23463.0
1625470207000,23463.0
1625470237000,23463.0
1625470267000,23463.0
1625470297000,23463.0
1625470327000,23463.0
1625470357000,23463.0
1625470387000,23463.0
1625470417000,23463.0
1625470447000,23463.0
1625470477000,23463.0
1625470507000,23463.0
1625470537000,23463.0
1625470567000,23463.0
1625470597000,23463.0
1625470627000,23463.0
1625470657000,23463.0
1625470687000,23463.0
1625470717000,23463.0
1625470747000,23463.0
1625470777000,23463.0
1625470807000,23463.0
1625470837000,23463.0
1625470867000,23463.0
1625470897000,23463.0
1625470927000,23463.0
1625470957000,23463.0
1625470987000,23463.0
1625471017000,23463.0
1625471047000,23463.0
1625471077000,23463.0
1625471107000,23463.0
1625471137000,23463.0
1625471167000,23463.0
1625471197000,23463.0
1625471227000,23463.0
1625471257000,23463.0
1625471287000,23463.0
1625471317000,23463.0
1625471347000,23463.0
1625471377000,23463.0
1625471407000,23463.0
1625471437000,23463.0
1625471467000,23463.0
1625471497000,23463.0
1625471527000,23463.0
1625471557000,23463.0
1625471587000,23463.0
1625471617000,23463.0
1625471647000,23463.0
1625471677000,23463.0
1625471707000,23463.0
1625471737000,23463.0
1625471767000,23463.0
1625471797000,23463.0
1625471827000,23463.0
1625471857000,23463.0
1625471887000,23463.0
1625471917000,23463.0
1625471947000,23463.0
1625471977000,23463.0
1625472007000,23463.0
1625472037000,23463.0
1625472067000,23463.0
1625472097000,23463.0
1625472127000,23463.0
1625472157000,23463.0
1625472187000,23463.0
1625472217000,23463.0
1625472247000,23463.0
1625472277000,23463.0
1625472307000,23463.0
1625472337000,23463.0
1625472367000,23463.0
1625472397000,23463.0
1625472427000,23463.0
1625472457000,23463.0
1625472487000,23463.0
1625472517000,23463.0
1625472547000,23463.0
1625472577000,23463.0
1625472607000,23463.0
1625472637000,23463.0
1625472667000,23463.0
1625472697000,23463.0
1625472727000,23463.0
1625472757000,23463.0
1625472787000,23463.0
1625472817000,23463.0
1625472847000,23463.0
1625472877000,23463.0
1625472907000,23463.0
1625472937000,23463.0
1625472967000,23463.0
1625472997000,23463.0
1625473027000,23463.0
1625473057000,23463.0
1625473087000,23463.0
1625473117000,23463.0
1625473147000,23463.0
1625473177000,23463.0
1625473207000,23463.0
1625473237000,23463.0
1625473267000,23463.0
1625473297000,23463.0
1625473327000,23463.0
1625473357000,23463.0
1625473387000,23463.0
1625473417000,23463.0
1625473447000,23463.0
1625473477000,23463.0
1625473507000,23463.0
1625473537000,23463.0
1625473567000,23463.0
1625473597000,23463.0
1625473627000,23463.0
1625473657000,23463.0
1625473687000,23463.0
1625473717000,23463.0
1625473747000,23463.0
1625473777000,23463.0
1625473807000,23463.0
1625473837000,23463.0
1625473867000,23463.0
1625473897000,23463.0
1625473927000,23463.0
1625473957000,23463.0
1625473987000,23463.0
1625474017000,23463.0
1625474047000,23463.0
1625474077000,23463.0
1625474107000,23463.0
1625474137000,23463.0
1625474167000,23463.0
1625474197000,23463.0
1625474227000,23463.0
1625474257000,23463.0
1625474287000,23463.0
1625474317000,23463.0
1625474347000,23463.0
1625474377000,23463.0
1625474407000,23463.0
1625474437000,23463.0
1625474467000,23463.0
1625474497000,23463.0
1625474527000,23463.0
1625474557000,23463.0
1625474587000,23463.0
1625474617000,23463.0
1625474647000,23463.0
1625474677000,23463.0
1625474707000,23463.0
1625474737000,23463.0
1625474767000,23463.0
1625474797000,23463.0
1625474827000,23463.0
1625474857000,23463.0
1625474887000,23463.0
1625474917000,23463.0
1625474947000,23463.0
1625474977000,23463.0
1625475007000,23463.0
1625475037000,23463.0
1625475067000,23463.0
1625475097000,23463.0
1625475127000,23463.0
1625475157000,23463.0
1625475187000,23463.0
1625475217000,23463.0
1625475247000,23463.0
1625475277000,23463.0
1625475307000,23463.0
1625475337000,23463.0
1625475367000,23463.0
1625475397000,23463.0
1625475427000,23463.0
1625475457000,23463.0
1625475487000,23463.0
1625475517000,23463.0
1625475547000,23463.0
1625475577000,23463.0
1625475607000,23463.0
1625475637000,23463.0
1625475667000,23463.0
1625475697000,23463.0
1625475727000,23463.0
1625475757000,23463.0
1625475787000,23463.0
1625475817000,23463.0
1625475847000,23463.0
1625475877000,23463.0
1625475907000,23463.0
1625475937000,23463.0
1625475967000,23463.0
1625475997000,23463.0
1625476027000,23463.0
1625476057000,23463.0
1625476087000,23463.0
1625476117000,23463.0
1625476147000,23463.0
1625476177000,23463.0
1625476207000,23463.0
1625476237000,23463.0
1625476267000,23463.0
1625476297000,23463.0
1625476327000,23463.0
1625476357000,23463.0
1625476387000,23463.0
1625476417000,23463.0
1625476447000,23463.0
1625476477000,23463.0
1625476507000,23463.0
1625476537000,23463.0
1625476567000,23463.0
1625476597000,23463.0
1625476627000,23463.0
1625476657000,23463.0
1625476687000,23463.0
1625476717000,23463.0
1625476747000,23463.0
1625476777000,23463.0
1625476807000,23463.0
1625476837000,23463.0
1625476867000,23463.0
1625476897000,23463.0
1625476927000,23463.0
1625476957000,23463.0
1625476987000,23463.0
1625477017000,23463.0
1625477047000,23463.0
1625477077000,23463.0
1625477107000,23463.0
1625477137000,23463.0
1625477167000,23463.0
1625477197000,23463.0
1625477227000,23463.0
1625477257000,23463.0
1625477287000,23463.0
1625477317000,23463.0
1625477347000,23463.0
1625477377000,23463.0
1625477407000,23463.0
1625477437000,23463.0
1625477467000,23463.0
1625477497000,23463.0
1625477527000,23463.0
1625477557000,23463.0
1625477587000,23463.0
1625477617000,23463.0
1625477647000,23463.0
1625477677000,23463.0
1625477707000,23463.0
1625477737000,23463.0
1625477767000,23463.0
1625477797000,23463.0
1625477827000,23463.0
1625477857000,23463.0
1625477887000,23463.0
1625477917000,23463.0
1625477947000,23463.0
1625477977000,23463.0
1625478007000,23463.0
1625478037000,23463.0
1625478067000,23463.0
1625478097000,23463.0
1625478127000,23463.0
1625478157000,23463.0
1625478187000,23463.0
1625478217000,23463.0
1625478247000,23463.0
1625478277000,23463.0
1625478307000,23463.0
1625478337000,23463.0
1625478367000,23463.0
1625478397000,23463.0
1625478427000,23463.0
1625478457000,23463.0
1625478487000,23463.0
1625478517000,23463.0
1625478547000,23463.0
1625478577000,23463.0
1625478607000,23463.0
1625478637000,23463.0
1625478667000,23463.0
1625478697000,23463.0
1625478727000,23463.0
1625478757000,23463.0
1625478787000,23463.0
1625478817000,23463.0
1625478847000,23463.0
1625478877000,23463.0
1625478907000,23463.0
1625478937000,23463.0
1625478967000,23463.0
1625478997000,23463.0
1625479027000,23463.0
1625479057000,23463.0
1625479087000,23463.0
1625479117000,23463.0
1625479147000,23463.0
1625479177000,23463.0
1625479207000,23463.0
1625479237000,23463.0
1625479267000,23463.0
1625479297000,23463.0
1625479327000,23463.0
1625479357000,23463.0
1625479387000,23463.0
1625479417000,23463.0
1625479447000,23463.0
1625479477000,23463.0
1625479507000,23463.0
1625479537000,23463.0
1625479567000,23463.0
1625479597000,23463.0
1625479627000,23463.0
1625479657000,23463.0
1625479687000,23463.0
1625479717000,23463.0
1625479747000,23463.0
1625479777000,23463.0
1625479807000,23463.0
1625479837000,23463.0
1625479867000,23463.0
1625479897000,23463.0
1625479927000,23463.0
1625479957000,23463.0
1625479987000,23463.0
1625480017000,23463.0
1625480047000,23463.0
1625480077000,23463.0
1625480107000,23463.0
1625480137000,23463.0
1625480167000,23463.0
1625480197000,23463.0
1625480227000,23463.0
1625480257000,23463.0
1625480287000,23463.0
1625480317000,23463.0
1625480347000,23463.0
1625480377000,23463.0
1625480407000,23463.0
1625480437000,23463.0
1625480467000,23463.0
1625480497000,23463.0
1625480527000,23463.0
1625480557000,23463.0
1625480587000,23463.0
1625480617000,23463.0
1625480647000,23463.0
1625480677000,23463.0
1625480707000,23463.0
1625480737000,23463.0
1625480767000,23463.0
1625480797000,23463.0
1625480827000,23463.0
1625480857000,23463.0
1625480887000,23463.0
1625480917000,23463.0
1625480947000,23463.0
1625480977000,23463.0
1625481007000,23463.0
1625481037000,23463.0
1625481067000,23463.0
1625481097000,23463.0
1625481127000,23463.0
1625481157000,23463.0
1625481187000,23463.0
1625481217000,23463.0
1625481247000,23463.0
1625481277000,23463.0
1625481307000,23463.0
1625481337000,23463.0
1625481367000,23463.0
1625481397000,23463.0
1625481427000,23463.0
1625481457000,23463.0
1625481487000,23463.0
1625481517000,23463.0
1625481547000,23463.0
1625481577000,23463.0
1625481607000,23463.0
1625481637000,23463.0
1625481667000,23463.0
1625481697000,23463.0
1625481727000,23463.0
1625481757000,23463.0
1625481787000,23463.0
1625481817000,23463.0
1625481847000,23463.0
1625481877000,23463.0
1625481907000,23463.0
1625481937000,23463.0
1625481967000,23463.0
1625481997000,23463.0
1625482027000,23463.0
1625482057000,23463.0
1625482087000,23463.0
1625482117000,23463.0
1625482147000,23463.0
1625482177000,23463.0
1625482207000,23463.0
1625482237000,23463.0
1625482267000,23463.0
1625482297000,23463.0
1625482327000,23463.0
1625482357000,23463.0
1625482387000,23463.0
1625482417000,23463.0
1625482447000,23463.0
1625482477000,23463.0
1625482507000,23463.0
1625482537000,23463.0
1625482567000,23463.0
1625482597000,23463.0
1625482627000,23463.0
1625482657000,23463.0
1625482687000,23463.0
1625482717000,23463.0
1625482747000,23463.0
1625482777000,23463.0
1625482807000,23463.0
1625482837000,23463.0
1625482867000,23463.0
1625482897000,23463.0
1625482927000,23463.0
1625482957000,23463.0
1625482987000,23463.0
1625483017000,23463.0
1625483047000,23463.0
1625483077000,23463.0
1625483107000,23463.0
1625483137000,23463.0
1625483167000,23463.0
1625483197000,23463.0
1625483227000,23463.0
1625483257000,23463.0
1625483287000,23463.0
1625483317000,23463.0
1625483347000,23463.0
1625483377000,23463.0
1625483407000,23463.0
1625483437000,23463.0
1625483467000,23463.0
1625483497000,23463.0
1625483527000,23463.0
1625483557000,23463.0
1625483587000,23463.0
1625483617000,23463.0
1625483647000,23463.0
1625483677000,23463.0
1625483707000,23463.0
1625483737000,23463.0
1625483767000,23463.0
1625483797000,23463.0
1625483827000,23463.0
1625483857000,23463.0
1625483887000,23463.0
1625483917000,23463.0
1625483947000,23463.0
1625483977000,23463.0
1625484007000,23463.0
1625484037000,23463.0
1625484067000,23463.0
1625484097000,23463.0
1625484127000,23463.0
1625484157000,23463.0
1625484187000,23463.0
1625484217000,23463.0
1625484247000,23463.0
1625484277000,23463.0
1625484307000,23463.0
1625484337000,23463.0
1625484367000,23463.0
1625484397000,23463.0
1625484427000,23463.0
1625484457000,23463.0
1625484487000,23463.0
1625484517000,23463.0
1625484547000,23463.0
1625484577000,23463.0
1625484607000,23463.0
1625484637000,23463.0
1625484667000,23463.0
1625484697000,23463.0
1625484727000,23463.0
1625484757000,23463.0
1625484787000,23463.0
1625484817000,23463.0
1625484847000,23463.0
1625484877000,23463.0
1625484907000,23463.0
1625484937000,23463.0
1625484967000,23463.0
1625484997000,23463.0
1625485027000,23463.0
1625485057000,23463.0
1625485087000,23463.0
1625485117000,23463.0
1625485147000,23463.0
1625485177000,23463.0
1625485207000,23463.0
1625485237000,23463.0
1625485267000,23463.0
1625485297000,23463.0
1625485327000,23463.0
1625485357000,23463.0
1625485387000,23463.0
1625485417000,23463.0
1625485447000,23463.0
1625485477000,23463.0
1625485507000,23463.0
1625485537000,23463.0
1625485567000,23463.0
1625485597000,23463.0
1625485627000,23463.0
1625485657000,23463.0
1625485687000,23463.0
1625485717000,23463.0
1625485747000,23463.0
1625485777000,23463.0
1625485807000,23463.0
1625485837000,23463.0
1625485867000,23463.0
1625485897000,23463.0
1625485927000,23463.0
1625485957000,23463.0
1625485987000,23463.0
1625486017000,23463.0
1625486047000,23463.0
1625486077000,23463.0
1625486107000,23463.0
1625486137000,23463.0
1625486167000,23463.0
1625486197000,23463.0
1625486227000,23463.0
1625486257000,23463.0
1625486287000,23463.0
1625486317000,23463.0
1625486347000,23463.0
1625486377000,23463.0
1625486407000,23463.0
1625486437000,23463.0
1625486467000,23463.0
1625486497000,23463.0
1625486527000,23463.0
1625486557000,23463.0
1625486587000,23463.0
1625486617000,23463.0
1625486647000,23463.0
1625486677000,23463.0
1625486707000,23463.0
1625486737000,23463.0
1625486767000,23463.0
1625486797000,23463.0
1625486827000,23463.0
1625486857000,23463.0
1625486887000,23463.0
1625486917000,23463.0
1625486947000,23463.0
1625486977000,23463.0
1625487007000,23463.0
1625487037000,23463.0
1625487067000,23463.0
1625487097000,23463.0
1625487127000,23463.0
1625487157000,23463.0
1625487187000,23463.0
1625487217000,23463.0
1625487247000,23463.0
1625487277000,23463.0
1625487307000,23463.0
1625487337000,23463.0
1625487367000,23463.0
1625487397000,23463.0
1625487427000,23463.0
1625487457000,23463.0
1625487487000,23463.0
1625487517000,23463.0
1625487547000,23463.0
1625487577000,23463.0
1625487607000,23463.0
1625487637000,23463.0
1625487667000,23463.0
1625487697000,23463.0
1625487727000,23463.0
1625487757000,23463.0
1625487787000,23463.0
1625487817000,23463.0
1625487847000,23463.0
1625487877000,23463.0
1625487907000,23463.0
1625487937000,23463.0
1625487967000,23463.0
1625487997000,23463.0
1625488027000,23463.0
1625488057000,23463.0
1625488087000,23463.0
1625488117000,23463.0
1625488147000,23463.0
1625488177000,23463.0
1625488207000,23463.0
1625488237000,23463.0
1625488267000,23463.0
1625488297000,23463.0
1625488327000,23463.0
1625488357000,23463.0
1625488387000,23463.0
1625488417000,23463.0
1625488447000,23463.0
1625488477000,23463.0
1625488507000,23463.0
1625488537000,23463.0
1625488567000,23463.0
1625488597000,23463.0
1625488627000,23463.0
1625488657000,23463.0
1625488687000,23463.0
1625488717000,23463.0
1625488747000,23463.0
1625488777000,23463.0
1625488807000,23463.0
1625488837000,23463.0
1625488867000,23463.0
1625488897000,23463.0
1625488927000,23463.0
1625488957000,23463.0
1625488987000,23463.0
1625489017000,23463.0
1625489047000,23463.0
1625489077000,23463.0
1625489107000,23463.0
1625489137000,23463.0
1625489167000,23463.0
1625489197000,23463.0
1625489227000,23463.0
1625489257000,23463.0
1625489287000,23463.0
1625489317000,23463.0
1625489347000,23463.0
1625489377000,23463.0
1625489407000,23463.0
1625489437000,23463.0
1625489467000,23463.0
1625489497000,23463.0
1625489527000,23463.0
1625489557000,23463.0
1625489587000,23463.0
1625489617000,23463.0
1625489647000,23463.0
1625489677000,23463.0
1625489707000,23463.0
1625489737000,23463.0
1625489767000,23463.0
1625489797000,23463.0
1625489827000,23463.0
1625489857000,23463.0
1625489887000,23463.0
1625489917000,23463.0
1625489947000,23463.0
1625489977000,23463.0
1625490007000,23463.0
1625490037000,23463.0
1625490067000,23463.0
1625490097000,23463.0
1625490127000,23463.0
1625490157000,23463.0
1625490187000,23463.0
1625490217000,23463.0
1625490247000,23463.0
1625490277000,23463.0
1625490307000,23463.0
1625490337000,23463.0
1625490367000,23463.0
1625490397000,23463.0
1625490427000,23463.0
1625490457000,23463.0
1625490487000,23463.0
1625490517000,23463.0
1625490547000,23463.0
1625490577000,23463.0
1625490607000,23463.0
1625490637000,23463.0
1625490667000,23463.0
1625490697000,23463.0
1625490727000,23463.0
1625490757000,23463.0
1625490787000,23463.0
1625490817000,23463.0
1625490847000,23463.0
1625490877000,23463.0
1625490907000,23463.0
1625490937000,23463.0
1625490967000,23463.0
1625490997000,23463.0
1625491027000,23463.0
1625491057000,23463.0
1625491087000,23463.0
1625491117000,23463.0
1625491147000,23463.0
1625491177000,23463.0
1625491207000,23463.0
1625491237000,23463.0
1625491267000,23463.0
1625491297000,23463.0
1625491327000,23463.0
1625491357000,23463.0
1625491387000,23463.0
1625491417000,23463.0
1625491447000,23463.0
1625491477000,23463.0
1625491507000,23463.0
1625491537000,23463.0
1625491567000,23463.0
1625491597000,23463.0
1625491627000,23463.0
1625491657000,23463.0
1625491687000,23463.0
1625491717000,23463.0
1625491747000,23463.0
1625491777000,23463.0
1625491807000,23463.0
1625491837000,23463.0
1625491867000,23463.0
1625491897000,23463.0
1625491927000,23463.0
1625491957000,23463.0
1625491987000,23463.0
1625492017000,23463.0
1625492047000,23463.0
1625492077000,23463.0
1625492107000,23463.0
1625492137000,23463.0
1625492167000,23463.0
1625492197000,23463.0
1625492227000,23463.0
1625492257000,23463.0
1625492287000,23463.0
1625492317000,23463.0
1625492347000,23463.0
1625492377000,23463.0
1625492407000,23463.0
1625492437000,23463.0
1625492467000,23463.0
1625492497000,23463.0
1625492527000,23463.0
1625492557000,23463.0
1625492587000,23463.0
1625492617000,23463.0
1625492647000,23463.0
1625492677000,23463.0
1625492707000,23463.0
1625492737000,23463.0
1625492767000,23463.0
1625492797000,23463.0
1625492827000,23463.0
1625492857000,23463.0
1625492887000,23463.0
1625492917000,23463.0
1625492947000,23463.0
1625492977000,23463.0
1625493007000,23463.0
1625493037000,23463.0
1625493067000,23463.0
1625493097000,23463.0
1625493127000,23463.0
1625493157000,23463.0
1625493187000,23463.0
1625493217000,23463.0
1625493247000,23463.0
1625493277000,23463.0
1625493307000,23463.0
1625493337000,23463.0
1625493367000,23463.0
1625493397000,23463.0
1625493427000,23463.0
1625493457000,23463.0
1625493487000,23463.0
1625493517000,23463.0
1625493547000,23463.0
1625493577000,23463.0
1625493607000,23463.0
1625493637000,23463.0
1625493667000,23463.0
1625493697000,23463.0
1625493727000,23463.0
1625493757000,23463.0
1625493787000,23463.0
1625493817000,23463.0
1625493847000,23463.0
1625493877000,23463.0
1625493907000,23463.0
1625493937000,23463.0
1625493967000,23463.0
1625493997000,23463.0
1625494027000,23463.0
1625494057000,23463.0
1625494087000,23463.0
1625494117000,23463.0
1625494147000,23463.0
1625494177000,23463.0
1625494207000,23463.0
1625494237000,23463.0
1625494267000,23463.0
1625494297000,23463.0
1625494327000,23463.0
1625494357000,23463.0
1625494387000,23463.0
1625494417000,23463.0
1625494447000,23463.0
1625494477000,23463.0
1625494507000,23463.0
1625494537000,23463.0
1625494567000,23463.0
1625494597000,23463.0
1625494627000,23463.0
1625494657000,23463.0
1625494687000,23463.0
1625494717000,23463.0
1625494747000,23463.0
1625494777000,23463.0
1625494807000,23463.0
1625494837000,23463.0
1625494867000,23463.0
1625494897000,23463.0
1625494927000,23463.0
1625494957000,23463.0
1625494987000,23463.0
1625495017000,23463.0
1625495047000,23463.0
1625495077000,23463.0
1625495107000,23463.0
1625495137000,23463.0
1625495167000,23463.0
1625495197000,23463.0
1625495227000,23463.0
1625495257000,23463.0
1625495287000,23463.0
1625495317000,23463.0
1625495347000,23463.0
1625495377000,23463.0
1625495407000,23463.0
1625495437000,23463.0
1625495467000,23463.0
1625495497000,23463.0
1625495527000,23463.0
1625495557000,23463.0
1625495587000,23463.0
1625495617000,23463.0
1625495647000,23463.0
1625495677000,23463.0
1625495707000,23463.0
1625495737000,23463.0
1625495767000,23463.0
1625495797000,23463.0
1625495827000,23463.0
1625495857000,23463.0
1625495887000,23463.0
1625495917000,23463.0
1625495947000,23463.0
1625495977000,23463.0
1625496007000,23463.0
1625496037000,23463.0
1625496067000,23463.0
1625496097000,23463.0
1625496127000,23463.0
1625496157000,23463.0
1625496187000,23463.0
1625496217000,23463.0
1625496247000,23463.0
1625496277000,23463.0
1625496307000,23463.0
1625496337000,23463.0
1625496367000,23463.0
1625496397000,23463.0
1625496427000,23463.0
1625496457000,23463.0
1625496487000,23463.0
1625496517000,23463.0
1625496547000,23463.0
1625496577000,23463.0
1625496607000,23463.0
1625496637000,23463.0
1625496667000,23463.0
1625496697000,23463.0
1625496727000,23463.0
1625496757000,23463.0
1625496787000,23463.0
1625496817000,23463.0
1625496847000,23463.0
1625496877000,23463.0
1625496907000,23463.0
1625496937000,23463.0
1625496967000,23463.0
1625496997000,23463.0
1625497027000,23463.0
1625497057000,23463.0
1625497087000,23463.0
1625497117000,23463.0
1625497147000,23463.0
1625497177000,23463.0
1625497207000,23463.0
1625497237000,23463.0
1625497267000,23463.0
1625497297000,23463.0
1625497327000,23463.0
1625497357000,23463.0
1625497387000,23463.0
1625497417000,23463.0
1625497447000,23463.0
1625497477000,23463.0
1625497507000,23463.0
1625497537000,23463.0
1625497567000,23463.0
1625497597000,23463.0
1625497627000,23463.0
1625497657000,23463.0
1625497687000,23463.0
1625497717000,23463.0
1625497747000,23463.0
1625497777000,23463.0
1625497807000,23463.0
1625497837000,23463.0
1625497867000,23463.0
1625497897000,23463.0
1625497927000,23463.0
1625497957000,23463.0
1625497987000,23463.0
1625498017000,23463.0
1625498047000,23463.0
1625498077000,23463.0
1625498107000,23463.0
1625498137000,23463.0
1625498167000,23463.0
1625498197000,23463.0
1625498227000,23463.0
1625498257000,23463.0
1625498287000,23463.0
1625498317000,23463.0
1625498347000,23463.0
1625498377000,23463.0
1625498407000,23463.0
1625498437000,23463.0
1625498467000,23463.0
1625498497000,23463.0
1625498527000,23463.0
1625498557000,23463.0
1625498587000,23463.0
1625498617000,23463.0
1625498647000,23463.0
1625498677000,23463.0
1625498707000,23463.0
1625498737000,23463.0
1625498767000,23463.0
1625498797000,23463.0
1625498827000,23463.0
1625498857000,23463.0
1625498887000,23463.0
1625498917000,23463.0
1625498947000,23463.0
1625498977000,23463.0
1625499007000,23463.0
1625499037000,23463.0
1625499067000,23463.0
1625499097000,23463.0
1625499127000,23463.0
1625499157000,23463.0
1625499187000,23463.0
1625499217000,23463.0
1625499247000,23463.0
1625499277000,23463.0
1625499307000,23463.0
1625499337000,23463.0
1625499367000,23463.0
1625499397000,23463.0
1625499427000,23463.0
1625499457000,23463.0
1625499487000,23463.0
1625499517000,23463.0
1625499547000,23463.0
1625499577000,23463.0
1625499607000,23463.0
1625499637000,23463.0
1625499667000,23463.0
1625499697000,23463.0
1625499727000,23463.0
1625499757000,23463.0
1625499787000,23463.0
1625499817000,23463.0
1625499847000,23463.0
1625499877000,23463.0
1625499907000,23463.0
1625499937000,23463.0
1625499967000,23463.0
1625499997000,23463.0
1625500027000,23463.0
1625500057000,23463.0
1625500087000,23463.0
1625500117000,23463.0
1625500147000,23463.0
1625500177000,23463.0
1625500207000,23463.0
1625500237000,23463.0
1625500267000,23463.0
1625500297000,23463.0
1625500327000,23463.0
1625500357000,23463.0
1625500387000,23463.0
1625500417000,23463.0
1625500447000,23463.0
1625500477000,23463.0
1625500507000,23463.0
1625500537000,23463.0
1625500567000,23463.0
1625500597000,23463.0
1625500627000,23463.0
1625500657000,23463.0
1625500687000,23463.0
1625500717000,23463.0
1625500747000,23463.0
1625500777000,23463.0
1625500807000,23463.0
1625500837000,23463.0
1625500867000,23463.0
1625500897000,23463.0
1625500927000,23463.0
1625500957000,23463.0
1625500987000,23463.0
1625501017000,23463.0
1625501047000,23463.0
1625501077000,23463.0
1625501107000,23463.0
1625501137000,23463.0
1625501167000,23463.0
1625501197000,23463.0
1625501227000,23463.0
1625501257000,23463.0
1625501287000,23463.0
1625501317000,23463.0
1625501347000,23463.0
1625501377000,23463.0
1625501407000,23463.0
1625501437000,23463.0
1625501467000,23463.0
1625501497000,23463.0
1625501527000,23463.0
1625501557000,23463.0
1625501587000,23463.0
1625501617000,23463.0
1625501647000,23463.0
1625501677000,23463.0
1625501707000,23463.0
1625501737000,23463.0
1625501767000,23463.0
1625501797000,23463.0
1625501827000,23463.0
1625501857000,23463.0
1625501887000,23496.0
1625501917000,23496.0
1625501947000,23496.0
1625501977000,23496.0
1625502007000,23496.0
1625502037000,23496.0
1625502067000,23496.0
1625502097000,23496.0
1625502127000,23496.0
1625502157000,23496.0
1625502187000,23496.0
1625502217000,23496.0
1625502247000,23496.0
1625502277000,23496.0
1625502307000,23496.0
1625502337000,23496.0
1625502367000,23496.0
1625502397000,23496.0
1625502427000,23496.0
1625502457000,23496.0
1625502487000,23496.0
1625502517000,23496.0
1625502547000,23496.0
1625502577000,23496.0
1625502607000,23496.0
1625502637000,23496.0
1625502667000,23496.0
1625502697000,23496.0
1625502727000,23496.0
1625502757000,23496.0
1625502787000,23496.0
1625502817000,23496.0
1625502847000,23496.0
1625502877000,23496.0
1625502907000,23496.0
1625502937000,23496.0
1625502967000,23496.0
1625502997000,23496.0
1625503027000,23496.0
1625503057000,23496.0
1625503087000,23496.0
1625503117000,23496.0
1625503147000,23496.0
1625503177000,23496.0
1625503207000,23496.0
1625503237000,23496.0
1625503267000,23496.0
1625503297000,23496.0
1625503327000,23496.0
1625503357000,23496.0
1625503387000,23496.0
1625503417000,23496.0
1625503447000,23496.0
1625503477000,23496.0
1625503507000,23496.0
1625503537000,23496.0
1625503567000,23496.0
1625503597000,23496.0
1625503627000,23496.0
1625503657000,23496.0
1625503687000,23496.0
1625503717000,23496.0
1625503747000,23496.0
1625503777000,23496.0
1625503807000,23496.0
1625503837000,23496.0
1625503867000,23496.0
1625503897000,23496.0
1625503927000,23496.0
1625503957000,23496.0
1625503987000,23496.0
1625504017000,23496.0
1625504047000,23496.0
1625504077000,23496.0
1625504107000,23496.0
1625504137000,23496.0
1625504167000,23496.0
1625504197000,23496.0
1625504227000,23496.0
1625504257000,23496.0
1625504287000,23496.0
1625504317000,23496.0
1625504347000,23496.0
1625504377000,23496.0
1625504407000,23496.0
1625504437000,23496.0
1625504467000,23496.0
1625504497000,23496.0
1625504527000,23496.0
1625504557000,23496.0
1625504587000,23496.0
1625504617000,23496.0
1625504647000,23496.0
1625504677000,23496.0
1625504707000,23496.0
1625504737000,23496.0
1625504767000,23496.0
1625504797000,23496.0
1625504827000,23496.0
1625504857000,23496.0
1625504887000,23496.0
1625504917000,23496.0
1625504947000,23496.0
1625504977000,23496.0
1625505007000,23496.0
1625505037000,23496.0
1625505067000,23496.0
1625505097000,23496.0
1625505127000,23496.0
1625505157000,23496.0
1625505187000,23496.0
1625505217000,23496.0
1625505247000,23496.0
1625505277000,23496.0
1625505307000,23496.0
1625505337000,23496.0
1625505367000,23496.0
1625505397000,23496.0
1625505427000,23496.0
1625505457000,23496.0
1625505487000,23496.0
1625505517000,23496.0
1625505547000,23496.0
1625505577000,23496.0
1625505607000,23496.0
1625505637000,23496.0
1625505667000,23496.0
1625505697000,23496.0
1625505727000,23496.0
1625505757000,23496.0
1625505787000,23496.0
1625505817000,23496.0
1625505847000,23496.0
1625505877000,23496.0
1625505907000,23496.0
1625505937000,23496.0
1625505967000,23496.0
1625505997000,23496.0
1625506027000,23496.0
1625506057000,23496.0
1625506087000,23496.0
1625506117000,23496.0
1625506147000,23496.0
1625506177000,23496.0
1625506207000,23496.0
1625506237000,23496.0
1625506267000,23496.0
1625506297000,23496.0
1625506327000,23496.0
1625506357000,23496.0
1625506387000,23496.0
1625506417000,23496.0
1625506447000,23496.0
1625506477000,23496.0
1625506507000,23496.0
1625506537000,23496.0
1625506567000,23496.0
1625506597000,23496.0
1625506627000,23496.0
1625506657000,23496.0
1625506687000,23496.0
1625506717000,23496.0
1625506747000,23496.0
1625506777000,23496.0
1625506807000,23496.0
1625506837000,23496.0
1625506867000,23496.0
1625506897000,23496.0
1625506927000,23496.0
1625506957000,23496.0
1625506987000,23496.0
1625507017000,23496.0
1625507047000,23496.0
1625507077000,23496.0
1625507107000,23496.0
1625507137000,23496.0
1625507167000,23496.0
1625507197000,23496.0
1625507227000,23496.0
1625507257000,23496.0
1625507287000,23496.0
1625507317000,23496.0
1625507347000,23496.0
1625507377000,23496.0
1625507407000,23496.0
1625507437000,23496.0
1625507467000,23496.0
1625507497000,23496.0
1625507527000,23496.0
1625507557000,23496.0
1625507587000,23496.0
1625507617000,23496.0
1625507647000,23496.0
1625507677000,23496.0
1625507707000,23496.0
1625507737000,23496.0
1625507767000,23496.0
1625507797000,23496.0
1625507827000,23496.0
1625507857000,23496.0
1625507887000,23496.0
1625507917000,23496.0
1625507947000,23496.0
1625507977000,23496.0
1625508007000,23496.0
1625508037000,23496.0
1625508067000,23496.0
1625508097000,23496.0
1625508127000,23496.0
1625508157000,23496.0
1625508187000,23496.0
1625508217000,23496.0
1625508247000,23496.0
1625508277000,23496.0
1625508307000,23496.0
1625508337000,23496.0
1625508367000,23496.0
1625508397000,23496.0
1625508427000,23496.0
1625508457000,23496.0
1625508487000,23496.0
1625508517000,23496.0
1625508547000,23496.0
1625508577000,23496.0
1625508607000,23496.0
1625508637000,23496.0
1625508667000,23496.0
1625508697000,23496.0
1625508727000,23496.0
1625508757000,23496.0
1625508787000,23496.0
1625508817000,23496.0
1625508847000,23496.0
1625508877000,23496.0
1625508907000,23496.0
1625508937000,23496.0
1625508967000,23496.0
1625508997000,23496.0
1625509027000,23496.0
1625509057000,23496.0
1625509087000,23496.0
1625509117000,23496.0
1625509147000,23496.0
1625509177000,23496.0
1625509207000,23496.0
1625509237000,23496.0
1625509267000,23496.0
1625509297000,23496.0
1625509327000,23496.0
1625509357000,23496.0
1625509387000,23496.0
1625509417000,23496.0
1625509447000,23496.0
1625509477000,23496.0
1625509507000,23496.0
1625509537000,23496.0
1625509567000,23496.0
1625509597000,23496.0
1625509627000,23496.0
1625509657000,23496.0
1625509687000,23496.0
1625509717000,23496.0
1625509747000,23496.0
1625509777000,23496.0
1625509807000,23496.0
1625509837000,23496.0
1625509867000,23496.0
1625509897000,23496.0
1625509927000,23496.0
1625509957000,23496.0
1625509987000,23496.0
1625510017000,23496.0
1625510047000,23496.0
1625510077000,23496.0
1625510107000,23496.0
1625510137000,23496.0
1625510167000,23496.0
1625510197000,23496.0
1625510227000,23496.0
1625510257000,23496.0
1625510287000,23496.0
1625510317000,23496.0
1625510347000,23496.0
1625510377000,23496.0
1625510407000,23496.0
1625510437000,23496.0
1625510467000,23496.0
1625510497000,23496.0
1625510527000,23496.0
1625510557000,23496.0
1625510587000,23496.0
1625510617000,23496.0
1625510647000,23496.0
1625510677000,23496.0
1625510707000,23496.0
1625510737000,23496.0
1625510767000,23496.0
1625510797000,23496.0
1625510827000,23496.0
1625510857000,23496.0
1625510887000,23496.0
1625510917000,23496.0
1625510947000,23496.0
1625510977000,23496.0
1625511007000,23496.0
1625511037000,23496.0
1625511067000,23496.0
1625511097000,23496.0
1625511127000,23496.0
1625511157000,23496.0
1625511187000,23496.0
1625511217000,23496.0
1625511247000,23496.0
1625511277000,23496.0
1625511307000,23496.0
1625511337000,23496.0
1625511367000,23496.0
1625511397000,23496.0
1625511427000,23496.0
1625511457000,23496.0
1625511487000,23496.0
1625511517000,23496.0
1625511547000,23496.0
1625511577000,23496.0
1625511607000,23496.0
1625511637000,23496.0
1625511667000,23496.0
1625511697000,23496.0
1625511727000,23496.0
1625511757000,23496.0
1625511787000,23496.0
1625511817000,23496.0
1625511847000,23496.0
1625511877000,23496.0
1625511907000,23496.0
1625511937000,23496.0
1625511967000,23496.0
1625511997000,23496.0
1625512027000,23496.0
1625512057000,23496.0
1625512087000,23496.0
1625512117000,23496.0
1625512147000,23496.0
1625512177000,23496.0
1625512207000,23496.0
1625512237000,23496.0
1625512267000,23496.0
1625512297000,23496.0
1625512327000,23496.0
1625512357000,23496.0
1625512387000,23496.0
1625512417000,23496.0
1625512447000,23496.0
1625512477000,23496.0
1625512507000,23496.0
1625512537000,23496.0
1625512567000,23496.0
1625512597000,23496.0
1625512627000,23496.0
1625512657000,23496.0
1625512687000,23496.0
1625512717000,23496.0
1625512747000,23496.0
1625512777000,23496.0
1625512807000,23496.0
1625512837000,23496.0
1625512867000,23496.0
1625512897000,23496.0
1625512927000,23496.0
1625512957000,23496.0
1625512987000,23496.0
1625513017000,23496.0
1625513047000,23496.0
1625513077000,23496.0
1625513107000,23496.0
1625513137000,23496.0
1625513167000,23496.0
1625513197000,23496.0
1625513227000,23496.0
1625513257000,23496.0
1625513287000,23496.0
1625513317000,23496.0
1625513347000,23496.0
1625513377000,23496.0
1625513407000,23496.0
1625513437000,23496.0
1625513467000,23496.0
1625513497000,23496.0
1625513527000,23496.0
1625513557000,23496.0
1625513587000,23496.0
1625513617000,23496.0
1625513647000,23496.0
1625513677000,23496.0
1625513707000,23496.0
1625513737000,23496.0
1625513767000,23496.0
1625513797000,23496.0
1625513827000,23496.0
1625513857000,23496.0
1625513887000,23496.0
1625513917000,23496.0
1625513947000,23496.0
1625513977000,23496.0
1625514007000,23496.0
1625514037000,23496.0
1625514067000,23496.0
1625514097000,23496.0
1625514127000,23496.0
1625514157000,23496.0
1625514187000,23496.0
1625514217000,23496.0
1625514247000,23496.0
1625514277000,23496.0
1625514307000,23496.0
1625514337000,23496.0
1625514367000,23496.0
1625514397000,23496.0
1625514427000,23496.0
1625514457000,23496.0
1625514487000,23496.0
1625514517000,23496.0
1625514547000,23496.0
1625514577000,23496.0
1625514607000,23496.0
1625514637000,23496.0
1625514667000,23496.0
1625514697000,23496.0
1625514727000,23496.0
1625514757000,23496.0
1625514787000,23496.0
1625514817000,23496.0
1625514847000,23496.0
1625514877000,23496.0
1625514907000,23496.0
1625514937000,23496.0
1625514967000,23496.0
1625514997000,23496.0
1625515027000,23496.0
1625515057000,23496.0
1625515087000,23496.0
1625515117000,23496.0
1625515147000,23496.0
1625515177000,23496.0
1625515207000,23496.0
1625515237000,23496.0
1625515267000,23496.0
1625515297000,23496.0
1625515327000,23496.0
1625515357000,23496.0
1625515387000,23496.0
1625515417000,23496.0
1625515447000,23496.0
1625515477000,23496.0
1625515507000,23496.0
1625515537000,23496.0
1625515567000,23496.0
1625515597000,23496.0
1625515627000,23496.0
1625515657000,23496.0
1625515687000,23496.0
1625515717000,23496.0
1625515747000,23496.0
1625515777000,23496.0
1625515807000,23496.0
1625515837000,23496.0
1625515867000,23496.0
1625515897000,23496.0
1625515927000,23496.0
1625515957000,23496.0
1625515987000,23496.0
1625516017000,23496.0
1625516047000,23496.0
1625516077000,23496.0
1625516107000,23496.0
1625516137000,23496.0
1625516167000,23496.0
1625516197000,23496.0
1625516227000,23496.0
1625516257000,23496.0
1625516287000,23496.0
1625516317000,23496.0
1625516347000,23496.0
1625516377000,23496.0
1625516407000,23496.0
1625516437000,23496.0
1625516467000,23496.0
1625516497000,23496.0
1625516527000,23496.0
1625516557000,23496.0
1625516587000,23496.0
1625516617000,23496.0
1625516647000,23496.0
1625516677000,23496.0
1625516707000,23496.0
1625516737000,23496.0
1625516767000,23496.0
1625516797000,23496.0
1625516827000,23496.0
1625516857000,23496.0
1625516887000,23496.0
1625516917000,23496.0
1625516947000,23496.0
1625516977000,23496.0
1625517007000,23496.0
1625517037000,23496.0
1625517067000,23496.0
1625517097000,23496.0
1625517127000,23496.0
1625517157000,23496.0
1625517187000,23496.0
1625517217000,23496.0
1625517247000,23496.0
1625517277000,23496.0
1625517307000,23496.0
1625517337000,23496.0
1625517367000,23496.0
1625517397000,23496.0
1625517427000,23496.0
1625517457000,23496.0
1625517487000,23496.0
1625517517000,23496.0
1625517547000,23496.0
1625517577000,23496.0
1625517607000,23496.0
1625517637000,23496.0
1625517667000,23496.0
1625517697000,23496.0
1625517727000,23496.0
1625517757000,23496.0
1625517787000,23496.0
1625517817000,23496.0
1625517847000,23496.0
1625517877000,23496.0
1625517907000,23496.0
1625517937000,23496.0
1625517967000,23496.0
1625517997000,23496.0
1625518027000,23496.0
1625518057000,23496.0
1625518087000,23496.0
1625518117000,23496.0
1625518147000,23496.0
1625518177000,23496.0
1625518207000,23496.0
1625518237000,23496.0
1625518267000,23496.0
1625518297000,23496.0
1625518327000,23496.0
1625518357000,23496.0
1625518387000,23496.0
1625518417000,23496.0
1625518447000,23496.0
1625518477000,23496.0
1625518507000,23496.0
1625518537000,23496.0
1625518567000,23496.0
1625518597000,23496.0
1625518627000,23496.0
1625518657000,23496.0
1625518687000,23496.0
1625518717000,23496.0
1625518747000,23496.0
1625518777000,23496.0
1625518807000,23496.0
1625518837000,23496.0
1625518867000,23496.0
1625518897000,23496.0
1625518927000,23496.0
1625518957000,23496.0
1625518987000,23496.0
1625519017000,23496.0
1625519047000,23496.0
1625519077000,23496.0
1625519107000,23496.0
1625519137000,23496.0
1625519167000,23496.0
1625519197000,23496.0
1625519227000,23496.0
1625519257000,23496.0
1625519287000,23496.0
1625519317000,23496.0
1625519347000,23496.0
1625519377000,23496.0
1625519407000,23496.0
1625519437000,23496.0
1625519467000,23496.0
1625519497000,23496.0
1625519527000,23496.0
1625519557000,23496.0
1625519587000,23496.0
1625519617000,23496.0
1625519647000,23496.0
1625519677000,23496.0
1625519707000,23496.0
1625519737000,23496.0
1625519767000,23496.0
1625519797000,23496.0
1625519827000,23496.0
1625519857000,23496.0
1625519887000,23496.0
1625519917000,23496.0
1625519947000,23496.0
1625519977000,23496.0
1625520007000,23496.0
1625520037000,23496.0
1625520067000,23496.0
1625520097000,23496.0
1625520127000,23496.0
1625520157000,23496.0
1625520187000,23496.0
1625520217000,23496.0
1625520247000,23496.0
1625520277000,23496.0
1625520307000,23496.0
1625520337000,23496.0
1625520367000,23496.0
1625520397000,23496.0
1625520427000,23496.0
1625520457000,23496.0
1625520487000,23496.0
1625520517000,23496.0
1625520547000,23496.0
1625520577000,23496.0
1625520607000,23496.0
1625520637000,23496.0
1625520667000,23496.0
1625520697000,23496.0
1625520727000,23496.0
1625520757000,23496.0
1625520787000,23496.0
1625520817000,23496.0
1625520847000,23496.0
1625520877000,23496.0
1625520907000,23496.0
1625520937000,23496.0
1625520967000,23496.0
1625520997000,23496.0
1625521027000,23496.0
1625521057000,23496.0
1625521087000,23496.0
1625521117000,23496.0
1625521147000,23496.0
1625521177000,23496.0
1625521207000,23496.0
1625521237000,23496.0
1625521267000,23496.0
1625521297000,23496.0
1625521327000,23496.0
1625521357000,23496.0
1625521387000,23496.0
1625521417000,23496.0
1625521447000,23496.0
1625521477000,23496.0
1625521507000,23496.0
1625521537000,23496.0
1625521567000,23496.0
1625521597000,23496.0
1625521627000,23496.0
1625521657000,23496.0
1625521687000,23496.0
1625521717000,23496.0
1625521747000,23496.0
1625521777000,23496.0
1625521807000,23496.0
1625521837000,23496.0
1625521867000,23496.0
1625521897000,23496.0
1625521927000,23496.0
1625521957000,23496.0
1625521987000,23496.0
1625522017000,23496.0
1625522047000,23496.0
1625522077000,23496.0
1625522107000,23496.0
1625522137000,23496.0
1625522167000,23496.0
1625522197000,23496.0
1625522227000,23496.0
1625522257000,23496.0
1625522287000,23496.0
1625522317000,23496.0
1625522347000,23496.0
1625522377000,23496.0
1625522407000,23496.0
1625522437000,23496.0
1625522467000,23496.0
1625522497000,23496.0
1625522527000,23496.0
1625522557000,23496.0
1625522587000,23496.0
1625522617000,23496.0
1625522647000,23496.0
1625522677000,23496.0
1625522707000,23496.0
1625522737000,23496.0
1625522767000,23496.0
1625522797000,23496.0
1625522827000,23496.0
1625522857000,23496.0
1625522887000,23496.0
1625522917000,23496.0
1625522947000,23496.0
1625522977000,23496.0
1625523007000,23496.0
1625523037000,23496.0
1625523067000,23496.0
1625523097000,23496.0
1625523127000,23496.0
1625523157000,23496.0
1625523187000,23496.0
1625523217000,23496.0
1625523247000,23496.0
1625523277000,23496.0
1625523307000,23496.0
1625523337000,23496.0
1625523367000,23496.0
1625523397000,23496.0
1625523427000,23496.0
1625523457000,23496.0
1625523487000,23496.0
1625523517000,23496.0
1625523547000,23496.0
1625523577000,23496.0
1625523607000,23496.0
1625523637000,23496.0
1625523667000,23496.0
1625523697000,23496.0
1625523727000,23496.0
1625523757000,23496.0
1625523787000,23496.0
1625523817000,23496.0
1625523847000,23496.0
1625523877000,23496.0
1625523907000,23496.0
1625523937000,23496.0
1625523967000,23496.0
1625523997000,23496.0
1625524027000,23496.0
1625524057000,23496.0
1625524087000,23496.0
1625524117000,23496.0
1625524147000,23496.0
1625524177000,23496.0
1625524207000,23496.0
1625524237000,23496.0
1625524267000,23496.0
1625524297000,23496.0
1625524327000,23496.0
1625524357000,23496.0
1625524387000,23496.0
1625524417000,23496.0
1625524447000,23496.0
1625524477000,23496.0
1625524507000,23496.0
1625524537000,23496.0
1625524567000,23496.0
1625524597000,23496.0
1625524627000,23496.0
1625524657000,23496.0
1625524687000,23496.0
1625524717000,23496.0
1625524747000,23496.0
1625524777000,23496.0
1625524807000,23496.0
1625524837000,23496.0
1625524867000,23496.0
1625524897000,23496.0
1625524927000,23496.0
1625524957000,23496.0
1625524987000,23496.0
1625525017000,23496.0
1625525047000,23496.0
1625525077000,23496.0
1625525107000,23496.0
1625525137000,23496.0
1625525167000,23496.0
1625525197000,23496.0
1625525227000,23496.0
1625525257000,23496.0
1625525287000,23496.0
1625525317000,23496.0
1625525347000,23496.0
1625525377000,23496.0
1625525407000,23496.0
1625525437000,23496.0
1625525467000,23496.0
1625525497000,23496.0
1625525527000,23496.0
1625525557000,23496.0
1625525587000,23496.0
1625525617000,23496.0
1625525647000,23496.0
1625525677000,23496.0
1625525707000,23496.0
1625525737000,23496.0
1625525767000,23496.0
1625525797000,23496.0
1625525827000,23496.0
1625525857000,23496.0
1625525887000,23496.0
1625525917000,23496.0
1625525947000,23496.0
1625525977000,23496.0
1625526007000,23496.0
1625526037000,23496.0
1625526067000,23496.0
1625526097000,23496.0
1625526127000,23496.0
1625526157000,23496.0
1625526187000,23496.0
1625526217000,23496.0
1625526247000,23496.0
1625526277000,23496.0
1625526307000,23496.0
1625526337000,23496.0
1625526367000,23496.0
1625526397000,23496.0
1625526427000,23496.0
1625526457000,23496.0
1625526487000,23496.0
1625526517000,23496.0
1625526547000,23496.0
1625526577000,23496.0
1625526607000,23496.0
1625526637000,23496.0
1625526667000,23496.0
1625526697000,23496.0
1625526727000,23496.0
1625526757000,23496.0
1625526787000,23496.0
1625526817000,23496.0
1625526847000,23496.0
1625526877000,23496.0
1625526907000,23496.0
1625526937000,23496.0
1625526967000,23496.0
1625526997000,23496.0
1625527027000,23496.0
1625527057000,23496.0
1625527087000,23496.0
1625527117000,23496.0
1625527147000,23496.0
1625527177000,23496.0
1625527207000,23496.0
1625527237000,23496.0
1625527267000,23496.0
1625527297000,23496.0
1625527327000,23496.0
1625527357000,23496.0
1625527387000,23496.0
1625527417000,23496.0
1625527447000,23496.0
1625527477000,23496.0
1625527507000,23496.0
1625527537000,23496.0
1625527567000,23496.0
1625527597000,23496.0
1625527627000,23496.0
1625527657000,23496.0
1625527687000,23496.0
1625527717000,23496.0
1625527747000,23496.0
1625527777000,23496.0
1625527807000,23496.0
1625527837000,23496.0
1625527867000,23496.0
1625527897000,23496.0
1625527927000,23496.0
1625527957000,23496.0
1625527987000,23496.0
1625528017000,23496.0
1625528047000,23496.0
1625528077000,23496.0
1625528107000,23496.0
1625528137000,23496.0
1625528167000,23496.0
1625528197000,23496.0
1625528227000,23496.0
1625528257000,23496.0
1625528287000,23496.0
1625528317000,23496.0
1625528347000,23496.0
1625528377000,23496.0
1625528407000,23496.0
1625528437000,23496.0
1625528467000,23496.0
1625528497000,23496.0
1625528527000,23496.0
1625528557000,23496.0
1625528587000,23496.0
1625528617000,23496.0
1625528647000,23496.0
1625528677000,23496.0
1625528707000,23496.0
1625528737000,23496.0
1625528767000,23496.0
1625528797000,23496.0
1625528827000,23496.0
1625528857000,23496.0
1625528887000,23496.0
1625528917000,23496.0
1625528947000,23496.0
1625528977000,23496.0
1625529007000,23496.0
1625529037000,23496.0
1625529067000,23496.0
1625529097000,23496.0
1625529127000,23496.0
1625529157000,23496.0
1625529187000,23496.0
1625529217000,23496.0
1625529247000,23496.0
1625529277000,23496.0
1625529307000,23496.0
1625529337000,23496.0
1625529367000,23496.0
1625529397000,23496.0
1625529427000,23496.0
1625529457000,23496.0
1625529487000,23496.0
1625529517000,23496.0
1625529547000,23496.0
1625529577000,23496.0
1625529607000,23496.0
1625529637000,23496.0
1625529667000,23496.0
1625529697000,23496.0
1625529727000,23496.0
1625529757000,23496.0
1625529787000,23496.0
1625529817000,23496.0
1625529847000,23496.0
1625529877000,23496.0
1625529907000,23496.0
1625529937000,23496.0
1625529967000,23496.0
1625529997000,23496.0
1625530027000,23496.0
1625530057000,23496.0
1625530087000,23496.0
1625530117000,23496.0
1625530147000,23496.0
1625530177000,23496.0
1625530207000,23496.0
1625530237000,23496.0
1625530267000,23496.0
1625530297000,23496.0
1625530327000,23496.0
1625530357000,23496.0
1625530387000,23496.0
1625530417000,23496.0
1625530447000,23496.0
1625530477000,23496.0
1625530507000,23496.0
1625530537000,23496.0
1625530567000,23496.0
1625530597000,23496.0
1625530627000,23496.0
1625530657000,23496.0
1625530687000,23496.0
1625530717000,23496.0
1625530747000,23496.0
1625530777000,23496.0
1625530807000,23496.0
1625530837000,23496.0
1625530867000,23496.0
1625530897000,23496.0
1625530927000,23496.0
1625530957000,23496.0
1625530987000,23496.0
1625531017000,23496.0
1625531047000,23496.0
1625531077000,23496.0
1625531107000,23496.0
1625531137000,23496.0
1625531167000,23496.0
1625531197000,23496.0
1625531227000,23496.0
1625531257000,23496.0
1625531287000,23496.0
1625531317000,23496.0
1625531347000,23496.0
1625531377000,23496.0
1625531407000,23496.0
1625531437000,23496.0
1625531467000,23496.0
1625531497000,23496.0
1625531527000,23496.0
1625531557000,23496.0
1625531587000,23496.0
1625531617000,23496.0
1625531647000,23496.0
1625531677000,23496.0
1625531707000,23496.0
1625531737000,23496.0
1625531767000,23496.0
1625531797000,23496.0
1625531827000,23496.0
1625531857000,23496.0
1625531887000,23496.0
1625531917000,23496.0
1625531947000,23496.0
1625531977000,23496.0
1625532007000,23496.0
1625532037000,23496.0
1625532067000,23496.0
1625532097000,23496.0
1625532127000,23496.0
1625532157000,23496.0
1625532187000,23496.0
1625532217000,23496.0
1625532247000,23496.0
1625532277000,23496.0
1625532307000,23496.0
1625532337000,23496.0
1625532367000,23496.0
1625532397000,23496.0
1625532427000,23496.0
1625532457000,23496.0
1625532487000,23496.0
1625532517000,23496.0
1625532547000,23496.0
1625532577000,23496.0
1625532607000,23496.0
1625532637000,23496.0
1625532667000,23496.0
1625532697000,23496.0
1625532727000,23496.0
1625532757000,23496.0
1625532787000,23496.0
1625532817000,23496.0
1625532847000,23496.0
1625532877000,23496.0
1625532907000,23496.0
1625532937000,23496.0
1625532967000,23496.0
1625532997000,23496.0
1625533027000,23496.0
1625533057000,23496.0
1625533087000,23496.0
1625533117000,23496.0
1625533147000,23496.0
1625533177000,23496.0
1625533207000,23496.0
1625533237000,23496.0
1625533267000,23496.0
1625533297000,23496.0
1625533327000,23496.0
1625533357000,23496.0
1625533387000,23496.0
1625533417000,23496.0
1625533447000,23496.0
1625533477000,23496.0
1625533507000,23496.0
1625533537000,23496.0
1625533567000,23496.0
1625533597000,23496.0
1625533627000,23496.0
1625533657000,23496.0
1625533687000,23496.0
1625533717000,23496.0
1625533747000,23496.0
1625533777000,23496.0
1625533807000,23496.0
1625533837000,23496.0
1625533867000,23496.0
1625533897000,23496.0
1625533927000,23496.0
1625533957000,23496.0
1625533987000,23496.0
1625534017000,23496.0
1625534047000,23496.0
1625534077000,23496.0
1625534107000,23496.0
1625534137000,23496.0
1625534167000,23496.0
1625534197000,23496.0
1625534227000,23496.0
1625534257000,23496.0
1625534287000,23496.0
1625534317000,23496.0
1625534347000,23496.0
1625534377000,23496.0
1625534407000,23496.0
1625534437000,23496.0
1625534467000,23496.0
1625534497000,23496.0
1625534527000,23496.0
1625534557000,23496.0
1625534587000,23496.0
1625534617000,23496.0
1625534647000,23496.0
1625534677000,23496.0
1625534707000,23496.0
1625534737000,23496.0
1625534767000,23496.0
1625534797000,23496.0
1625534827000,23496.0
1625534857000,23496.0
1625534887000,23496.0
1625534917000,23496.0
1625534947000,23496.0
1625534977000,23496.0
1625535007000,23496.0
1625535037000,23496.0
1625535067000,23496.0
1625535097000,23496.0
1625535127000,23496.0
1625535157000,23496.0
1625535187000,23496.0
1625535217000,23496.0
1625535247000,23496.0
1625535277000,23496.0
1625535307000,23496.0
1625535337000,23496.0
1625535367000,23496.0
1625535397000,23496.0
1625535427000,23496.0
1625535457000,23496.0
1625535487000,23496.0
1625535517000,23496.0
1625535547000,23496.0
1625535577000,23496.0
1625535607000,23496.0
1625535637000,23496.0
1625535667000,23496.0
1625535697000,23496.0
1625535727000,23496.0
1625535757000,23496.0
1625535787000,23496.0
1625535817000,23496.0
1625535847000,23496.0
1625535877000,23496.0
1625535907000,23496.0
1625535937000,23496.0
1625535967000,23496.0
1625535997000,23496.0
1625536027000,23496.0
1625536057000,23496.0
1625536087000,23496.0
1625536117000,23496.0
1625536147000,23496.0
1625536177000,23496.0
1625536207000,23496.0
1625536237000,23496.0
1625536267000,23496.0
1625536297000,23496.0
1625536327000,23496.0
1625536357000,23496.0
1625536387000,23496.0
1625536417000,23496.0
1625536447000,23496.0
1625536477000,23496.0
1625536507000,23496.0
1625536537000,23496.0
1625536567000,23496.0
1625536597000,23496.0
1625536627000,23496.0
1625536657000,23496.0
1625536687000,23496.0
1625536717000,23496.0
1625536747000,23496.0
1625536777000,23496.0
1625536807000,23496.0
1625536837000,23496.0
1625536867000,23496.0
1625536897000,23496.0
1625536927000,23496.0
1625536957000,23496.0
1625536987000,23496.0
1625537017000,23496.0
1625537047000,23496.0
1625537077000,23496.0
1625537107000,23496.0
1625537137000,23496.0
1625537167000,23496.0
1625537197000,23496.0
1625537227000,23496.0
1625537257000,23496.0
1625537287000,23496.0
1625537317000,23496.0
1625537347000,23496.0
1625537377000,23496.0
1625537407000,23496.0
1625537437000,23496.0
1625537467000,23496.0
1625537497000,23496.0
1625537527000,23496.0
1625537557000,23496.0
1625537587000,23496.0
1625537617000,23496.0
1625537647000,23496.0
1625537677000,23496.0
1625537707000,23496.0
1625537737000,23496.0
1625537767000,23496.0
1625537797000,23496.0
1625537827000,23496.0
1625537857000,23496.0
1625537887000,23496.0
1625537917000,23496.0
1625537947000,23496.0
1625537977000,23496.0
1625538007000,23496.0
1625538037000,23496.0
1625538067000,23496.0
1625538097000,23496.0
1625538127000,23496.0
1625538157000,23496.0
1625538187000,23496.0
1625538217000,23496.0
1625538247000,23496.0
1625538277000,23496.0
1625538307000,23496.0
1625538337000,23496.0
1625538367000,23496.0
1625538397000,23496.0
1625538427000,23496.0
1625538457000,23496.0
1625538487000,23496.0
1625538517000,23496.0
1625538547000,23496.0
1625538577000,23496.0
1625538607000,23496.0
1625538637000,23496.0
1625538667000,23496.0
1625538697000,23496.0
1625538727000,23496.0
1625538757000,23496.0
1625538787000,23496.0
1625538817000,23496.0
1625538847000,23496.0
1625538877000,23496.0
1625538907000,23496.0
1625538937000,23496.0
1625538967000,23496.0
1625538997000,23496.0
1625539027000,23496.0
1625539057000,23496.0
1625539087000,23496.0
1625539117000,23496.0
1625539147000,23496.0
1625539177000,23496.0
1625539207000,23496.0
1625539237000,23496.0
1625539267000,23496.0
1625539297000,23496.0
1625539327000,23496.0
1625539357000,23496.0
1625539387000,23496.0
1625539417000,23496.0
1625539447000,23496.0
1625539477000,23496.0
1625539507000,23496.0
1625539537000,23496.0
1625539567000,23496.0
1625539597000,23496.0
1625539627000,23496.0
1625539657000,23496.0
1625539687000,23496.0
1625539717000,23496.0
1625539747000,23496.0
1625539777000,23496.0
1625539807000,23496.0
1625539837000,23496.0
1625539867000,23496.0
1625539897000,23496.0
1625539927000,23496.0
1625539957000,23496.0
1625539987000,23496.0
1625540017000,23496.0
1625540047000,23496.0
1625540077000,23496.0
1625540107000,23496.0
1625540137000,23496.0
1625540167000,23496.0
1625540197000,23496.0
1625540227000,23496.0
1625540257000,23496.0
1625540287000,23496.0
1625540317000,23496.0
1625540347000,23496.0
1625540377000,23496.0
1625540407000,23496.0
1625540437000,23496.0
1625540467000,23496.0
1625540497000,23496.0
1625540527000,23496.0
1625540557000,23496.0
1625540587000,23496.0
1625540617000,23496.0
1625540647000,23496.0
1625540677000,23496.0
1625540707000,23496.0
1625540737000,23496.0
1625540767000,23496.0
1625540797000,23496.0
1625540827000,23496.0
1625540857000,23496.0
1625540887000,23496.0
1625540917000,23496.0
1625540947000,23496.0
1625540977000,23496.0
1625541007000,23496.0
1625541037000,23496.0
1625541067000,23496.0
1625541097000,23496.0
1625541127000,23496.0
1625541157000,23496.0
1625541187000,23496.0
1625541217000,23496.0
1625541247000,23496.0
1625541277000,23496.0
1625541307000,23496.0
1625541337000,23496.0
1625541367000,23496.0
1625541397000,23496.0
1625541427000,23496.0
1625541457000,23496.0
1625541487000,23496.0
1625541517000,23496.0
1625541547000,23496.0
1625541577000,23496.0
1625541607000,23496.0
1625541637000,23496.0
1625541667000,23496.0
1625541697000,23496.0
1625541727000,23496.0
1625541757000,23496.0
1625541787000,23496.0
1625541817000,23496.0
1625541847000,23496.0
1625541877000,23496.0
1625541907000,23496.0
1625541937000,23496.0
1625541967000,23496.0
1625541997000,23496.0
1625542027000,23496.0
1625542057000,23496.0
1625542087000,23496.0
1625542117000,23496.0
1625542147000,23496.0
1625542177000,23496.0
1625542207000,23496.0
1625542237000,23496.0
1625542267000,23496.0
1625542297000,23496.0
1625542327000,23496.0
1625542357000,23496.0
1625542387000,23496.0
1625542417000,23496.0
1625542447000,23496.0
1625542477000,23496.0
1625542507000,23496.0
1625542537000,23496.0
1625542567000,23496.0
1625542597000,23496.0
1625542627000,23496.0
1625542657000,23496.0
1625542687000,23496.0
1625542717000,23496.0
1625542747000,23496.0
1625542777000,23496.0
1625542807000,23496.0
1625542837000,23496.0
1625542867000,23496.0
1625542897000,23496.0
1625542927000,23496.0
1625542957000,23496.0
1625542987000,23496.0
1625543017000,23496.0
1625543047000,23496.0
1625543077000,23496.0
1625543107000,23496.0
1625543137000,23496.0
1625543167000,23496.0
1625543197000,23496.0
1625543227000,23496.0
1625543257000,23496.0
1625543287000,23496.0
1625543317000,23496.0
1625543347000,23496.0
1625543377000,23496.0
1625543407000,23496.0
1625543437000,23496.0
1625543467000,23496.0
1625543497000,23496.0
1625543527000,23496.0
1625543557000,23496.0
1625543587000,23496.0
1625543617000,23496.0
1625543647000,23496.0
1625543677000,23496.0
1625543707000,23496.0
1625543737000,23496.0
1625543767000,23496.0
1625543797000,23496.0
1625543827000,23496.0
1625543857000,23496.0
1625543887000,23496.0
1625543917000,23496.0
1625543947000,23496.0
1625543977000,23496.0
1625544007000,23496.0
1625544037000,23496.0
1625544067000,23496.0
1625544097000,23496.0
1625544127000,23496.0
1625544157000,23496.0
1625544187000,23496.0
1625544217000,23496.0
1625544247000,23496.0
1625544277000,23496.0
1625544307000,23496.0
1625544337000,23496.0
1625544367000,23496.0
1625544397000,23496.0
1625544427000,23496.0
1625544457000,23496.0
1625544487000,23496.0
1625544517000,23496.0
1625544547000,23496.0
1625544577000,23496.0
1625544607000,23496.0
1625544637000,23496.0
1625544667000,23496.0
1625544697000,23496.0
1625544727000,23496.0
1625544757000,23496.0
1625544787000,23496.0
1625544817000,23496.0
1625544847000,23496.0
1625544877000,23496.0
1625544907000,23496.0
1625544937000,23496.0
1625544967000,23496.0
1625544997000,23496.0
1625545027000,23496.0
1625545057000,23496.0
1625545087000,23496.0
1625545117000,23496.0
1625545147000,23496.0
1625545177000,23496.0
1625545207000,23496.0
1625545237000,23496.0
1625545267000,23496.0
1625545297000,23496.0
1625545327000,23496.0
1625545357000,23496.0
1625545387000,23496.0
1625545417000,23496.0
1625545447000,23496.0
1625545477000,23496.0
1625545507000,23496.0
1625545537000,23496.0
1625545567000,23496.0
1625545597000,23496.0
1625545627000,23496.0
1625545657000,23496.0
1625545687000,23496.0
1625545717000,23496.0
1625545747000,23496.0
1625545777000,23496.0
1625545807000,23496.0
1625545837000,23496.0
1625545867000,23496.0
1625545897000,23496.0
1625545927000,23496.0
1625545957000,23496.0
1625545987000,23496.0
1625546017000,23496.0
1625546047000,23496.0
1625546077000,23496.0
1625546107000,23496.0
1625546137000,23496.0
1625546167000,23496.0
1625546197000,23496.0
1625546227000,23496.0
1625546257000,23496.0
1625546287000,23496.0
1625546317000,23496.0
1625546347000,23496.0
1625546377000,23496.0
1625546407000,23496.0
1625546437000,23496.0
1625546467000,23496.0
1625546497000,23496.0
1625546527000,23496.0
1625546557000,23496.0
1625546587000,23496.0
1625546617000,23496.0
1625546647000,23496.0
1625546677000,23496.0
1625546707000,23496.0
1625546737000,23496.0
1625546767000,23496.0
1625546797000,23496.0
1625546827000,23496.0
1625546857000,23496.0
1625546887000,23496.0
1625546917000,23496.0
1625546947000,23496.0
1625546977000,23496.0
1625547007000,23496.0
1625547037000,23496.0
1625547067000,23496.0
1625547097000,23496.0
1625547127000,23496.0
1625547157000,23496.0
1625547187000,23496.0
1625547217000,23496.0
1625547247000,23496.0
1625547277000,23496.0
1625547307000,23496.0
1625547337000,23496.0
1625547367000,23496.0
1625547397000,23496.0
1625547427000,23496.0
1625547457000,23496.0
1625547487000,23496.0
1625547517000,23496.0
1625547547000,23496.0
1625547577000,23496.0
1625547607000,23496.0
1625547637000,23496.0
1625547667000,23496.0
1625547697000,23496.0
1625547727000,23496.0
1625547757000,23496.0
1625547787000,23496.0
1625547817000,23496.0
1625547847000,23496.0
1625547877000,23496.0
1625547907000,23496.0
1625547937000,23496.0
1625547967000,23496.0
1625547997000,23496.0
1625548027000,23496.0
1625548057000,23496.0
1625548087000,23496.0
1625548117000,23496.0
1625548147000,23496.0
1625548177000,23496.0
1625548207000,23496.0
1625548237000,23496.0
1625548267000,23496.0
1625548297000,23496.0
1625548327000,23496.0
1625548357000,23496.0
1625548387000,23496.0
1625548417000,23496.0
1625548447000,23496.0
1625548477000,23496.0
1625548507000,23496.0
1625548537000,23496.0
1625548567000,23496.0
1625548597000,23496.0
1625548627000,23496.0
1625548657000,23496.0
1625548687000,23496.0
1625548717000,23496.0
1625548747000,23496.0
1625548777000,23496.0
1625548807000,23496.0
1625548837000,23496.0
1625548867000,23496.0
1625548897000,23496.0
1625548927000,23496.0
1625548957000,23496.0
1625548987000,23496.0
1625549017000,23496.0
1625549047000,23496.0
1625549077000,23496.0
1625549107000,23496.0
1625549137000,23496.0
1625549167000,23496.0
1625549197000,23496.0
1625549227000,23496.0
1625549257000,23496.0
1625549287000,23496.0
1625549317000,23496.0
1625549347000,23496.0
1625549377000,23496.0
1625549407000,23496.0
1625549437000,23496.0
1625549467000,23496.0
1625549497000,23496.0
1625549527000,23496.0
1625549557000,23496.0
1625549587000,23496.0
1625549617000,23496.0
1625549647000,23496.0
1625549677000,23496.0
1625549707000,23496.0
1625549737000,23496.0
1625549767000,23496.0
1625549797000,23496.0
1625549827000,23496.0
1625549857000,23496.0
1625549887000,23496.0
1625549917000,23496.0
1625549947000,23496.0
1625549977000,23496.0
1625550007000,23496.0
1625550037000,23496.0
1625550067000,23496.0
1625550097000,23496.0
1625550127000,23496.0
1625550157000,23496.0
1625550187000,23496.0
1625550217000,23496.0
1625550247000,23496.0
1625550277000,23496.0
1625550307000,23496.0
1625550337000,23496.0
1625550367000,23496.0
1625550397000,23496.0
1625550427000,23496.0
1625550457000,23496.0
1625550487000,23496.0
1625550517000,23496.0
1625550547000,23496.0
1625550577000,23496.0
1625550607000,23496.0
1625550637000,23496.0
1625550667000,23496.0
1625550697000,23496.0
1625550727000,23496.0
1625550757000,23496.0
1625550787000,23496.0
1625550817000,23496.0
1625550847000,23496.0
1625550877000,23496.0
1625550907000,23496.0
1625550937000,23496.0
1625550967000,23496.0
1625550997000,23496.0
1625551027000,23496.0
1625551057000,23496.0
1625551087000,23496.0
1625551117000,23496.0
1625551147000,23496.0
1625551177000,23496.0
1625551207000,23496.0
1625551237000,23496.0
1625551267000,23496.0
1625551297000,23496.0
1625551327000,23496.0
1625551357000,23496.0
1625551387000,23496.0
1625551417000,23496.0
1625551447000,23496.0
1625551477000,23496.0
1625551507000,23496.0
1625551537000,23496.0
1625551567000,23496.0
1625551597000,23496.0
1625551627000,23496.0
1625551657000,23496.0
1625551687000,23496.0
1625551717000,23496.0
1625551747000,23496.0
1625551777000,23496.0
1625551807000,23496.0
1625551837000,23496.0
1625551867000,23496.0
1625551897000,23496.0
1625551927000,23496.0
1625551957000,23496.0
1625551987000,23496.0
1625552017000,23496.0
1625552047000,23496.0
1625552077000,23496.0
1625552107000,23496.0
1625552137000,23496.0
1625552167000,23496.0
1625552197000,23496.0
1625552227000,23496.0
1625552257000,23496.0
1625552287000,23496.0
1625552317000,23496.0
1625552347000,23496.0
1625552377000,23496.0
1625552407000,23496.0
1625552437000,23496.0
1625552467000,23496.0
1625552497000,23496.0
1625552527000,23496.0
1625552557000,23496.0
1625552587000,23496.0
1625552617000,23496.0
1625552647000,23496.0
1625552677000,23496.0
1625552707000,23496.0
1625552737000,23496.0
1625552767000,23496.0
1625552797000,23496.0
1625552827000,23496.0
1625552857000,23496.0
1625552887000,23496.0
1625552917000,23496.0
1625552947000,23496.0
1625552977000,23496.0
1625553007000,23496.0
1625553037000,23496.0
1625553067000,23496.0
1625553097000,23496.0
1625553127000,23496.0
1625553157000,23496.0
1625553187000,23496.0
1625553217000,23496.0
1625553247000,23496.0
1625553277000,23496.0
1625553307000,24519.0
1625553337000,24519.0
1625553367000,24519.0
1625553397000,24519.0
1625553427000,24519.0
1625553457000,24519.0
1625553487000,24519.0
1625553517000,24519.0
1625553547000,24519.0
1625553577000,24519.0
1625553607000,24519.0
1625553637000,24519.0
1625553667000,24519.0
1625553697000,24519.0
1625553727000,24519.0
1625553757000,24519.0
1625553787000,24519.0
1625553817000,24519.0
1625553847000,24519.0
1625553877000,24519.0
1625553907000,24519.0
1625553937000,24519.0
1625553967000,24519.0
1625553997000,24519.0
1625554027000,24519.0
1625554057000,24519.0
1625554087000,24519.0
1625554117000,24519.0
1625554147000,24519.0
1625554177000,24519.0
1625554207000,24519.0
1625554237000,24519.0
1625554267000,24519.0
1625554297000,24519.0
1625554327000,24519.0
1625554357000,24519.0
1625554387000,24519.0
1625554417000,24519.0
1625554447000,24519.0
1625554477000,24519.0
1625554507000,24519.0
1625554537000,24519.0
1625554567000,24519.0
1625554597000,24519.0
1625554627000,24519.0
1625554657000,24519.0
1625554687000,24519.0
1625554717000,24519.0
1625554747000,24519.0
1625554777000,24519.0
1625554807000,24519.0
1625554837000,24519.0
1625554867000,24519.0
1625554897000,24519.0
1625554927000,24519.0
1625554957000,24519.0
1625554987000,24519.0
1625555017000,24519.0
1625555047000,24519.0
1625555077000,24519.0
1625555107000,24519.0
1625555137000,24519.0
1625555167000,24519.0
1625555197000,24519.0
1625555227000,24519.0
1625555257000,24519.0
1625555287000,24519.0
1625555317000,24519.0
1625555347000,24519.0
1625555377000,24519.0
1625555407000,24519.0
1625555437000,24519.0
1625555467000,24519.0
1625555497000,24519.0
1625555527000,24519.0
1625555557000,24519.0
1625555587000,24519.0
1625555617000,24519.0
1625555647000,24519.0
1625555677000,24519.0
1625555707000,24519.0
1625555737000,24519.0
1625555767000,24519.0
1625555797000,24519.0
1625555827000,24519.0
1625555857000,24519.0
1625555887000,24519.0
1625555917000,24519.0
1625555947000,24519.0
1625555977000,24519.0
1625556007000,24519.0
1625556037000,24519.0
1625556067000,24519.0
1625556097000,24519.0
1625556127000,24519.0
1625556157000,24519.0
1625556187000,24519.0
1625556217000,24519.0
1625556247000,24519.0
1625556277000,24519.0
1625556307000,24519.0
1625556337000,24519.0
1625556367000,24519.0
1625556397000,24519.0
1625556427000,24519.0
1625556457000,24519.0
1625556487000,24519.0
1625556517000,24519.0
1625556547000,24519.0
1625556577000,24519.0
1625556607000,24519.0
1625556637000,24519.0
1625556667000,24519.0
1625556697000,24519.0
1625556727000,24519.0
1625556757000,24519.0
1625556787000,24519.0
1625556817000,24519.0
1625556847000,24519.0
1625556877000,24519.0
1625556907000,24519.0
1625556937000,24519.0
1625556967000,24519.0
1625556997000,24519.0
1625557027000,24519.0
1625557057000,24519.0
1625557087000,24519.0
1625557117000,24519.0
1625557147000,24519.0
1625557177000,24519.0
1625557207000,24519.0
1625557237000,24519.0
1625557267000,24519.0
1625557297000,24519.0
1625557327000,24519.0
1625557357000,24519.0
1625557387000,24519.0
1625557417000,24519.0
1625557447000,24519.0
1625557477000,24519.0
1625557507000,24519.0
1625557537000,24519.0
1625557567000,24519.0
1625557597000,24519.0
1625557627000,24519.0
1625557657000,24519.0
1625557687000,24519.0
1625557717000,24519.0
1625557747000,24519.0
1625557777000,24519.0
1625557807000,24519.0
1625557837000,24519.0
1625557867000,24519.0
1625557897000,24519.0
1625557927000,24519.0
1625557957000,24519.0
1625557987000,24519.0
1625558017000,24519.0
1625558047000,24519.0
1625558077000,24519.0
1625558107000,24519.0
1625558137000,24519.0
1625558167000,24519.0
1625558197000,24519.0
1625558227000,24519.0
1625558257000,24519.0
1625558287000,24519.0
1625558317000,24519.0
1625558347000,24519.0
1625558377000,24519.0
1625558407000,24519.0
1625558437000,24519.0
1625558467000,24519.0
1625558497000,24519.0
1625558527000,24519.0
1625558557000,24519.0
1625558587000,24519.0
1625558617000,24519.0
1625558647000,24519.0
1625558677000,24519.0
1625558707000,24519.0
1625558737000,24519.0
1625558767000,24519.0
1625558797000,24519.0
1625558827000,24519.0
1625558857000,24519.0
1625558887000,24519.0
1625558917000,24519.0
1625558947000,24519.0
1625558977000,24519.0
1625559007000,24519.0
1625559037000,24519.0
1625559067000,24519.0
1625559097000,24519.0
1625559127000,24519.0
1625559157000,24519.0
1625559187000,24519.0
1625559217000,24519.0
1625559247000,24519.0
1625559277000,24519.0
1625559307000,24519.0
1625559337000,24519.0
1625559367000,24519.0
1625559397000,24519.0
1625559427000,24519.0
1625559457000,24519.0
1625559487000,24519.0
1625559517000,24519.0
1625559547000,24519.0
1625559577000,24519.0
1625559607000,24519.0
1625559637000,24519.0
1625559667000,24519.0
1625559697000,24519.0
1625559727000,24519.0
1625559757000,24519.0
1625559787000,24519.0
1625559817000,24519.0
1625559847000,24519.0
1625559877000,24519.0
1625559907000,24519.0
1625559937000,24519.0
1625559967000,24519.0
1625559997000,24519.0
1625560027000,24519.0
1625560057000,24519.0
1625560087000,24519.0
1625560117000,24519.0
1625560147000,24519.0
1625560177000,24519.0
1625560207000,24519.0
1625560237000,24519.0
1625560267000,24519.0
1625560297000,24519.0
1625560327000,24519.0
1625560357000,24519.0
1625560387000,24519.0
1625560417000,24519.0
1625560447000,24519.0
1625560477000,24519.0
1625560507000,24519.0
1625560537000,24519.0
1625560567000,24519.0
1625560597000,24519.0
1625560627000,24519.0
1625560657000,24519.0
1625560687000,24519.0
1625560717000,24519.0
1625560747000,24519.0
1625560777000,24519.0
1625560807000,24519.0
1625560837000,24519.0
1625560867000,24519.0
1625560897000,24519.0
1625560927000,24519.0
1625560957000,24519.0
1625560987000,24519.0
1625561017000,24519.0
1625561047000,24519.0
1625561077000,24519.0
1625561107000,24519.0
1625561137000,24519.0
1625561167000,24519.0
1625561197000,24519.0
1625561227000,24519.0
1625561257000,24519.0
1625561287000,24519.0
1625561317000,24519.0
1625561347000,24519.0
1625561377000,24519.0
1625561407000,24519.0
1625561437000,24519.0
1625561467000,24519.0
1625561497000,24519.0
1625561527000,24519.0
1625561557000,24519.0
1625561587000,24519.0
1625561617000,24519.0
1625561647000,24519.0
1625561677000,24519.0
1625561707000,24519.0
1625561737000,24519.0
1625561767000,24519.0
1625561797000,24519.0
1625561827000,24519.0
1625561857000,24519.0
1625561887000,24519.0
1625561917000,24519.0
1625561947000,24519.0
1625561977000,24519.0
1625562007000,24519.0
1625562037000,24519.0
1625562067000,24519.0
1625562097000,24519.0
1625562127000,24519.0
1625562157000,24519.0
1625562187000,24519.0
1625562217000,24519.0
1625562247000,24519.0
1625562277000,24519.0
1625562307000,24519.0
1625562337000,24519.0
1625562367000,24519.0
1625562397000,24519.0
1625562427000,24519.0
1625562457000,24519.0
1625562487000,24519.0
1625562517000,24519.0
1625562547000,24519.0
1625562577000,24519.0
1625562607000,24519.0
1625562637000,24519.0
1625562667000,24519.0
1625562697000,24519.0
1625562727000,24519.0
1625562757000,24519.0
1625562787000,24519.0
1625562817000,24519.0
1625562847000,24519.0
1625562877000,24519.0
1625562907000,24519.0
1625562937000,24519.0
1625562967000,24519.0
1625562997000,24519.0
1625563027000,24519.0
1625563057000,24519.0
1625563087000,24519.0
1625563117000,24519.0
1625563147000,24519.0
1625563177000,24519.0
1625563207000,24519.0
1625563237000,24519.0
1625563267000,24519.0
1625563297000,24519.0
1625563327000,24519.0
1625563357000,24519.0
1625563387000,24519.0
1625563417000,24519.0
1625563447000,24519.0
1625563477000,24519.0
1625563507000,24519.0
1625563537000,24519.0
1625563567000,24519.0
1625563597000,24519.0
1625563627000,24519.0
1625563657000,24519.0
1625563687000,24519.0
1625563717000,24519.0
1625563747000,24519.0
1625563777000,24519.0
1625563807000,24519.0
1625563837000,24519.0
1625563867000,24519.0
1625563897000,24519.0
1625563927000,24519.0
1625563957000,24519.0
1625563987000,24519.0
1625564017000,24519.0
1625564047000,24519.0
1625564077000,24519.0
1625564107000,24519.0
1625564137000,24519.0
1625564167000,24519.0
1625564197000,24519.0
1625564227000,24519.0
1625564257000,24519.0
1625564287000,24519.0
1625564317000,24519.0
1625564347000,24519.0
1625564377000,24519.0
1625564407000,24519.0
1625564437000,24519.0
1625564467000,24519.0
1625564497000,24519.0
1625564527000,24519.0
1625564557000,24519.0
1625564587000,24519.0
1625564617000,24519.0
1625564647000,24519.0
1625564677000,24519.0
1625564707000,24519.0
1625564737000,24519.0
1625564767000,24519.0
1625564797000,24519.0
1625564827000,24519.0
1625564857000,24519.0
1625564887000,24519.0
1625564917000,24519.0
1625564947000,24519.0
1625564977000,24519.0
1625565007000,24519.0
1625565037000,24519.0
1625565067000,24519.0
1625565097000,24519.0
1625565127000,24519.0
1625565157000,24519.0
1625565187000,24519.0
1625565217000,24519.0
1625565247000,24519.0
1625565277000,24519.0
1625565307000,24519.0
1625565337000,24519.0
1625565367000,24519.0
1625565397000,24519.0
1625565427000,24519.0
1625565457000,24519.0
1625565487000,24519.0
1625565517000,24519.0
1625565547000,24519.0
1625565577000,24519.0
1625565607000,24519.0
1625565637000,24519.0
1625565667000,24519.0
1625565697000,24519.0
1625565727000,24519.0
1625565757000,24519.0
1625565787000,24519.0
1625565817000,24519.0
1625565847000,24519.0
1625565877000,24519.0
1625565907000,24519.0
1625565937000,24519.0
1625565967000,24519.0
1625565997000,24519.0
1625566027000,24519.0
1625566057000,24519.0
1625566087000,24519.0
1625566117000,24519.0
1625566147000,24519.0
1625566177000,24519.0
1625566207000,24519.0
1625566237000,24519.0
1625566267000,24519.0
1625566297000,24519.0
1625566327000,24519.0
1625566357000,24519.0
1625566387000,24519.0
1625566417000,24519.0
1625566447000,24519.0
1625566477000,24519.0
1625566507000,24519.0
1625566537000,24519.0
1625566567000,24519.0
1625566597000,24519.0
1625566627000,24519.0
1625566657000,24519.0
1625566687000,24519.0
1625566717000,24519.0
1625566747000,24519.0
1625566777000,24519.0
1625566807000,24519.0
1625566837000,24519.0
1625566867000,24519.0
1625566897000,24519.0
1625566927000,24519.0
1625566957000,24519.0
1625566987000,24519.0
1625567017000,24519.0
1625567047000,24519.0
1625567077000,24519.0
1625567107000,24519.0
1625567137000,24519.0
1625567167000,24519.0
1625567197000,24519.0
1625567227000,24519.0
1625567257000,24519.0
1625567287000,24519.0
1625567317000,24519.0
1625567347000,24519.0
1625567377000,24519.0
1625567407000,24519.0
1625567437000,24519.0
1625567467000,24519.0
1625567497000,24519.0
1625567527000,24519.0
1625567557000,24519.0
1625567587000,24519.0
1625567617000,24519.0
1625567647000,24519.0
1625567677000,24519.0
1625567707000,24519.0
1625567737000,24519.0
1625567767000,24519.0
1625567797000,24519.0
1625567827000,24519.0
1625567857000,24519.0
1625567887000,24519.0
1625567917000,24519.0
1625567947000,24519.0
1625567977000,24519.0
1625568007000,24519.0
1625568037000,24519.0
1625568067000,24519.0
1625568097000,24519.0
1625568127000,24519.0
1625568157000,24519.0
1625568187000,24519.0
1625568217000,24519.0
1625568247000,24519.0
1625568277000,24519.0
1625568307000,24519.0
1625568337000,24519.0
1625568367000,24519.0
1625568397000,24519.0
1625568427000,24519.0
1625568457000,24519.0
1625568487000,24519.0
1625568517000,24519.0
1625568547000,24519.0
1625568577000,24519.0
1625568607000,24519.0
1625568637000,24519.0
1625568667000,24519.0
1625568697000,24519.0
1625568727000,24519.0
1625568757000,24519.0
1625568787000,24519.0
1625568817000,24519.0
1625568847000,24519.0
1625568877000,24519.0
1625568907000,24519.0
1625568937000,24519.0
1625568967000,24519.0
1625568997000,24519.0
1625569027000,24519.0
1625569057000,24519.0
1625569087000,24519.0
1625569117000,24519.0
1625569147000,24519.0
1625569177000,24519.0
1625569207000,24519.0
1625569237000,24519.0
1625569267000,24519.0
1625569297000,24519.0
1625569327000,24519.0
1625569357000,24519.0
1625569387000,24519.0
1625569417000,24519.0
1625569447000,24519.0
1625569477000,24519.0
1625569507000,24519.0
1625569537000,24519.0
1625569567000,24519.0
1625569597000,24519.0
1625569627000,24519.0
1625569657000,24519.0
1625569687000,24519.0
1625569717000,24519.0
1625569747000,24519.0
1625569777000,24519.0
1625569807000,24519.0
1625569837000,24519.0
1625569867000,24519.0
1625569897000,24519.0
1625569927000,24519.0
1625569957000,24519.0
1625569987000,24519.0
1625570017000,24519.0
1625570047000,24519.0
1625570077000,24519.0
1625570107000,24519.0
1625570137000,24519.0
1625570167000,24519.0
1625570197000,24519.0
1625570227000,24519.0
1625570257000,24519.0
1625570287000,24519.0
1625570317000,24519.0
1625570347000,24519.0
1625570377000,24519.0
1625570407000,24519.0
1625570437000,24519.0
1625570467000,24519.0
1625570497000,24519.0
1625570527000,24519.0
1625570557000,24519.0
1625570587000,24519.0
1625570617000,24519.0
1625570647000,24519.0
1625570677000,24519.0
1625570707000,24519.0
1625570737000,24519.0
1625570767000,24519.0
1625570797000,24519.0
1625570827000,24519.0
1625570857000,24519.0
1625570887000,24519.0
1625570917000,24519.0
1625570947000,24519.0
1625570977000,24519.0
1625571007000,24519.0
1625571037000,24519.0
1625571067000,24519.0
1625571097000,24519.0
1625571127000,24519.0
1625571157000,24519.0
1625571187000,24519.0
1625571217000,24519.0
1625571247000,24519.0
1625571277000,24519.0
1625571307000,24519.0
1625571337000,24519.0
1625571367000,24519.0
1625571397000,24519.0
1625571427000,24519.0
1625571457000,24519.0
1625571487000,24519.0
1625571517000,24519.0
1625571547000,24519.0
1625571577000,24519.0
1625571607000,24519.0
1625571637000,24519.0
1625571667000,24519.0
1625571697000,24519.0
1625571727000,24519.0
1625571757000,24519.0
1625571787000,24519.0
1625571817000,24519.0
1625571847000,24519.0
1625571877000,24519.0
1625571907000,24519.0
1625571937000,24519.0
1625571967000,24519.0
1625571997000,24519.0
1625572027000,24519.0
1625572057000,24519.0
1625572087000,24519.0
1625572117000,24519.0
1625572147000,24519.0
1625572177000,24519.0
1625572207000,24519.0
1625572237000,24519.0
1625572267000,24519.0
1625572297000,24519.0
1625572327000,24519.0
1625572357000,24519.0
1625572387000,24519.0
1625572417000,24519.0
1625572447000,24519.0
1625572477000,24519.0
1625572507000,24519.0
1625572537000,24519.0
1625572567000,24519.0
1625572597000,24519.0
1625572627000,24519.0
1625572657000,24519.0
1625572687000,24519.0
1625572717000,24519.0
1625572747000,24519.0
1625572777000,24519.0
1625572807000,24519.0
1625572837000,24519.0
1625572867000,24519.0
1625572897000,24519.0
1625572927000,24519.0
1625572957000,24519.0
1625572987000,24519.0
1625573017000,24519.0
1625573047000,24519.0
1625573077000,24519.0
1625573107000,24519.0
1625573137000,24519.0
1625573167000,24519.0
1625573197000,24519.0
1625573227000,24519.0
1625573257000,24519.0
1625573287000,24519.0
1625573317000,24519.0
1625573347000,24519.0
1625573377000,24519.0
1625573407000,24519.0
1625573437000,24519.0
1625573467000,24519.0
1625573497000,24519.0
1625573527000,24519.0
1625573557000,24519.0
1625573587000,24519.0
1625573617000,24519.0
1625573647000,24519.0
1625573677000,24519.0
1625573707000,24519.0
1625573737000,24519.0
1625573767000,24519.0
1625573797000,24519.0
1625573827000,24519.0
1625573857000,24519.0
1625573887000,24519.0
1625573917000,24519.0
1625573947000,24519.0
1625573977000,24519.0
1625574007000,24519.0
1625574037000,24519.0
1625574067000,24519.0
1625574097000,24519.0
1625574127000,24519.0
1625574157000,24519.0
1625574187000,24519.0
1625574217000,24519.0
1625574247000,24519.0
1625574277000,24519.0
1625574307000,24519.0
1625574337000,24519.0
1625574367000,24519.0
1625574397000,24519.0
1625574427000,24519.0
1625574457000,24519.0
1625574487000,24519.0
1625574517000,24519.0
1625574547000,24519.0
1625574577000,24519.0
1625574607000,24519.0
1625574637000,24519.0
1625574667000,24519.0
1625574697000,24519.0
1625574727000,24519.0
1625574757000,24519.0
1625574787000,24519.0
1625574817000,24519.0
1625574847000,24519.0
1625574877000,24519.0
1625574907000,24519.0
1625574937000,24519.0
1625574967000,24519.0
1625574997000,24519.0
1625575027000,24519.0
1625575057000,24519.0
1625575087000,24519.0
1625575117000,24519.0
1625575147000,24519.0
1625575177000,24519.0
1625575207000,24519.0
1625575237000,24519.0
1625575267000,24519.0
1625575297000,24519.0
1625575327000,24519.0
1625575357000,24519.0
1625575387000,24519.0
1625575417000,24519.0
1625575447000,24519.0
1625575477000,24519.0
1625575507000,24519.0
1625575537000,24519.0
1625575567000,24519.0
1625575597000,24519.0
1625575627000,24519.0
1625575657000,24519.0
1625575687000,24519.0
1625575717000,24519.0
1625575747000,24519.0
1625575777000,24519.0
1625575807000,24519.0
1625575837000,24519.0
1625575867000,24519.0
1625575897000,24519.0
1625575927000,24519.0
1625575957000,24519.0
1625575987000,24519.0
1625576017000,24519.0
1625576047000,24519.0
1625576077000,24519.0
1625576107000,24519.0
1625576137000,24519.0
1625576167000,24519.0
1625576197000,24519.0
1625576227000,24519.0
1625576257000,24519.0
1625576287000,24519.0
1625576317000,24519.0
1625576347000,24519.0
1625576377000,24519.0
1625576407000,24519.0
1625576437000,24519.0
1625576467000,24519.0
1625576497000,24519.0
1625576527000,24519.0
1625576557000,24519.0
1625576587000,24519.0
1625576617000,24519.0
1625576647000,24519.0
1625576677000,24519.0
1625576707000,24519.0
1625576737000,24519.0
1625576767000,24519.0
1625576797000,24519.0
1625576827000,24519.0
1625576857000,24519.0
1625576887000,24519.0
1625576917000,24519.0
1625576947000,24519.0
1625576977000,24519.0
1625577007000,24519.0
1625577037000,24519.0
1625577067000,24519.0
1625577097000,24519.0
1625577127000,24519.0
1625577157000,24519.0
1625577187000,24519.0
1625577217000,24519.0
1625577247000,24519.0
1625577277000,24519.0
1625577307000,24519.0
1625577337000,24519.0
1625577367000,24519.0
1625577397000,24519.0
1625577427000,24519.0
1625577457000,24519.0
1625577487000,24519.0
1625577517000,24519.0
1625577547000,24519.0
1625577577000,24519.0
1625577607000,24519.0
1625577637000,24519.0
1625577667000,24519.0
1625577697000,24519.0
1625577727000,24519.0
1625577757000,24519.0
1625577787000,24519.0
1625577817000,24519.0
1625577847000,24519.0
1625577877000,24519.0
1625577907000,24519.0
1625577937000,24519.0
1625577967000,24519.0
1625577997000,24519.0
1625578027000,24519.0
1625578057000,24519.0
1625578087000,24519.0
1625578117000,24519.0
1625578147000,24519.0
1625578177000,24519.0
1625578207000,24519.0
1625578237000,24519.0
1625578267000,24519.0
1625578297000,24519.0
1625578327000,24519.0
1625578357000,24519.0
1625578387000,24519.0
1625578417000,24519.0
1625578447000,24519.0
1625578477000,24519.0
1625578507000,24519.0
1625578537000,24519.0
1625578567000,24519.0
1625578597000,24519.0
1625578627000,24519.0
1625578657000,24519.0
1625578687000,24519.0
1625578717000,24519.0
1625578747000,24519.0
1625578777000,24519.0
1625578807000,24519.0
1625578837000,24519.0
1625578867000,24519.0
1625578897000,24519.0
1625578927000,24519.0
1625578957000,24519.0
1625578987000,24519.0
1625579017000,24519.0
1625579047000,24519.0
1625579077000,24519.0
1625579107000,24519.0
1625579137000,24519.0
1625579167000,24519.0
1625579197000,24519.0
1625579227000,24519.0
1625579257000,24519.0
1625579287000,24519.0
1625579317000,24519.0
1625579347000,24519.0
1625579377000,24519.0
1625579407000,24519.0
1625579437000,24519.0
1625579467000,24519.0
1625579497000,24519.0
1625579527000,24519.0
1625579557000,24519.0
1625579587000,24519.0
1625579617000,24519.0
1625579647000,24519.0
1625579677000,24519.0
1625579707000,24519.0
1625579737000,24519.0
1625579767000,24519.0
1625579797000,24519.0
1625579827000,24519.0
1625579857000,24519.0
1625579887000,24519.0
1625579917000,24519.0
1625579947000,24519.0
1625579977000,24519.0
1625580007000,24519.0
1625580037000,24519.0
1625580067000,24519.0
1625580097000,24519.0
1625580127000,24519.0
1625580157000,24519.0
1625580187000,24519.0
1625580217000,24519.0
1625580247000,24519.0
1625580277000,24519.0
1625580307000,24519.0
1625580337000,24519.0
1625580367000,24519.0
1625580397000,24519.0
1625580427000,24519.0
1625580457000,24519.0
1625580487000,24519.0
1625580517000,24519.0
1625580547000,24519.0
1625580577000,24519.0
1625580607000,24519.0
1625580637000,24519.0
1625580667000,24519.0
1625580697000,24519.0
1625580727000,24519.0
1625580757000,24519.0
1625580787000,24519.0
1625580817000,24519.0
1625580847000,24519.0
1625580877000,24519.0
1625580907000,24519.0
1625580937000,24519.0
1625580967000,24519.0
1625580997000,24519.0
1625581027000,24519.0
1625581057000,24519.0
1625581087000,24519.0
1625581117000,24519.0
1625581147000,24519.0
1625581177000,24519.0
1625581207000,24519.0
1625581237000,24519.0
1625581267000,24519.0
1625581297000,24519.0
1625581327000,24519.0
1625581357000,24519.0
1625581387000,24519.0
1625581417000,24519.0
1625581447000,24519.0
1625581477000,24519.0
1625581507000,24519.0
1625581537000,24519.0
1625581567000,24519.0
1625581597000,24519.0
1625581627000,24519.0
1625581657000,24519.0
1625581687000,24519.0
1625581717000,24519.0
1625581747000,24519.0
1625581777000,24519.0
1625581807000,24519.0
1625581837000,24519.0
1625581867000,24519.0
1625581897000,24519.0
1625581927000,24519.0
1625581957000,24519.0
1625581987000,24519.0
1625582017000,24519.0
1625582047000,24519.0
1625582077000,24519.0
1625582107000,24519.0
1625582137000,24519.0
1625582167000,24519.0
1625582197000,24519.0
1625582227000,24519.0
1625582257000,24519.0
1625582287000,24519.0
1625582317000,24519.0
1625582347000,24519.0
1625582377000,24519.0
1625582407000,24519.0
1625582437000,24519.0
1625582467000,24519.0
1625582497000,24519.0
1625582527000,24519.0
1625582557000,24519.0
1625582587000,24519.0
1625582617000,24519.0
1625582647000,24519.0
1625582677000,24519.0
1625582707000,24519.0
1625582737000,24519.0
1625582767000,24519.0
1625582797000,24519.0
1625582827000,24519.0
1625582857000,24519.0
1625582887000,24519.0
1625582917000,24519.0
1625582947000,24519.0
1625582977000,24519.0
1625583007000,24519.0
1625583037000,24519.0
1625583067000,24519.0
1625583097000,24519.0
1625583127000,24519.0
1625583157000,24519.0
1625583187000,24519.0
1625583217000,24519.0
1625583247000,24519.0
1625583277000,24519.0
1625583307000,24519.0
1625583337000,24519.0
1625583367000,24519.0
1625583397000,24519.0
1625583427000,24519.0
1625583457000,24519.0
1625583487000,24519.0
1625583517000,24519.0
1625583547000,24519.0
1625583577000,24519.0
1625583607000,24519.0
1625583637000,24519.0
1625583667000,24519.0
1625583697000,24519.0
1625583727000,24519.0
1625583757000,24519.0
1625583787000,24519.0
1625583817000,24519.0
1625583847000,24519.0
1625583877000,24519.0
1625583907000,24519.0
1625583937000,24519.0
1625583967000,24519.0
1625583997000,24519.0
1625584027000,24519.0
1625584057000,24519.0
1625584087000,24519.0
1625584117000,24519.0
1625584147000,24519.0
1625584177000,24519.0
1625584207000,24519.0
1625584237000,24519.0
1625584267000,24519.0
1625584297000,24519.0
1625584327000,24519.0
1625584357000,24519.0
1625584387000,24519.0
1625584417000,24519.0
1625584447000,24519.0
1625584477000,24519.0
1625584507000,24519.0
1625584537000,24519.0
1625584567000,24519.0
1625584597000,24519.0
1625584627000,24519.0
1625584657000,24519.0
1625584687000,24519.0
1625584717000,24519.0
1625584747000,24519.0
1625584777000,24519.0
1625584807000,24519.0
1625584837000,24519.0
1625584867000,24519.0
1625584897000,24519.0
1625584927000,24519.0
1625584957000,24519.0
1625584987000,24519.0
1625585017000,24519.0
1625585047000,24519.0
1625585077000,24519.0
1625585107000,24519.0
1625585137000,24519.0
1625585167000,24519.0
1625585197000,24519.0
1625585227000,24519.0
1625585257000,24519.0
1625585287000,24519.0
1625585317000,24519.0
1625585347000,24519.0
1625585377000,24519.0
1625585407000,24519.0
1625585437000,24519.0
1625585467000,24519.0
1625585497000,24519.0
1625585527000,24519.0
1625585557000,24519.0
1625585587000,24519.0
1625585617000,24519.0
1625585647000,24519.0
1625585677000,24519.0
1625585707000,24519.0
1625585737000,24519.0
1625585767000,24519.0
1625585797000,24519.0
1625585827000,24519.0
1625585857000,24519.0
1625585887000,24519.0
1625585917000,24519.0
1625585947000,24519.0
1625585977000,24519.0
1625586007000,24519.0
1625586037000,24519.0
1625586067000,24519.0
1625586097000,24519.0
1625586127000,24519.0
1625586157000,24519.0
1625586187000,24519.0
1625586217000,24519.0
1625586247000,24519.0
1625586277000,24519.0
1625586307000,24519.0
1625586337000,24519.0
1625586367000,24519.0
1625586397000,24519.0
1625586427000,24519.0
1625586457000,24519.0
1625586487000,24519.0
1625586517000,24519.0
1625586547000,24519.0
1625586577000,24519.0
1625586607000,24519.0
1625586637000,24519.0
1625586667000,24519.0
1625586697000,24519.0
1625586727000,24519.0
1625586757000,24519.0
1625586787000,24519.0
1625586817000,24519.0
1625586847000,24519.0
1625586877000,24519.0
1625586907000,24519.0
1625586937000,24519.0
1625586967000,24519.0
1625586997000,24519.0
1625587027000,24519.0
1625587057000,24519.0
1625587087000,24519.0
1625587117000,24519.0
1625587147000,24519.0
1625587177000,24519.0
1625587207000,24519.0
1625587237000,24519.0
1625587267000,24519.0
1625587297000,24519.0
1625587327000,24519.0
1625587357000,24519.0
1625587387000,24519.0
1625587417000,24519.0
1625587447000,24519.0
1625587477000,24519.0
1625587507000,24519.0
1625587537000,24519.0
1625587567000,24519.0
1625587597000,24519.0
1625587627000,24519.0
1625587657000,24519.0
1625587687000,24519.0
1625587717000,24519.0
1625587747000,24519.0
1625587777000,24519.0
1625587807000,24519.0
1625587837000,24519.0
1625587867000,24519.0
1625587897000,24519.0
1625587927000,24519.0
1625587957000,24519.0
1625587987000,24519.0
1625588017000,24519.0
1625588047000,24519.0
1625588077000,24519.0
1625588107000,24519.0
1625588137000,24519.0
1625588167000,24519.0
1625588197000,24519.0
1625588227000,24519.0
1625588257000,24519.0
1625588287000,24519.0
1625588317000,24519.0
1625588347000,24519.0
1625588377000,24519.0
1625588407000,24519.0
1625588437000,24519.0
1625588467000,24519.0
1625588497000,24519.0
1625588527000,24519.0
1625588557000,24519.0
1625588587000,24519.0
1625588617000,24519.0
1625588647000,24519.0
1625588677000,24519.0
1625588707000,24519.0
1625588737000,24519.0
1625588767000,24519.0
1625588797000,24519.0
1625588827000,24519.0
1625588857000,24519.0
1625588887000,24519.0
1625588917000,24519.0
1625588947000,24519.0
1625588977000,24519.0
1625589007000,24519.0
1625589037000,24519.0
1625589067000,24519.0
1625589097000,24519.0
1625589127000,24519.0
1625589157000,24519.0
1625589187000,24519.0
1625589217000,24519.0
1625589247000,24519.0
1625589277000,24519.0
1625589307000,24519.0
1625589337000,24519.0
1625589367000,24519.0
1625589397000,24519.0
1625589427000,24519.0
1625589457000,24519.0
1625589487000,24519.0
1625589517000,24519.0
1625589547000,24519.0
1625589577000,24519.0
1625589607000,24519.0
1625589637000,24519.0
1625589667000,24519.0
1625589697000,24519.0
1625589727000,24519.0
1625589757000,24519.0
1625589787000,24519.0
1625589817000,24519.0
1625589847000,24519.0
1625589877000,24519.0
1625589907000,24519.0
1625589937000,24519.0
1625589967000,24519.0
1625589997000,24519.0
1625590027000,24519.0
1625590057000,24519.0
1625590087000,24519.0
1625590117000,24519.0
1625590147000,24519.0
1625590177000,24519.0
1625590207000,24519.0
1625590237000,24519.0
1625590267000,24519.0
1625590297000,24519.0
1625590327000,24519.0
1625590357000,24519.0
1625590387000,24519.0
1625590417000,24519.0
1625590447000,24519.0
1625590477000,24519.0
1625590507000,24519.0
1625590537000,24519.0
1625590567000,24519.0
1625590597000,24519.0
1625590627000,24519.0
1625590657000,24519.0
1625590687000,24519.0
1625590717000,24519.0
1625590747000,24519.0
1625590777000,24519.0
1625590807000,24519.0
1625590837000,24519.0
1625590867000,24519.0
1625590897000,24519.0
1625590927000,24519.0
1625590957000,24519.0
1625590987000,24519.0
1625591017000,24519.0
1625591047000,24519.0
1625591077000,24519.0
1625591107000,24519.0
1625591137000,24519.0
1625591167000,24519.0
1625591197000,24519.0
1625591227000,24519.0
1625591257000,24519.0
1625591287000,24519.0
1625591317000,24519.0
1625591347000,24519.0
1625591377000,24519.0
1625591407000,24519.0
1625591437000,24519.0
1625591467000,24519.0
1625591497000,24519.0
1625591527000,24519.0
1625591557000,24519.0
1625591587000,24519.0
1625591617000,24519.0
1625591647000,24519.0
1625591677000,24519.0
1625591707000,24519.0
1625591737000,24519.0
1625591767000,24519.0
1625591797000,24519.0
1625591827000,24519.0
1625591857000,24519.0
1625591887000,24519.0
1625591917000,24519.0
1625591947000,24519.0
1625591977000,24519.0
1625592007000,24519.0
1625592037000,24519.0
1625592067000,24519.0
1625592097000,24519.0
1625592127000,24519.0
1625592157000,24519.0
1625592187000,24519.0
1625592217000,24519.0
1625592247000,24519.0
1625592277000,24519.0
1625592307000,24519.0
1625592337000,24519.0
1625592367000,24519.0
1625592397000,24519.0
1625592427000,24519.0
1625592457000,24519.0
1625592487000,24519.0
1625592517000,24519.0
1625592547000,24519.0
1625592577000,24519.0
1625592607000,24519.0
1625592637000,24519.0
1625592667000,24519.0
1625592697000,24519.0
1625592727000,24519.0
1625592757000,24519.0
1625592787000,24519.0
1625592817000,24519.0
1625592847000,24519.0
1625592877000,24519.0
1625592907000,24519.0
1625592937000,24519.0
1625592967000,24519.0
1625592997000,24519.0
1625593027000,24519.0
1625593057000,24519.0
1625593087000,24519.0
1625593117000,24519.0
1625593147000,24519.0
1625593177000,24519.0
1625593207000,24519.0
1625593237000,24519.0
1625593267000,24519.0
1625593297000,24519.0
1625593327000,24519.0
1625593357000,24519.0
1625593387000,24519.0
1625593417000,24519.0
1625593447000,24519.0
1625593477000,24519.0
1625593507000,24519.0
1625593537000,24519.0
1625593567000,24519.0
1625593597000,24519.0
1625593627000,24519.0
1625593657000,24519.0
1625593687000,24519.0
1625593717000,24519.0
1625593747000,24519.0
1625593777000,24519.0
1625593807000,24519.0
1625593837000,24519.0
1625593867000,24519.0
1625593897000,24519.0
1625593927000,24519.0
1625593957000,24519.0
1625593987000,24519.0
1625594017000,24519.0
1625594047000,24519.0
1625594077000,24519.0
1625594107000,24519.0
1625594137000,24519.0
1625594167000,24519.0
1625594197000,24519.0
1625594227000,24519.0
1625594257000,24519.0
1625594287000,24519.0
1625594317000,24519.0
1625594347000,24519.0
1625594377000,24519.0
1625594407000,24519.0
1625594437000,24519.0
1625594467000,24519.0
1625594497000,24519.0
1625594527000,24519.0
1625594557000,24519.0
1625594587000,24519.0
1625594617000,24519.0
1625594647000,24519.0
1625594677000,24519.0
1625594707000,24519.0
1625594737000,24519.0
1625594767000,24519.0
1625594797000,24519.0
1625594827000,24519.0
1625594857000,24519.0
1625594887000,24519.0
1625594917000,24519.0
1625594947000,24519.0
1625594977000,24519.0
1625595007000,24519.0
1625595037000,24519.0
1625595067000,24519.0
1625595097000,24519.0
1625595127000,24519.0
1625595157000,24519.0
1625595187000,24519.0
1625595217000,24519.0
1625595247000,24519.0
1625595277000,24519.0
1625595307000,24519.0
1625595337000,24519.0
1625595367000,24519.0
1625595397000,24519.0
1625595427000,24519.0
1625595457000,24519.0
1625595487000,24519.0
1625595517000,24519.0
1625595547000,24519.0
1625595577000,24519.0
1625595607000,24519.0
1625595637000,24519.0
1625595667000,24519.0
1625595697000,24519.0
1625595727000,24519.0
1625595757000,24519.0
1625595787000,24519.0
1625595817000,24519.0
1625595847000,24519.0
1625595877000,24519.0
1625595907000,24519.0
1625595937000,24519.0
1625595967000,24519.0
1625595997000,24519.0
1625596027000,24519.0
1625596057000,24519.0
1625596087000,24519.0
1625596117000,24519.0
1625596147000,24519.0
1625596177000,24519.0
1625596207000,24519.0
1625596237000,24519.0
1625596267000,24519.0
1625596297000,24519.0
1625596327000,24519.0
1625596357000,24519.0
1625596387000,24519.0
1625596417000,24519.0
1625596447000,24519.0
1625596477000,24519.0
1625596507000,24519.0
1625596537000,24519.0
1625596567000,24519.0
1625596597000,24519.0
1625596627000,24519.0
1625596657000,24519.0
1625596687000,24519.0
1625596717000,24519.0
1625596747000,24519.0
1625596777000,24519.0
1625596807000,24519.0
1625596837000,24519.0
1625596867000,24519.0
1625596897000,24519.0
1625596927000,24519.0
1625596957000,24519.0
1625596987000,24519.0
1625597017000,24519.0
1625597047000,24519.0
1625597077000,24519.0
1625597107000,24519.0
1625597137000,24519.0
1625597167000,24519.0
1625597197000,24519.0
1625597227000,24519.0
1625597257000,24519.0
1625597287000,24519.0
1625597317000,24519.0
1625597347000,24519.0
1625597377000,24519.0
1625597407000,24519.0
1625597437000,24519.0
1625597467000,24519.0
1625597497000,24519.0
1625597527000,24519.0
1625597557000,24519.0
1625597587000,24519.0
1625597617000,24519.0
1625597647000,24519.0
1625597677000,24519.0
1625597707000,24519.0
1625597737000,24519.0
1625597767000,24519.0
1625597797000,24519.0
1625597827000,24519.0
1625597857000,24519.0
1625597887000,24519.0
1625597917000,24519.0
1625597947000,24519.0
1625597977000,24519.0
1625598007000,24519.0
1625598037000,24519.0
1625598067000,24519.0
1625598097000,24519.0
1625598127000,24519.0
1625598157000,24519.0
1625598187000,24519.0
1625598217000,24519.0
1625598247000,24519.0
1625598277000,24519.0
1625598307000,24519.0
1625598337000,24519.0
1625598367000,24519.0
1625598397000,24519.0
1625598427000,24519.0
1625598457000,24519.0
1625598487000,24519.0
1625598517000,24519.0
1625598547000,24519.0
1625598577000,24519.0
1625598607000,24519.0
1625598637000,24519.0
1625598667000,24519.0
1625598697000,24519.0
1625598727000,24519.0
1625598757000,24519.0
1625598787000,24519.0
1625598817000,24519.0
1625598847000,24519.0
1625598877000,24519.0
1625598907000,24519.0
1625598937000,24519.0
1625598967000,24519.0
1625598997000,24519.0
1625599027000,24519.0
1625599057000,24519.0
1625599087000,24519.0
1625599117000,24519.0
1625599147000,24519.0
1625599177000,24519.0
1625599207000,24519.0
1625599237000,24519.0
1625599267000,24519.0
1625599297000,24519.0
1625599327000,24519.0
1625599357000,24519.0
1625599387000,24519.0
1625599417000,24519.0
1625599447000,24519.0
1625599477000,24519.0
1625599507000,24519.0
1625599537000,24519.0
1625599567000,24519.0
1625599597000,24519.0
1625599627000,24519.0
1625599657000,24519.0
1625599687000,24519.0
1625599717000,24519.0
1625599747000,24519.0
1625599777000,24519.0
1625599807000,24519.0
1625599837000,24519.0
1625599867000,24519.0
1625599897000,24519.0
1625599927000,24519.0
1625599957000,24519.0
1625599987000,24519.0
1625600017000,24519.0
1625600047000,24519.0
1625600077000,24519.0
1625600107000,24519.0
1625600137000,24519.0
1625600167000,24519.0
1625600197000,24519.0
1625600227000,24519.0
1625600257000,24519.0
1625600287000,24519.0
1625600317000,24519.0
1625600347000,24519.0
1625600377000,24519.0
1625600407000,24519.0
1625600437000,24519.0
1625600467000,24519.0
1625600497000,24519.0
1625600527000,24519.0
1625600557000,24519.0
1625600587000,24519.0
1625600617000,24519.0
1625600647000,24519.0
1625600677000,24519.0
1625600707000,24519.0
1625600737000,24519.0
1625600767000,24519.0
1625600797000,24519.0
1625600827000,24519.0
1625600857000,24519.0
1625600887000,24519.0
1625600917000,24519.0
1625600947000,24519.0
1625600977000,24519.0
1625601007000,24519.0
1625601037000,24519.0
1625601067000,24519.0
1625601097000,24519.0
1625601127000,24519.0
1625601157000,24519.0
1625601187000,24519.0
1625601217000,24519.0
1625601247000,24519.0
1625601277000,24519.0
1625601307000,24519.0
1625601337000,24519.0
1625601367000,24519.0
1625601397000,24519.0
1625601427000,24519.0
1625601457000,24519.0
1625601487000,24519.0
1625601517000,24519.0
1625601547000,24519.0
1625601577000,24519.0
1625601607000,24519.0
1625601637000,24519.0
1625601667000,24519.0
1625601697000,24519.0
1625601727000,24519.0
1625601757000,24519.0
1625601787000,24519.0
1625601817000,24519.0
1625601847000,24519.0
1625601877000,24519.0
1625601907000,24519.0
1625601937000,24519.0
1625601967000,24519.0
1625601997000,24519.0
1625602027000,24519.0
1625602057000,24519.0
1625602087000,24519.0
1625602117000,24519.0
1625602147000,24519.0
1625602177000,24519.0
1625602207000,24519.0
1625602237000,24519.0
1625602267000,24519.0
1625602297000,24519.0
1625602327000,24519.0
1625602357000,24519.0
1625602387000,24519.0
1625602417000,24519.0
1625602447000,24519.0
1625602477000,24519.0
1625602507000,24519.0
1625602537000,24519.0
1625602567000,24519.0
1625602597000,24519.0
1625602627000,24519.0
1625602657000,24519.0
1625602687000,24519.0
1625602717000,24519.0
1625602747000,24519.0
1625602777000,24519.0
1625602807000,24519.0
1625602837000,24519.0
1625602867000,24519.0
1625602897000,24519.0
1625602927000,24519.0
1625602957000,24519.0
1625602987000,24519.0
1625603017000,24519.0
1625603047000,24519.0
1625603077000,24519.0
1625603107000,24519.0
1625603137000,24519.0
1625603167000,24519.0
1625603197000,24519.0
1625603227000,24519.0
1625603257000,24519.0
1625603287000,24519.0
1625603317000,24519.0
1625603347000,24519.0
1625603377000,24519.0
1625603407000,24519.0
1625603437000,24519.0
1625603467000,24519.0
1625603497000,24519.0
1625603527000,24519.0
1625603557000,24519.0
1625603587000,24519.0
1625603617000,24519.0
1625603647000,24519.0
1625603677000,24519.0
1625603707000,24519.0
1625603737000,24519.0
1625603767000,24519.0
1625603797000,24519.0
1625603827000,24519.0
1625603857000,24519.0
1625603887000,24519.0
1625603917000,24519.0
1625603947000,24519.0
1625603977000,24519.0
1625604007000,24519.0
1625604037000,24519.0
1625604067000,24519.0
1625604097000,24519.0
1625604127000,24519.0
1625604157000,24519.0
1625604187000,24519.0
1625604217000,24519.0
1625604247000,24519.0
1625604277000,24519.0
1625604307000,24519.0
1625604337000,24519.0
1625604367000,24519.0
1625604397000,24519.0
1625604427000,24519.0
1625604457000,24519.0
1625604487000,24519.0
1625604517000,24519.0
1625604547000,24519.0
1625604577000,24519.0
1625604607000,24519.0
1625604637000,24519.0
1625604667000,24519.0
1625604697000,24519.0
1625604727000,24519.0
1625604757000,24519.0
1625604787000,24519.0
1625604817000,24519.0
1625604847000,24519.0
1625604877000,24519.0
1625604907000,24519.0
1625604937000,24519.0
1625604967000,24519.0
1625604997000,24519.0
1625605027000,24519.0
1625605057000,24519.0
1625605087000,24519.0
1625605117000,24519.0
1625605147000,24519.0
1625605177000,24519.0
1625605207000,24519.0
1625605237000,24519.0
1625605267000,24519.0
1625605297000,24519.0
1625605327000,24519.0
1625605357000,24519.0
1625605387000,24519.0
1625605417000,24519.0
1625605447000,24519.0
1625605477000,24519.0
1625605507000,24519.0
1625605537000,24519.0
1625605567000,24519.0
1625605597000,24519.0
1625605627000,24519.0
1625605657000,24519.0
1625605687000,24519.0
1625605717000,24519.0
1625605747000,24519.0
1625605777000,24519.0
1625605807000,24519.0
1625605837000,24519.0
1625605867000,24519.0
1625605897000,24519.0
1625605927000,24519.0
1625605957000,24519.0
1625605987000,24519.0
1625606017000,24519.0
1625606047000,24519.0
1625606077000,24519.0
1625606107000,24519.0
1625606137000,24519.0
1625606167000,24519.0
1625606197000,24519.0
1625606227000,24519.0
1625606257000,24519.0
1625606287000,24519.0
1625606317000,24519.0
1625606347000,24519.0
1625606377000,24519.0
1625606407000,24519.0
1625606437000,24519.0
1625606467000,24519.0
1625606497000,24519.0
1625606527000,24519.0
1625606557000,24519.0
1625606587000,24519.0
1625606617000,24519.0
1625606647000,24519.0
1625606677000,24519.0
1625606707000,24519.0
1625606737000,24519.0
1625606767000,24519.0
1625606797000,24519.0
1625606827000,24519.0
1625606857000,24519.0
1625606887000,24519.0
1625606917000,24519.0
1625606947000,24519.0
1625606977000,24519.0
1625607007000,24519.0
1625607037000,24519.0
1625607067000,24519.0
1625607097000,24519.0
1625607127000,24519.0
1625607157000,24519.0
1625607187000,24519.0
1625607217000,24519.0
1625607247000,24519.0
1625607277000,24519.0
1625607307000,24519.0
1625607337000,24519.0
1625607367000,24519.0
1625607397000,24519.0
1625607427000,24519.0
1625607457000,24519.0
1625607487000,24519.0
1625607517000,24519.0
1625607547000,24519.0
1625607577000,24519.0
1625607607000,24519.0
1625607637000,24519.0
1625607667000,24519.0
1625607697000,24519.0
1625607727000,24519.0
1625607757000,24519.0
1625607787000,24519.0
1625607817000,24519.0
1625607847000,24519.0
1625607877000,24519.0
1625607907000,24519.0
1625607937000,24519.0
1625607967000,24519.0
1625607997000,24519.0
1625608027000,24519.0
1625608057000,24519.0
1625608087000,24519.0
1625608117000,24519.0
1625608147000,24519.0
1625608177000,24519.0
1625608207000,24519.0
1625608237000,24519.0
1625608267000,24519.0
1625608297000,24519.0
1625608327000,24519.0
1625608357000,24519.0
1625608387000,24519.0
1625608417000,24519.0
1625608447000,24519.0
1625608477000,24519.0
1625608507000,24519.0
1625608537000,24519.0
1625608567000,24519.0
1625608597000,24519.0
1625608627000,24519.0
1625608657000,24519.0
1625608687000,24519.0
1625608717000,24519.0
1625608747000,24519.0
1625608777000,24519.0
1625608807000,24519.0
1625608837000,24519.0
1625608867000,24519.0
1625608897000,24519.0
1625608927000,24519.0
1625608957000,24519.0
1625608987000,24519.0
1625609017000,24519.0
1625609047000,24519.0
1625609077000,24519.0
1625609107000,24519.0
1625609137000,24519.0
1625609167000,24519.0
1625609197000,24519.0
1625609227000,24519.0
1625609257000,24519.0
1625609287000,24519.0
1625609317000,24519.0
1625609347000,24519.0
1625609377000,24519.0
1625609407000,24519.0
1625609437000,24519.0
1625609467000,24519.0
1625609497000,24519.0
1625609527000,24519.0
1625609557000,24519.0
1625609587000,24519.0
1625609617000,24519.0
1625609647000,24519.0
1625609677000,24519.0
1625609707000,24519.0
1625609737000,24519.0
1625609767000,24519.0
1625609797000,24519.0
1625609827000,24519.0
1625609857000,24519.0
1625609887000,24519.0
1625609917000,24519.0
1625609947000,24519.0
1625609977000,24519.0
1625610007000,24519.0
1625610037000,24519.0
1625610067000,24519.0
1625610097000,24519.0
1625610127000,24519.0
1625610157000,24519.0
1625610187000,24519.0
1625610217000,24519.0
1625610247000,24519.0
1625610277000,24519.0
1625610307000,24519.0
1625610337000,24519.0
1625610367000,24519.0
1625610397000,24519.0
1625610427000,24519.0
1625610457000,24519.0
1625610487000,24519.0
1625610517000,24519.0
1625610547000,24519.0
1625610577000,24519.0
1625610607000,24519.0
1625610637000,24519.0
1625610667000,24519.0
1625610697000,24519.0
1625610727000,24519.0
1625610757000,24519.0
1625610787000,24519.0
1625610817000,24519.0
1625610847000,24519.0
1625610877000,24519.0
1625610907000,24519.0
1625610937000,24519.0
1625610967000,24519.0
1625610997000,24519.0
1625611027000,24519.0
1625611057000,24519.0
1625611087000,24519.0
1625611117000,24519.0
1625611147000,24519.0
1625611177000,24519.0
1625611207000,24519.0
1625611237000,24519.0
1625611267000,24519.0
1625611297000,24519.0
1625611327000,24519.0
1625611357000,24519.0
1625611387000,24519.0
1625611417000,24519.0
1625611447000,24519.0
1625611477000,24519.0
1625611507000,24519.0
1625611537000,24519.0
1625611567000,24519.0
1625611597000,24519.0
1625611627000,24519.0
1625611657000,24519.0
1625611687000,24519.0
1625611717000,24519.0
1625611747000,24519.0
1625611777000,24519.0
1625611807000,24519.0
1625611837000,24519.0
1625611867000,24519.0
1625611897000,24519.0
1625611927000,24519.0
1625611957000,24519.0
1625611987000,24519.0
1625612017000,24519.0
1625612047000,24519.0
1625612077000,24519.0
1625612107000,24519.0
1625612137000,24519.0
1625612167000,24519.0
1625612197000,24519.0
1625612227000,24519.0
1625612257000,24519.0
1625612287000,24519.0
1625612317000,24519.0
1625612347000,24519.0
1625612377000,24519.0
1625612407000,24519.0
1625612437000,24519.0
1625612467000,24519.0
1625612497000,24519.0
1625612527000,24519.0
1625612557000,24519.0
1625612587000,24519.0
1625612617000,24519.0
1625612647000,24519.0
1625612677000,24519.0
1625612707000,24519.0
1625612737000,24519.0
1625612767000,24519.0
1625612797000,24519.0
1625612827000,24519.0
1625612857000,24519.0
1625612887000,24519.0
1625612917000,24519.0
1625612947000,24519.0
1625612977000,24519.0
1625613007000,24519.0
1625613037000,24519.0
1625613067000,24519.0
1625613097000,24519.0
1625613127000,24519.0
1625613157000,24519.0
1625613187000,24519.0
1625613217000,24519.0
1625613247000,24519.0
1625613277000,24519.0
1625613307000,24519.0
1625613337000,24519.0
1625613367000,24519.0
1625613397000,24519.0
1625613427000,24519.0
1625613457000,24519.0
1625613487000,24519.0
1625613517000,24519.0
1625613547000,24519.0
1625613577000,24519.0
1625613607000,24519.0
1625613637000,24519.0
1625613667000,24519.0
1625613697000,24519.0
1625613727000,24519.0
1625613757000,24519.0
1625613787000,24519.0
1625613817000,24519.0
1625613847000,24519.0
1625613877000,24519.0
1625613907000,24519.0
1625613937000,24519.0
1625613967000,24519.0
1625613997000,24519.0
1625614027000,24519.0
1625614057000,24519.0
1625614087000,24519.0
1625614117000,24519.0
1625614147000,24519.0
1625614177000,24519.0
1625614207000,24519.0
1625614237000,24519.0
1625614267000,24519.0
1625614297000,24519.0
1625614327000,24519.0
1625614357000,24519.0
1625614387000,24519.0
1625614417000,24519.0
1625614447000,24519.0
1625614477000,24519.0
1625614507000,24519.0
1625614537000,24519.0
1625614567000,24519.0
1625614597000,24519.0
1625614627000,24519.0
1625614657000,24519.0
1625614687000,24519.0
1625614717000,24519.0
1625614747000,24519.0
1625614777000,24519.0
1625614807000,24519.0
1625614837000,24519.0
1625614867000,24519.0
1625614897000,24519.0
1625614927000,24519.0
1625614957000,24519.0
1625614987000,24519.0
1625615017000,24519.0
1625615047000,24519.0
1625615077000,24519.0
1625615107000,24519.0
1625615137000,24519.0
1625615167000,24519.0
1625615197000,24519.0
1625615227000,24519.0
1625615257000,24519.0
1625615287000,24519.0
1625615317000,24519.0
1625615347000,24519.0
1625615377000,24519.0
1625615407000,24519.0
1625615437000,24519.0
1625615467000,24519.0
1625615497000,24519.0
1625615527000,24519.0
1625615557000,24519.0
1625615587000,24519.0
1625615617000,24519.0
1625615647000,24519.0
1625615677000,24519.0
1625615707000,24519.0
1625615737000,24519.0
1625615767000,24519.0
1625615797000,24519.0
1625615827000,24519.0
1625615857000,24519.0
1625615887000,24519.0
1625615917000,24519.0
1625615947000,24519.0
1625615977000,24519.0
1625616007000,24519.0
1625616037000,24519.0
1625616067000,24519.0
1625616097000,24519.0
1625616127000,24519.0
1625616157000,24519.0
1625616187000,24519.0
1625616217000,24519.0
1625616247000,24519.0
1625616277000,24519.0
1625616307000,24519.0
1625616337000,24519.0
1625616367000,24519.0
1625616397000,24519.0
1625616427000,24519.0
1625616457000,24519.0
1625616487000,24519.0
1625616517000,24519.0
1625616547000,24519.0
1625616577000,24519.0
1625616607000,24519.0
1625616637000,24519.0
1625616667000,24519.0
1625616697000,24519.0
1625616727000,24519.0
1625616757000,24519.0
1625616787000,24519.0
1625616817000,24519.0
1625616847000,24519.0
1625616877000,24519.0
1625616907000,24519.0
1625616937000,24519.0
1625616967000,24519.0
1625616997000,24519.0
1625617027000,24519.0
1625617057000,24519.0
1625617087000,24519.0
1625617117000,24519.0
1625617147000,24519.0
1625617177000,24519.0
1625617207000,24519.0
1625617237000,24519.0
1625617267000,24519.0
1625617297000,24519.0
1625617327000,24519.0
1625617357000,24519.0
1625617387000,24519.0
1625617417000,24519.0
1625617447000,24519.0
1625617477000,24519.0
1625617507000,24519.0
1625617537000,24519.0
1625617567000,24519.0
1625617597000,24519.0
1625617627000,24519.0
1625617657000,24519.0
1625617687000,24519.0
1625617717000,24519.0
1625617747000,24519.0
1625617777000,24519.0
1625617807000,24519.0
1625617837000,24519.0
1625617867000,24519.0
1625617897000,24519.0
1625617927000,24519.0
1625617957000,24519.0
1625617987000,24519.0
1625618017000,24519.0
1625618047000,24519.0
1625618077000,24519.0
1625618107000,24519.0
1625618137000,24519.0
1625618167000,24519.0
1625618197000,24519.0
1625618227000,24519.0
1625618257000,24519.0
1625618287000,24519.0
1625618317000,24519.0
1625618347000,24519.0
1625618377000,24519.0
1625618407000,24519.0
1625618437000,24519.0
1625618467000,24519.0
1625618497000,24519.0
1625618527000,24519.0
1625618557000,24519.0
1625618587000,24519.0
1625618617000,24519.0
1625618647000,24519.0
1625618677000,24519.0
1625618707000,24519.0
1625618737000,24519.0
1625618767000,24519.0
1625618797000,24519.0
1625618827000,24519.0
1625618857000,24519.0
1625618887000,24519.0
1625618917000,24519.0
1625618947000,24519.0
1625618977000,24519.0
1625619007000,24519.0
1625619037000,24519.0
1625619067000,24519.0
1625619097000,24519.0
1625619127000,24519.0
1625619157000,24519.0
1625619187000,24519.0
1625619217000,24519.0
1625619247000,24519.0
1625619277000,24519.0
1625619307000,24519.0
1625619337000,24519.0
1625619367000,24519.0
1625619397000,24519.0
1625619427000,24519.0
1625619457000,24519.0
1625619487000,24519.0
1625619517000,24519.0
1625619547000,24519.0
1625619577000,24519.0
1625619607000,24519.0
1625619637000,24519.0
1625619667000,24519.0
1625619697000,24519.0
1625619727000,24519.0
1625619757000,24519.0
1625619787000,24519.0
1625619817000,24519.0
1625619847000,24519.0
1625619877000,24519.0
1625619907000,24519.0
1625619937000,24519.0
1625619967000,24519.0
1625619997000,24519.0
1625620027000,24519.0
1625620057000,24519.0
1625620087000,24519.0
1625620117000,24519.0
1625620147000,24519.0
1625620177000,24519.0
1625620207000,24519.0
1625620237000,24519.0
1625620267000,24519.0
1625620297000,24519.0
1625620327000,24519.0
1625620357000,24519.0
1625620387000,24519.0
1625620417000,24519.0
1625620447000,24519.0
1625620477000,24519.0
1625620507000,24519.0
1625620537000,24519.0
1625620567000,24519.0
1625620597000,24519.0
1625620627000,24519.0
1625620657000,24519.0
1625620687000,24519.0
1625620717000,24519.0
1625620747000,24519.0
1625620777000,24519.0
1625620807000,24519.0
1625620837000,24519.0
1625620867000,24519.0
1625620897000,24519.0
1625620927000,24519.0
1625620957000,24519.0
1625620987000,24519.0
1625621017000,24519.0
1625621047000,24519.0
1625621077000,24519.0
1625621107000,24519.0
1625621137000,24519.0
1625621167000,24519.0
1625621197000,24519.0
1625621227000,24519.0
1625621257000,24519.0
1625621287000,24519.0
1625621317000,24519.0
1625621347000,24519.0
1625621377000,24519.0
1625621407000,24519.0
1625621437000,24519.0
1625621467000,24519.0
1625621497000,24519.0
1625621527000,24519.0
1625621557000,24519.0
1625621587000,24519.0
1625621617000,24519.0
1625621647000,24519.0
1625621677000,24519.0
1625621707000,24519.0
1625621737000,24519.0
1625621767000,24519.0
1625621797000,24519.0
1625621827000,24519.0
1625621857000,24519.0
1625621887000,24519.0
1625621917000,24519.0
1625621947000,24519.0
1625621977000,24519.0
1625622007000,24519.0
1625622037000,24519.0
1625622067000,24519.0
1625622097000,24519.0
1625622127000,24519.0
1625622157000,24519.0
1625622187000,24519.0
1625622217000,24519.0
1625622247000,24519.0
1625622277000,24519.0
1625622307000,24519.0
1625622337000,24519.0
1625622367000,24519.0
1625622397000,24519.0
1625622427000,24519.0
1625622457000,24519.0
1625622487000,24519.0
1625622517000,24519.0
1625622547000,24519.0
1625622577000,24519.0
1625622607000,24519.0
1625622637000,24519.0
1625622667000,24519.0
1625622697000,24519.0
1625622727000,24519.0
1625622757000,24519.0
1625622787000,24519.0
1625622817000,24519.0
1625622847000,24519.0
1625622877000,24519.0
1625622907000,24519.0
1625622937000,24519.0
1625622967000,24519.0
1625622997000,24519.0
1625623027000,24519.0
1625623057000,24519.0
1625623087000,24519.0
1625623117000,24519.0
1625623147000,24519.0
1625623177000,24519.0
1625623207000,24519.0
1625623237000,24519.0
1625623267000,24519.0
1625623297000,24519.0
1625623327000,24519.0
1625623357000,24519.0
1625623387000,24519.0
1625623417000,24519.0
1625623447000,24519.0
1625623477000,24519.0
1625623507000,24519.0
1625623537000,24519.0
1625623567000,24519.0
1625623597000,24519.0
1625623627000,24519.0
1625623657000,24519.0
1625623687000,24519.0
1625623717000,24519.0
1625623747000,24519.0
1625623777000,24519.0
1625623807000,24519.0
1625623837000,24519.0
1625623867000,24519.0
1625623897000,24519.0
1625623927000,24519.0
1625623957000,24519.0
1625623987000,24519.0
1625624017000,24519.0
1625624047000,24519.0
1625624077000,24519.0
1625624107000,24519.0
1625624137000,24519.0
1625624167000,24519.0
1625624197000,24519.0
1625624227000,24519.0
1625624257000,24519.0
1625624287000,24519.0
1625624317000,24519.0
1625624347000,24519.0
1625624377000,24519.0
1625624407000,24519.0
1625624437000,24519.0
1625624467000,24519.0
1625624497000,24519.0
1625624527000,24519.0
1625624557000,24519.0
1625624587000,24519.0
1625624617000,24519.0
1625624647000,24519.0
1625624677000,24519.0
1625624707000,24519.0
1625624737000,24519.0
1625624767000,24519.0
1625624797000,24519.0
1625624827000,24519.0
1625624857000,24519.0
1625624887000,24519.0
1625624917000,24519.0
1625624947000,24519.0
1625624977000,24519.0
1625625007000,24519.0
1625625037000,24519.0
1625625067000,24519.0
1625625097000,24519.0
1625625127000,24519.0
1625625157000,24519.0
1625625187000,24519.0
1625625217000,24519.0
1625625247000,24519.0
1625625277000,24519.0
1625625307000,24519.0
1625625337000,24519.0
1625625367000,24519.0
1625625397000,24519.0
1625625427000,24519.0
1625625457000,24519.0
1625625487000,24519.0
1625625517000,24519.0
1625625547000,24519.0
1625625577000,24519.0
1625625607000,24519.0
1625625637000,24519.0
1625625667000,24519.0
1625625697000,24519.0
1625625727000,24519.0
1625625757000,24519.0
1625625787000,24519.0
1625625817000,24519.0
1625625847000,24519.0
1625625877000,24519.0
1625625907000,24519.0
1625625937000,24519.0
1625625967000,24519.0
1625625997000,24519.0
1625626027000,24519.0
1625626057000,24519.0
1625626087000,24519.0
1625626117000,24519.0
1625626147000,24519.0
1625626177000,24519.0
1625626207000,24519.0
1625626237000,24519.0
1625626267000,24519.0
1625626297000,24519.0
1625626327000,24519.0
1625626357000,24519.0
1625626387000,24519.0
1625626417000,24519.0
1625626447000,24519.0
1625626477000,24519.0
1625626507000,24519.0
1625626537000,24519.0
1625626567000,24519.0
1625626597000,24519.0
1625626627000,24519.0
1625626657000,24519.0
1625626687000,24519.0
1625626717000,24519.0
1625626747000,24519.0
1625626777000,24519.0
1625626807000,24519.0
1625626837000,24519.0
1625626867000,24519.0
1625626897000,24519.0
1625626927000,24519.0
1625626957000,24519.0
1625626987000,24519.0
1625627017000,24519.0
1625627047000,24519.0
1625627077000,24519.0
1625627107000,24519.0
1625627137000,24519.0
1625627167000,24519.0
1625627197000,24519.0
1625627227000,24519.0
1625627257000,24519.0
1625627287000,24519.0
1625627317000,24519.0
1625627347000,24519.0
1625627377000,24519.0
1625627407000,24519.0
1625627437000,24519.0
1625627467000,24519.0
1625627497000,24519.0
1625627527000,24519.0
1625627557000,24519.0
1625627587000,24519.0
1625627617000,24519.0
1625627647000,24519.0
1625627677000,24519.0
1625627707000,24519.0
1625627737000,24519.0
1625627767000,24519.0
1625627797000,24519.0
1625627827000,24519.0
1625627857000,24519.0
1625627887000,24519.0
1625627917000,24519.0
1625627947000,24519.0
1625627977000,24519.0
1625628007000,24519.0
1625628037000,24519.0
1625628067000,24519.0
1625628097000,24519.0
1625628127000,24519.0
1625628157000,24519.0
1625628187000,24519.0
1625628217000,24519.0
1625628247000,24519.0
1625628277000,24519.0
1625628307000,24519.0
1625628337000,24519.0
1625628367000,24519.0
1625628397000,24519.0
1625628427000,24519.0
1625628457000,24519.0
1625628487000,24519.0
1625628517000,24519.0
1625628547000,24519.0
1625628577000,24519.0
1625628607000,24519.0
1625628637000,24519.0
1625628667000,24519.0
1625628697000,24519.0
1625628727000,24519.0
1625628757000,24519.0
1625628787000,24519.0
1625628817000,24519.0
1625628847000,24519.0
1625628877000,24519.0
1625628907000,24519.0
1625628937000,24519.0
1625628967000,24519.0
1625628997000,24519.0
1625629027000,24519.0
1625629057000,24519.0
1625629087000,24519.0
1625629117000,24519.0
1625629147000,24519.0
1625629177000,24519.0
1625629207000,24519.0
1625629237000,24519.0
1625629267000,24519.0
1625629297000,24519.0
1625629327000,24519.0
1625629357000,24519.0
1625629387000,24519.0
1625629417000,24519.0
1625629447000,24519.0
1625629477000,24519.0
1625629507000,24519.0
1625629537000,24519.0
1625629567000,24519.0
1625629597000,24519.0
1625629627000,24519.0
1625629657000,24519.0
1625629687000,24519.0
1625629717000,24519.0
1625629747000,24519.0
1625629777000,24519.0
1625629807000,24519.0
1625629837000,24519.0
1625629867000,24519.0
1625629897000,24519.0
1625629927000,24519.0
1625629957000,24519.0
1625629987000,24519.0
1625630017000,24519.0
1625630047000,24519.0
1625630077000,24519.0
1625630107000,24519.0
1625630137000,24519.0
1625630167000,24519.0
1625630197000,24519.0
1625630227000,24519.0
1625630257000,24519.0
1625630287000,24519.0
1625630317000,24519.0
1625630347000,24519.0
1625630377000,24519.0
1625630407000,24519.0
1625630437000,24519.0
1625630467000,24519.0
1625630497000,24519.0
1625630527000,24519.0
1625630557000,24519.0
1625630587000,24519.0
1625630617000,24519.0
1625630647000,24519.0
1625630677000,24519.0
1625630707000,24519.0
1625630737000,24519.0
1625630767000,24519.0
1625630797000,24519.0
1625630827000,24519.0
1625630857000,24519.0
1625630887000,24519.0
1625630917000,24519.0
1625630947000,24519.0
1625630977000,24519.0
1625631007000,24519.0
1625631037000,24519.0
1625631067000,24519.0
1625631097000,24519.0
1625631127000,24519.0
1625631157000,24519.0
1625631187000,24519.0
1625631217000,24519.0
1625631247000,24519.0
1625631277000,24519.0
1625631307000,24519.0
1625631337000,24519.0
1625631367000,24519.0
1625631397000,24519.0
1625631427000,24519.0
1625631457000,24519.0
1625631487000,24519.0
1625631517000,24519.0
1625631547000,24519.0
1625631577000,24519.0
1625631607000,24519.0
1625631637000,24519.0
1625631667000,24519.0
1625631697000,24519.0
1625631727000,24519.0
1625631757000,24519.0
1625631787000,24519.0
1625631817000,24519.0
1625631847000,24519.0
1625631877000,24519.0
1625631907000,24519.0
1625631937000,24519.0
1625631967000,24519.0
1625631997000,24519.0
1625632027000,24519.0
1625632057000,24519.0
1625632087000,24519.0
1625632117000,24519.0
1625632147000,24519.0
1625632177000,24519.0
1625632207000,24519.0
1625632237000,24519.0
1625632267000,24519.0
1625632297000,24519.0
1625632327000,24519.0
1625632357000,24519.0
1625632387000,24519.0
1625632417000,24519.0
1625632447000,24519.0
1625632477000,24519.0
1625632507000,24519.0
1625632537000,24519.0
1625632567000,24519.0
1625632597000,24519.0
1625632627000,24519.0
1625632657000,24519.0
1625632687000,24519.0
1625632717000,24519.0
1625632747000,24519.0
1625632777000,24519.0
1625632807000,24519.0
1625632837000,24519.0
1625632867000,24519.0
1625632897000,24519.0
1625632927000,24519.0
1625632957000,24519.0
1625632987000,24519.0
1625633017000,24519.0
1625633047000,24519.0
1625633077000,24519.0
1625633107000,24519.0
1625633137000,24519.0
1625633167000,24519.0
1625633197000,24519.0
1625633227000,24519.0
1625633257000,24519.0
1625633287000,24519.0
1625633317000,24519.0
1625633347000,24519.0
1625633377000,24519.0
1625633407000,24519.0
1625633437000,24519.0
1625633467000,24519.0
1625633497000,24519.0
1625633527000,24519.0
1625633557000,24519.0
1625633587000,24519.0
1625633617000,24519.0
1625633647000,24519.0
1625633677000,24519.0
1625633707000,24519.0
1625633737000,24519.0
1625633767000,24519.0
1625633797000,24519.0
1625633827000,24519.0
1625633857000,24519.0
1625633887000,24519.0
1625633917000,24519.0
1625633947000,24519.0
1625633977000,24519.0
1625634007000,24519.0
1625634037000,24519.0
1625634067000,24519.0
1625634097000,24519.0
1625634127000,24519.0
1625634157000,24519.0
1625634187000,24519.0
1625634217000,24519.0
1625634247000,24519.0
1625634277000,24519.0
1625634307000,24519.0
1625634337000,24519.0
1625634367000,24519.0
1625634397000,24519.0
1625634427000,24519.0
1625634457000,24519.0
1625634487000,24519.0
1625634517000,24519.0
1625634547000,24519.0
1625634577000,24519.0
1625634607000,24519.0
1625634637000,24519.0
1625634667000,24519.0
1625634697000,24519.0
1625634727000,24519.0
1625634757000,24519.0
1625634787000,24519.0
1625634817000,24519.0
1625634847000,24519.0
1625634877000,24519.0
1625634907000,24519.0
1625634937000,24519.0
1625634967000,24519.0
1625634997000,24519.0
1625635027000,24519.0
1625635057000,24519.0
1625635087000,24519.0
1625635117000,24519.0
1625635147000,24519.0
1625635177000,24519.0
1625635207000,24519.0
1625635237000,24519.0
1625635267000,24519.0
1625635297000,24519.0
1625635327000,24519.0
1625635357000,24519.0
1625635387000,24519.0
1625635417000,24519.0
1625635447000,24519.0
1625635477000,24519.0
1625635507000,24519.0
1625635537000,24519.0
1625635567000,24519.0
1625635597000,24519.0
1625635627000,24519.0
1625635657000,24519.0
1625635687000,24519.0
1625635717000,24519.0
1625635747000,24519.0
1625635777000,24519.0
1625635807000,24519.0
1625635837000,24519.0
1625635867000,24519.0
1625635897000,24519.0
1625635927000,24519.0
1625635957000,24519.0
1625635987000,24519.0
1625636017000,24519.0
1625636047000,24519.0
1625636077000,24519.0
1625636107000,24519.0
1625636137000,24519.0
1625636167000,24519.0
1625636197000,24519.0
1625636227000,24519.0
1625636257000,24519.0
1625636287000,24519.0
1625636317000,24519.0
1625636347000,24519.0
1625636377000,24519.0
1625636407000,24519.0
1625636437000,24519.0
1625636467000,24519.0
1625636497000,24519.0
1625636527000,24519.0
1625636557000,24519.0
1625636587000,24519.0
1625636617000,24519.0
1625636647000,24519.0
1625636677000,24519.0
1625636707000,24519.0
1625636737000,24519.0
1625636767000,24519.0
1625636797000,24519.0
1625636827000,24519.0
1625636857000,24519.0
1625636887000,24519.0
1625636917000,24519.0
1625636947000,24519.0
1625636977000,24519.0
1625637007000,24519.0
1625637037000,24519.0
1625637067000,24519.0
1625637097000,24519.0
1625637127000,24519.0
1625637157000,24519.0
1625637187000,24519.0
1625637217000,24519.0
1625637247000,24519.0
1625637277000,24519.0
1625637307000,24519.0
1625637337000,24519.0
1625637367000,24519.0
1625637397000,24519.0
1625637427000,24519.0
1625637457000,24519.0
1625637487000,24519.0
1625637517000,24519.0
1625637547000,24519.0
1625637577000,24519.0
1625637607000,24519.0
1625637637000,24519.0
1625637667000,24519.0
1625637697000,24519.0
1625637727000,24519.0
1625637757000,24519.0
1625637787000,24519.0
1625637817000,24519.0
1625637847000,24519.0
1625637877000,24519.0
1625637907000,24519.0
1625637937000,24519.0
1625637967000,24519.0
1625637997000,24519.0
1625638027000,24519.0
1625638057000,24519.0
1625638087000,24519.0
1625638117000,24519.0
1625638147000,24519.0
1625638177000,24519.0
1625638207000,24519.0
1625638237000,24519.0
1625638267000,24519.0
1625638297000,24519.0
1625638327000,24519.0
1625638357000,24519.0
1625638387000,24519.0
1625638417000,24519.0
1625638447000,24519.0
1625638477000,24519.0
1625638507000,24519.0
1625638537000,24519.0
1625638567000,24519.0
1625638597000,24519.0
1625638627000,24519.0
1625638657000,24519.0
1625638687000,24519.0
1625638717000,24519.0
1625638747000,24519.0
1625638777000,24519.0
1625638807000,24519.0
1625638837000,24519.0
1625638867000,24519.0
1625638897000,24519.0
1625638927000,24519.0
1625638957000,24519.0
1625638987000,24519.0
1625639017000,24519.0
1625639047000,24519.0
1625639077000,24519.0
1625639107000,24519.0
1625639137000,24519.0
1625639167000,24519.0
1625639197000,24519.0
1625639227000,24519.0
1625639257000,24519.0
1625639287000,24519.0
1625639317000,24519.0
1625639347000,24519.0
1625639377000,24519.0
1625639407000,24519.0
1625639437000,24519.0
1625639467000,24519.0
1625639497000,24519.0
1625639527000,24519.0
1625639557000,24519.0
1625639587000,24519.0
1625639617000,24519.0
1625639647000,24519.0
1625639677000,24519.0
1625639707000,24519.0
1625639737000,24519.0
1625639767000,24519.0
1625639797000,24519.0
1625639827000,24519.0
1625639857000,24519.0
1625639887000,24519.0
1625639917000,24519.0
1625639947000,24519.0
1625639977000,24519.0
1625640007000,24519.0
1625640037000,24519.0
1625640067000,24519.0
1625640097000,24519.0
1625640127000,24519.0
1625640157000,24519.0
1625640187000,24519.0
1625640217000,24519.0
1625640247000,24519.0
1625640277000,24519.0
1625640307000,24519.0
1625640337000,24519.0
1625640367000,24519.0
1625640397000,24519.0
1625640427000,24519.0
1625640457000,24519.0
1625640487000,24519.0
1625640517000,24519.0
1625640547000,24519.0
1625640577000,24519.0
1625640607000,24519.0
1625640637000,24519.0
1625640667000,24519.0
1625640697000,24519.0
1625640727000,24519.0
1625640757000,24519.0
1625640787000,24519.0
1625640817000,24519.0
1625640847000,24519.0
1625640877000,24519.0
1625640907000,24519.0
1625640937000,24519.0
1625640967000,24519.0
1625640997000,24519.0
1625641027000,24519.0
1625641057000,24519.0
1625641087000,24519.0
1625641117000,24519.0
1625641147000,24519.0
1625641177000,24519.0
1625641207000,24519.0
1625641237000,24519.0
1625641267000,24519.0
1625641297000,24519.0
1625641327000,24519.0
1625641357000,24519.0
1625641387000,24519.0
1625641417000,24519.0
1625641447000,24519.0
1625641477000,24519.0
1625641507000,24519.0
1625641537000,24519.0
1625641567000,24519.0
1625641597000,24519.0
1625641627000,24519.0
1625641657000,24519.0
1625641687000,24519.0
1625641717000,24519.0
1625641747000,24519.0
1625641777000,24519.0
1625641807000,24519.0
1625641837000,24519.0
1625641867000,24519.0
1625641897000,24519.0
1625641927000,24519.0
1625641957000,24519.0
1625641987000,24519.0
1625642017000,24519.0
1625642047000,24519.0
1625642077000,24519.0
1625642107000,24519.0
1625642137000,24519.0
1625642167000,24519.0
1625642197000,24519.0
1625642227000,24519.0
1625642257000,24519.0
1625642287000,24519.0
1625642317000,24519.0
1625642347000,24519.0
1625642377000,24519.0
1625642407000,24519.0
1625642437000,24519.0
1625642467000,24519.0
1625642497000,24519.0
1625642527000,24519.0
1625642557000,24519.0
1625642587000,24519.0
1625642617000,24519.0
1625642647000,24519.0
1625642677000,24519.0
1625642707000,24519.0
1625642737000,24519.0
1625642767000,24519.0
1625642797000,24519.0
1625642827000,24519.0
1625642857000,24519.0
1625642887000,24519.0
1625642917000,24519.0
1625642947000,24519.0
1625642977000,24519.0
1625643007000,24519.0
1625643037000,24519.0
1625643067000,24519.0
1625643097000,24519.0
1625643127000,24519.0
1625643157000,24519.0
1625643187000,24519.0
1625643217000,24519.0
1625643247000,24519.0
1625643277000,24519.0
1625643307000,24519.0
1625643337000,24519.0
1625643367000,24519.0
1625643397000,24519.0
1625643427000,24519.0
1625643457000,24519.0
1625643487000,24519.0
1625643517000,24519.0
1625643547000,24519.0
1625643577000,24519.0
1625643607000,24519.0
1625643637000,24519.0
1625643667000,24519.0
1625643697000,24519.0
1625643727000,24519.0
1625643757000,24519.0
1625643787000,24519.0
1625643817000,24519.0
1625643847000,24519.0
1625643877000,24519.0
1625643907000,24519.0
1625643937000,24519.0
1625643967000,24519.0
1625643997000,24519.0
1625644027000,24519.0
1625644057000,24519.0
1625644087000,24519.0
1625644117000,24519.0
1625644147000,24519.0
1625644177000,24519.0
1625644207000,24519.0
1625644237000,24519.0
1625644267000,24519.0
1625644297000,24519.0
1625644327000,24519.0
1625644357000,24519.0
1625644387000,24519.0
1625644417000,24519.0
1625644447000,24519.0
1625644477000,24519.0
1625644507000,24519.0
1625644537000,24519.0
1625644567000,24519.0
1625644597000,24519.0
1625644627000,24519.0
1625644657000,24519.0
1625644687000,24519.0
1625644717000,24519.0
1625644747000,24519.0
1625644777000,24519.0
1625644807000,24519.0
1625644837000,24519.0
1625644867000,24519.0
1625644897000,24519.0
1625644927000,24519.0
1625644957000,24519.0
1625644987000,24519.0
1625645017000,24519.0
1625645047000,24519.0
1625645077000,24519.0
1625645107000,24519.0
1625645137000,24519.0
1625645167000,24519.0
1625645197000,24519.0
1625645227000,24519.0
1625645257000,24519.0
1625645287000,24519.0
1625645317000,24519.0
1625645347000,24519.0
1625645377000,24519.0
1625645407000,24519.0
1625645437000,24519.0
1625645467000,24519.0
1625645497000,24519.0
1625645527000,24519.0
1625645557000,24519.0
1625645587000,24519.0
1625645617000,24519.0
1625645647000,24519.0
1625645677000,24519.0
1625645707000,24519.0
1625645737000,24519.0
1625645767000,24519.0
1625645797000,24519.0
1625645827000,24519.0
1625645857000,24519.0
1625645887000,24519.0
1625645917000,24519.0
1625645947000,24519.0
1625645977000,24519.0
1625646007000,24519.0
1625646037000,24519.0
1625646067000,24519.0
1625646097000,24519.0
1625646127000,24519.0
1625646157000,24519.0
1625646187000,24519.0
1625646217000,24519.0
1625646247000,24519.0
1625646277000,24519.0
1625646307000,24519.0
1625646337000,24519.0
1625646367000,24519.0
1625646397000,24519.0
1625646427000,24519.0
1625646457000,24519.0
1625646487000,24519.0
1625646517000,24519.0
1625646547000,24519.0
1625646577000,24519.0
1625646607000,24519.0
1625646637000,24519.0
1625646667000,24519.0
1625646697000,24519.0
1625646727000,24519.0
1625646757000,24519.0
1625646787000,24519.0
1625646817000,24519.0
1625646847000,24519.0
1625646877000,24519.0
1625646907000,24519.0
1625646937000,24519.0
1625646967000,24519.0
1625646997000,24519.0
1625647027000,24519.0
1625647057000,24519.0
1625647087000,24519.0
1625647117000,24519.0
1625647147000,24519.0
1625647177000,24519.0
1625647207000,24519.0
1625647237000,24519.0
1625647267000,24519.0
1625647297000,24519.0
1625647327000,24519.0
1625647357000,24519.0
1625647387000,24519.0
1625647417000,24519.0
1625647447000,24519.0
1625647477000,24519.0
1625647507000,24519.0
1625647537000,24519.0
1625647567000,24519.0
1625647597000,24519.0
1625647627000,24519.0
1625647657000,24519.0
1625647687000,24519.0
1625647717000,24519.0
1625647747000,24519.0
1625647777000,24519.0
1625647807000,24519.0
1625647837000,24519.0
1625647867000,24519.0
1625647897000,24519.0
1625647927000,24519.0
1625647957000,24519.0
1625647987000,24519.0
1625648017000,24519.0
1625648047000,24519.0
1625648077000,24519.0
1625648107000,24519.0
1625648137000,24519.0
1625648167000,24519.0
1625648197000,24519.0
1625648227000,24519.0
1625648257000,24519.0
1625648287000,24519.0
1625648317000,24519.0
1625648347000,24519.0
1625648377000,24519.0
1625648407000,24519.0
1625648437000,24519.0
1625648467000,24519.0
1625648497000,24519.0
1625648527000,24519.0
1625648557000,24519.0
1625648587000,24519.0
1625648617000,24519.0
1625648647000,24519.0
1625648677000,24519.0
1625648707000,24519.0
1625648737000,24519.0
1625648767000,24519.0
1625648797000,24519.0
1625648827000,24519.0
1625648857000,24519.0
1625648887000,24519.0
1625648917000,24519.0
1625648947000,24519.0
1625648977000,24519.0
1625649007000,24519.0
1625649037000,24519.0
1625649067000,24519.0
1625649097000,24519.0
1625649127000,24519.0
1625649157000,24519.0
1625649187000,24519.0
1625649217000,24519.0
1625649247000,24519.0
1625649277000,24519.0
1625649307000,24519.0
1625649337000,24519.0
1625649367000,24519.0
1625649397000,24519.0
1625649427000,24519.0
1625649457000,24519.0
1625649487000,24519.0
1625649517000,24519.0
1625649547000,24519.0
1625649577000,24519.0
1625649607000,24519.0
1625649637000,24519.0
1625649667000,24519.0
1625649697000,24519.0
1625649727000,24519.0
1625649757000,24519.0
1625649787000,24519.0
1625649817000,24519.0
1625649847000,24519.0
1625649877000,24519.0
1625649907000,24519.0
1625649937000,24519.0
1625649967000,24519.0
1625649997000,24519.0
1625650027000,24519.0
1625650057000,24519.0
1625650087000,24519.0
1625650117000,24519.0
1625650147000,24519.0
1625650177000,24519.0
1625650207000,24519.0
1625650237000,24519.0
1625650267000,24519.0
1625650297000,24519.0
1625650327000,24519.0
1625650357000,24519.0
1625650387000,24519.0
1625650417000,24519.0
1625650447000,24519.0
1625650477000,24519.0
1625650507000,24519.0
1625650537000,24519.0
1625650567000,24519.0
1625650597000,24519.0
1625650627000,24519.0
1625650657000,24519.0
1625650687000,24519.0
1625650717000,24519.0
1625650747000,24519.0
1625650777000,24519.0
1625650807000,24519.0
1625650837000,24519.0
1625650867000,24519.0
1625650897000,24519.0
1625650927000,24519.0
1625650957000,24519.0
1625650987000,24519.0
1625651017000,24519.0
1625651047000,24519.0
1625651077000,24519.0
1625651107000,24519.0
1625651137000,24519.0
1625651167000,24519.0
1625651197000,24519.0
1625651227000,24519.0
1625651257000,24519.0
1625651287000,24519.0
1625651317000,24519.0
1625651347000,24519.0
1625651377000,24519.0
1625651407000,24519.0
1625651437000,24519.0
1625651467000,24519.0
1625651497000,24519.0
1625651527000,24519.0
1625651557000,24519.0
1625651587000,24519.0
1625651617000,24519.0
1625651647000,24519.0
1625651677000,24519.0
1625651707000,24519.0
1625651737000,24519.0
1625651767000,24519.0
1625651797000,24519.0
1625651827000,24519.0
1625651857000,24519.0
1625651887000,24519.0
1625651917000,24519.0
1625651947000,24519.0
1625651977000,24519.0
1625652007000,24519.0
1625652037000,24519.0
1625652067000,24519.0
1625652097000,24519.0
1625652127000,24519.0
1625652157000,24519.0
1625652187000,24519.0
1625652217000,24519.0
1625652247000,24519.0
1625652277000,24519.0
1625652307000,24519.0
1625652337000,24519.0
1625652367000,24519.0
1625652397000,24519.0
1625652427000,24519.0
1625652457000,24519.0
1625652487000,24519.0
1625652517000,24519.0
1625652547000,24519.0
1625652577000,24519.0
1625652607000,24519.0
1625652637000,24519.0
1625652667000,24519.0
1625652697000,24519.0
1625652727000,24519.0
1625652757000,24519.0
1625652787000,24519.0
1625652817000,24519.0
1625652847000,24519.0
1625652877000,24519.0
1625652907000,24519.0
1625652937000,24519.0
1625652967000,24519.0
1625652997000,24519.0
1625653027000,24519.0
1625653057000,24519.0
1625653087000,24519.0
1625653117000,24519.0
1625653147000,24519.0
1625653177000,24519.0
1625653207000,24519.0
1625653237000,24519.0
1625653267000,24519.0
1625653297000,24519.0
1625653327000,24519.0
1625653357000,24519.0
1625653387000,24519.0
1625653417000,24519.0
1625653447000,24519.0
1625653477000,24519.0
1625653507000,24519.0
1625653537000,24519.0
1625653567000,24519.0
1625653597000,24519.0
1625653627000,24519.0
1625653657000,24519.0
1625653687000,24519.0
1625653717000,24519.0
1625653747000,24519.0
1625653777000,24519.0
1625653807000,24519.0
1625653837000,24519.0
1625653867000,24519.0
1625653897000,24519.0
1625653927000,24519.0
1625653957000,24519.0
1625653987000,24519.0
1625654017000,24519.0
1625654047000,24519.0
1625654077000,24519.0
1625654107000,24519.0
1625654137000,24519.0
1625654167000,24519.0
1625654197000,24519.0
1625654227000,24519.0
1625654257000,24519.0
1625654287000,24519.0
1625654317000,24519.0
1625654347000,24519.0
1625654377000,24519.0
1625654407000,24519.0
1625654437000,24519.0
1625654467000,24519.0
1625654497000,24519.0
1625654527000,24519.0
1625654557000,24519.0
1625654587000,24519.0
1625654617000,24519.0
1625654647000,24519.0
1625654677000,24519.0
1625654707000,24519.0
1625654737000,24519.0
1625654767000,24519.0
1625654797000,24519.0
1625654827000,24519.0
1625654857000,24519.0
1625654887000,24519.0
1625654917000,24519.0
1625654947000,24519.0
1625654977000,24519.0
1625655007000,24519.0
1625655037000,24519.0
1625655067000,24519.0
1625655097000,24519.0
1625655127000,24519.0
1625655157000,24519.0
1625655187000,24519.0
1625655217000,24519.0
1625655247000,24519.0
1625655277000,24519.0
1625655307000,24519.0
1625655337000,24519.0
1625655367000,24519.0
1625655397000,24519.0
1625655427000,24519.0
1625655457000,24519.0
1625655487000,24519.0
1625655517000,24519.0
1625655547000,24519.0
1625655577000,24519.0
1625655607000,24519.0
1625655637000,24519.0
1625655667000,24519.0
1625655697000,24519.0
1625655727000,24519.0
1625655757000,24519.0
1625655787000,24519.0
1625655817000,24519.0
1625655847000,24519.0
1625655877000,24519.0
1625655907000,24519.0
1625655937000,24519.0
1625655967000,24519.0
1625655997000,24519.0
1625656027000,24519.0
1625656057000,24519.0
1625656087000,24519.0
1625656117000,24519.0
1625656147000,24519.0
1625656177000,24519.0
1625656207000,24519.0
1625656237000,24519.0
1625656267000,24519.0
1625656297000,24519.0
1625656327000,24519.0
1625656357000,24519.0
1625656387000,24519.0
1625656417000,24519.0
1625656447000,24519.0
1625656477000,24519.0
1625656507000,24519.0
1625656537000,24519.0
1625656567000,24519.0
1625656597000,24519.0
1625656627000,24519.0
1625656657000,24519.0
1625656687000,24519.0
1625656717000,24519.0
1625656747000,24519.0
1625656777000,24519.0
1625656807000,24519.0
1625656837000,24519.0
1625656867000,24519.0
1625656897000,24519.0
1625656927000,24519.0
1625656957000,24519.0
1625656987000,24519.0
1625657017000,24519.0
1625657047000,24519.0
1625657077000,24519.0
1625657107000,24519.0
1625657137000,24519.0
1625657167000,24519.0
1625657197000,24519.0
1625657227000,24519.0
1625657257000,24519.0
1625657287000,24519.0
1625657317000,24519.0
1625657347000,24519.0
1625657377000,24519.0
1625657407000,24519.0
1625657437000,24519.0
1625657467000,24519.0
1625657497000,24519.0
1625657527000,24519.0
1625657557000,24519.0
1625657587000,24519.0
1625657617000,24519.0
1625657647000,24519.0
1625657677000,24519.0
1625657707000,24519.0
1625657737000,24519.0
1625657767000,24519.0
1625657797000,24519.0
1625657827000,24519.0
1625657857000,24519.0
1625657887000,24519.0
1625657917000,24519.0
1625657947000,24519.0
1625657977000,24519.0
1625658007000,24519.0
1625658037000,24519.0
1625658067000,24519.0
1625658097000,24519.0
1625658127000,24519.0
1625658157000,24519.0
1625658187000,24519.0
1625658217000,24519.0
1625658247000,24519.0
1625658277000,24519.0
1625658307000,24519.0
1625658337000,24519.0
1625658367000,24519.0
1625658397000,24519.0
1625658427000,24519.0
1625658457000,24519.0
1625658487000,24519.0
1625658517000,24519.0
1625658547000,24519.0
1625658577000,24519.0
1625658607000,24519.0
1625658637000,24519.0
1625658667000,24519.0
1625658697000,24519.0
1625658727000,24519.0
1625658757000,24519.0
1625658787000,24519.0
1625658817000,24519.0
1625658847000,24519.0
1625658877000,24519.0
1625658907000,24519.0
1625658937000,24519.0
1625658967000,24519.0
1625658997000,24519.0
1625659027000,24519.0
1625659057000,24519.0
1625659087000,24519.0
1625659117000,24519.0
1625659147000,24519.0
1625659177000,24519.0
1625659207000,24519.0
1625659237000,24519.0
1625659267000,24519.0
1625659297000,24519.0
1625659327000,24519.0
1625659357000,24519.0
1625659387000,24519.0
1625659417000,24519.0
1625659447000,24519.0
1625659477000,24519.0
1625659507000,24519.0
1625659537000,24519.0
1625659567000,24519.0
1625659597000,24519.0
1625659627000,24519.0
1625659657000,24519.0
1625659687000,24519.0
1625659717000,24519.0
1625659747000,24519.0
1625659777000,24519.0
1625659807000,24519.0
1625659837000,24519.0
1625659867000,24519.0
1625659897000,24519.0
1625659927000,24519.0
1625659957000,24519.0
1625659987000,24519.0
1625660017000,24519.0
1625660047000,24519.0
1625660077000,24519.0
1625660107000,24519.0
1625660137000,24519.0
1625660167000,24519.0
1625660197000,24519.0
1625660227000,24519.0
1625660257000,24519.0
1625660287000,24519.0
1625660317000,24519.0
1625660347000,24519.0
1625660377000,24519.0
1625660407000,24519.0
1625660437000,24519.0
1625660467000,24519.0
1625660497000,24519.0
1625660527000,24519.0
1625660557000,24519.0
1625660587000,24519.0
1625660617000,24519.0
1625660647000,24519.0
1625660677000,24519.0
1625660707000,24519.0
1625660737000,24519.0
1625660767000,24519.0
1625660797000,24519.0
1625660827000,24519.0
1625660857000,24519.0
1625660887000,24519.0
1625660917000,24519.0
1625660947000,24519.0
1625660977000,24519.0
1625661007000,24519.0
1625661037000,24519.0
1625661067000,24519.0
1625661097000,24519.0
1625661127000,24519.0
1625661157000,24519.0
1625661187000,24519.0
1625661217000,24519.0
1625661247000,24519.0
1625661277000,24519.0
1625661307000,24519.0
1625661337000,24519.0
1625661367000,24519.0
1625661397000,24519.0
1625661427000,24519.0
1625661457000,24519.0
1625661487000,24519.0
1625661517000,24519.0
1625661547000,24519.0
1625661577000,24519.0
1625661607000,24519.0
1625661637000,24519.0
1625661667000,24519.0
1625661697000,24519.0
1625661727000,24519.0
1625661757000,24519.0
1625661787000,24519.0
1625661817000,24519.0
1625661847000,24519.0
1625661877000,24519.0
1625661907000,24519.0
1625661937000,24519.0
1625661967000,24519.0
1625661997000,24519.0
1625662027000,24519.0
1625662057000,24519.0
1625662087000,24519.0
1625662117000,24519.0
1625662147000,24519.0
1625662177000,24519.0
1625662207000,24519.0
1625662237000,24519.0
1625662267000,24519.0
1625662297000,24519.0
1625662327000,24519.0
1625662357000,24519.0
1625662387000,24519.0
1625662417000,24519.0
1625662447000,24519.0
1625662477000,24519.0
1625662507000,24519.0
1625662537000,24519.0
1625662567000,24519.0
1625662597000,24519.0
1625662627000,24519.0
1625662657000,24519.0
1625662687000,24519.0
1625662717000,24519.0
1625662747000,24519.0
1625662777000,24519.0
1625662807000,24519.0
1625662837000,24519.0
1625662867000,24519.0
1625662897000,24519.0
1625662927000,24519.0
1625662957000,24519.0
1625662987000,24519.0
1625663017000,24519.0
1625663047000,24519.0
1625663077000,24519.0
1625663107000,24519.0
1625663137000,24519.0
1625663167000,24519.0
1625663197000,24519.0
1625663227000,24519.0
1625663257000,24519.0
1625663287000,24519.0
1625663317000,24519.0
1625663347000,24519.0
1625663377000,24519.0
1625663407000,24519.0
1625663437000,24519.0
1625663467000,24519.0
1625663497000,24519.0
1625663527000,24519.0
1625663557000,24519.0
1625663587000,24519.0
1625663617000,24519.0
1625663647000,24519.0
1625663677000,24519.0
1625663707000,24519.0
1625663737000,24519.0
1625663767000,24519.0
1625663797000,24519.0
1625663827000,24519.0
1625663857000,24519.0
1625663887000,24519.0
1625663917000,24519.0
1625663947000,24519.0
1625663977000,24519.0
1625664007000,24519.0
1625664037000,24519.0
1625664067000,24519.0
1625664097000,24519.0
1625664127000,24519.0
1625664157000,24519.0
1625664187000,24519.0
1625664217000,24519.0
1625664247000,24519.0
1625664277000,24519.0
1625664307000,24519.0
1625664337000,24519.0
1625664367000,24519.0
1625664397000,24519.0
1625664427000,24519.0
1625664457000,24519.0
1625664487000,24519.0
1625664517000,24519.0
1625664547000,24519.0
1625664577000,24519.0
1625664607000,24519.0
1625664637000,24519.0
1625664667000,24519.0
1625664697000,24519.0
1625664727000,24519.0
1625664757000,24519.0
1625664787000,24519.0
1625664817000,24519.0
1625664847000,24519.0
1625664877000,24519.0
1625664907000,24519.0
1625664937000,24519.0
1625664967000,24519.0
1625664997000,24519.0
1625665027000,24519.0
1625665057000,24519.0
1625665087000,24519.0
1625665117000,24519.0
1625665147000,24519.0
1625665177000,24519.0
1625665207000,24519.0
1625665237000,24519.0
1625665267000,24519.0
1625665297000,24519.0
1625665327000,24519.0
1625665357000,24519.0
1625665387000,24519.0
1625665417000,24519.0
1625665447000,24519.0
1625665477000,24519.0
1625665507000,24519.0
1625665537000,24519.0
1625665567000,24519.0
1625665597000,24519.0
1625665627000,24519.0
1625665657000,24519.0
1625665687000,24519.0
1625665717000,24519.0
1625665747000,24519.0
1625665777000,24519.0
1625665807000,24519.0
1625665837000,24519.0
1625665867000,24519.0
1625665897000,24519.0
1625665927000,24519.0
1625665957000,24519.0
1625665987000,24519.0
1625666017000,24519.0
1625666047000,24519.0
1625666077000,24519.0
1625666107000,24519.0
1625666137000,24519.0
1625666167000,24519.0
1625666197000,24519.0
1625666227000,24519.0
1625666257000,24519.0
1625666287000,24519.0
1625666317000,24519.0
1625666347000,24519.0
1625666377000,24519.0
1625666407000,24519.0
1625666437000,24519.0
1625666467000,24519.0
1625666497000,24519.0
1625666527000,24519.0
1625666557000,24519.0
1625666587000,24519.0
1625666617000,24519.0
1625666647000,24519.0
1625666677000,24519.0
1625666707000,24519.0
1625666737000,24519.0
1625666767000,24519.0
1625666797000,24519.0
1625666827000,24519.0
1625666857000,24519.0
1625666887000,24519.0
1625666917000,24519.0
1625666947000,24519.0
1625666977000,24519.0
1625667007000,24519.0
1625667037000,24519.0
1625667067000,24519.0
1625667097000,24519.0
1625667127000,24519.0
1625667157000,24519.0
1625667187000,24519.0
1625667217000,24519.0
1625667247000,24519.0
1625667277000,24519.0
1625667307000,24519.0
1625667337000,24519.0
1625667367000,24519.0
1625667397000,24519.0
1625667427000,24519.0
1625667457000,24519.0
1625667487000,24519.0
1625667517000,24519.0
1625667547000,24519.0
1625667577000,24519.0
1625667607000,24519.0
1625667637000,24519.0
1625667667000,24519.0
1625667697000,24519.0
1625667727000,24519.0
1625667757000,24519.0
1625667787000,24519.0
1625667817000,24519.0
1625667847000,24519.0
1625667877000,24519.0
1625667907000,24519.0
1625667937000,24519.0
1625667967000,24519.0
1625667997000,24519.0
1625668027000,24519.0
1625668057000,24519.0
1625668087000,24519.0
1625668117000,24519.0
1625668147000,24519.0
1625668177000,24519.0
1625668207000,24519.0
1625668237000,24519.0
1625668267000,24519.0
1625668297000,24519.0
1625668327000,24519.0
1625668357000,24519.0
1625668387000,24519.0
1625668417000,24519.0
1625668447000,24519.0
1625668477000,24519.0
1625668507000,24519.0
1625668537000,24519.0
1625668567000,24519.0
1625668597000,24519.0
1625668627000,24519.0
1625668657000,24519.0
1625668687000,24519.0
1625668717000,24519.0
1625668747000,24519.0
1625668777000,24519.0
1625668807000,24519.0
1625668837000,24519.0
1625668867000,24519.0
1625668897000,24519.0
1625668927000,24519.0
1625668957000,24519.0
1625668987000,24519.0
1625669017000,24519.0
1625669047000,24519.0
1625669077000,24519.0
1625669107000,24519.0
1625669137000,24519.0
1625669167000,24519.0
1625669197000,24519.0
1625669227000,24519.0
1625669257000,24519.0
1625669287000,24519.0
1625669317000,24519.0
1625669347000,24519.0
1625669377000,24519.0
1625669407000,24519.0
1625669437000,24519.0
1625669467000,24519.0
1625669497000,24519.0
1625669527000,24519.0
1625669557000,24519.0
1625669587000,24519.0
1625669617000,24519.0
1625669647000,24519.0
1625669677000,24519.0
1625669707000,24519.0
1625669737000,24519.0
1625669767000,24519.0
1625669797000,24519.0
1625669827000,24519.0
1625669857000,24519.0
1625669887000,24519.0
1625669917000,24519.0
1625669947000,24519.0
1625669977000,24519.0
1625670007000,24519.0
1625670037000,24519.0
1625670067000,24519.0
1625670097000,24519.0
1625670127000,24519.0
1625670157000,24519.0
1625670187000,24519.0
1625670217000,24519.0
1625670247000,24519.0
1625670277000,24519.0
1625670307000,24519.0
1625670337000,24519.0
1625670367000,24519.0
1625670397000,24519.0
1625670427000,24519.0
1625670457000,24519.0
1625670487000,24519.0
1625670517000,24519.0
1625670547000,24519.0
1625670577000,24519.0
1625670607000,24519.0
1625670637000,24519.0
1625670667000,24519.0
1625670697000,24519.0
1625670727000,24519.0
1625670757000,24519.0
1625670787000,24519.0
1625670817000,24519.0
1625670847000,24519.0
1625670877000,24519.0
1625670907000,24519.0
1625670937000,24519.0
1625670967000,24519.0
1625670997000,24519.0
1625671027000,24519.0
1625671057000,24519.0
1625671087000,24519.0
1625671117000,24519.0
1625671147000,24519.0
1625671177000,24519.0
1625671207000,24519.0
1625671237000,24519.0
1625671267000,24519.0
1625671297000,24519.0
1625671327000,24519.0
1625671357000,24519.0
1625671387000,24519.0
1625671417000,24519.0
1625671447000,24519.0
1625671477000,24519.0
1625671507000,24519.0
1625671537000,24519.0
1625671567000,24519.0
1625671597000,24519.0
1625671627000,24519.0
1625671657000,24519.0
1625671687000,24519.0
1625671717000,24519.0
1625671747000,24519.0
1625671777000,24519.0
1625671807000,24519.0
1625671837000,24519.0
1625671867000,24519.0
1625671897000,24519.0
1625671927000,24519.0
1625671957000,24519.0
1625671987000,24519.0
1625672017000,24519.0
1625672047000,24519.0
1625672077000,24519.0
1625672107000,24519.0
1625672137000,24519.0
1625672167000,24519.0
1625672197000,24519.0
1625672227000,24519.0
1625672257000,24519.0
1625672287000,24519.0
1625672317000,24519.0
1625672347000,24519.0
1625672377000,24519.0
1625672407000,24519.0
1625672437000,24519.0
1625672467000,24519.0
1625672497000,24519.0
1625672527000,24519.0
1625672557000,24519.0
1625672587000,24519.0
1625672617000,24519.0
1625672647000,24519.0
1625672677000,24519.0
1625672707000,24519.0
1625672737000,24519.0
1625672767000,24519.0
1625672797000,24519.0
1625672827000,24519.0
1625672857000,24519.0
1625672887000,24519.0
1625672917000,24519.0
1625672947000,24519.0
1625672977000,24519.0
1625673007000,24519.0
1625673037000,24519.0
1625673067000,24519.0
1625673097000,24519.0
1625673127000,24519.0
1625673157000,24519.0
1625673187000,24519.0
1625673217000,24519.0
1625673247000,24519.0
1625673277000,24519.0
1625673307000,24519.0
1625673337000,24519.0
1625673367000,24519.0
1625673397000,24519.0
1625673427000,24519.0
1625673457000,24519.0
1625673487000,24519.0
1625673517000,24519.0
1625673547000,24519.0
1625673577000,24519.0
1625673607000,24519.0
1625673637000,24519.0
1625673667000,24519.0
1625673697000,24519.0
1625673727000,24519.0
1625673757000,24519.0
1625673787000,24519.0
1625673817000,24519.0
1625673847000,24519.0
1625673877000,24519.0
1625673907000,24519.0
1625673937000,24519.0
1625673967000,24519.0
1625673997000,24519.0
1625674027000,24519.0
1625674057000,24519.0
1625674087000,24519.0
1625674117000,24519.0
1625674147000,24519.0
1625674177000,24519.0
1625674207000,24519.0
1625674237000,24519.0
1625674267000,24519.0
1625674297000,24519.0
1625674327000,24519.0
1625674357000,24519.0
1625674387000,24519.0
1625674417000,24519.0
1625674447000,24519.0
1625674477000,24519.0
1625674507000,24519.0
1625674537000,24519.0
1625674567000,24519.0
1625674597000,24519.0
1625674627000,24519.0
1625674657000,24519.0
1625674687000,24519.0
1625674717000,24519.0
1625674747000,24519.0
1625674777000,24519.0
1625674807000,24519.0
1625674837000,24519.0
1625674867000,24519.0
1625674897000,24519.0
1625674927000,24519.0
1625674957000,24519.0
1625674987000,24519.0
1625675017000,24519.0
1625675047000,24519.0
1625675077000,24519.0
1625675107000,24519.0
1625675137000,24519.0
1625675167000,24519.0
1625675197000,24519.0
1625675227000,24519.0
1625675257000,24519.0
1625675287000,24519.0
1625675317000,24519.0
1625675347000,24519.0
1625675377000,24519.0
1625675407000,24519.0
1625675437000,24519.0
1625675467000,24519.0
1625675497000,24519.0
1625675527000,24519.0
1625675557000,24519.0
1625675587000,24519.0
1625675617000,24519.0
1625675647000,24519.0
1625675677000,24519.0
1625675707000,24519.0
1625675737000,24519.0
1625675767000,24519.0
1625675797000,24519.0
1625675827000,24519.0
1625675857000,24519.0
1625675887000,24519.0
1625675917000,24519.0
1625675947000,24519.0
1625675977000,24519.0
1625676007000,24519.0
1625676037000,24519.0
1625676067000,24519.0
1625676097000,24519.0
1625676127000,24519.0
1625676157000,24519.0
1625676187000,24519.0
1625676217000,24519.0
1625676247000,24519.0
1625676277000,24519.0
1625676307000,24519.0
1625676337000,24519.0
1625676367000,24519.0
1625676397000,24519.0
1625676427000,24519.0
1625676457000,24519.0
1625676487000,24519.0
1625676517000,24519.0
1625676547000,24519.0
1625676577000,24519.0
1625676607000,24519.0
1625676637000,24519.0
1625676667000,24519.0
1625676697000,24519.0
1625676727000,24519.0
1625676757000,24519.0
1625676787000,24519.0
1625676817000,24519.0
1625676847000,24519.0
1625676877000,24519.0
1625676907000,24519.0
1625676937000,24519.0
1625676967000,24519.0
1625676997000,24519.0
1625677027000,24519.0
1625677057000,24519.0
1625677087000,24519.0
1625677117000,24519.0
1625677147000,24519.0
1625677177000,24519.0
1625677207000,24519.0
1625677237000,24519.0
1625677267000,24519.0
1625677297000,24519.0
1625677327000,24519.0
1625677357000,24519.0
1625677387000,24519.0
1625677417000,24519.0
1625677447000,24519.0
1625677477000,24519.0
1625677507000,24519.0
1625677537000,24519.0
1625677567000,24519.0
1625677597000,24519.0
1625677627000,24519.0
1625677657000,24519.0
1625677687000,24519.0
1625677717000,24519.0
1625677747000,24519.0
1625677777000,24519.0
1625677807000,24519.0
1625677837000,24519.0
1625677867000,24519.0
1625677897000,24519.0
1625677927000,24519.0
1625677957000,24519.0
1625677987000,24519.0
1625678017000,24519.0
1625678047000,24519.0
1625678077000,24519.0
1625678107000,24519.0
1625678137000,24519.0
1625678167000,24519.0
1625678197000,24519.0
1625678227000,24519.0
1625678257000,24519.0
1625678287000,24519.0
1625678317000,24519.0
1625678347000,24519.0
1625678377000,24519.0
1625678407000,24519.0
1625678437000,24519.0
1625678467000,24519.0
1625678497000,24519.0
1625678527000,24519.0
1625678557000,24519.0
1625678587000,24519.0
1625678617000,24519.0
1625678647000,24519.0
1625678677000,24519.0
1625678707000,24519.0
1625678737000,24519.0
1625678767000,24519.0
1625678797000,24519.0
1625678827000,24519.0
1625678857000,24519.0
1625678887000,24519.0
1625678917000,24519.0
1625678947000,24519.0
1625678977000,24519.0
1625679007000,24519.0
1625679037000,24519.0
1625679067000,24519.0
1625679097000,24519.0
1625679127000,24519.0
1625679157000,24519.0
1625679187000,24519.0
1625679217000,24519.0
1625679247000,24519.0
1625679277000,24519.0
1625679307000,24519.0
1625679337000,24519.0
1625679367000,24519.0
1625679397000,24519.0
1625679427000,24519.0
1625679457000,24519.0
1625679487000,24519.0
1625679517000,24519.0
1625679547000,24519.0
1625679577000,24519.0
1625679607000,24519.0
1625679637000,24519.0
1625679667000,24519.0
1625679697000,24519.0
1625679727000,24519.0
1625679757000,24519.0
1625679787000,24519.0
1625679817000,24519.0
1625679847000,24519.0
1625679877000,24519.0
1625679907000,24519.0
1625679937000,24519.0
1625679967000,24519.0
1625679997000,24519.0
1625680027000,24519.0
1625680057000,24519.0
1625680087000,24519.0
1625680117000,24519.0
1625680147000,24519.0
1625680177000,24519.0
1625680207000,24519.0
1625680237000,24519.0
1625680267000,24519.0
1625680297000,24519.0
1625680327000,24519.0
1625680357000,24519.0
1625680387000,24519.0
1625680417000,24519.0
1625680447000,24519.0
1625680477000,24519.0
1625680507000,24519.0
1625680537000,24519.0
1625680567000,24519.0
1625680597000,24519.0
1625680627000,24519.0
1625680657000,24519.0
1625680687000,24519.0
1625680717000,24519.0
1625680747000,24519.0
1625680777000,24519.0
1625680807000,24519.0
1625680837000,24519.0
1625680867000,24519.0
1625680897000,24519.0
1625680927000,24519.0
1625680957000,24519.0
1625680987000,24519.0
1625681017000,24519.0
1625681047000,24519.0
1625681077000,24519.0
1625681107000,24519.0
1625681137000,24519.0
1625681167000,24519.0
1625681197000,24519.0
1625681227000,24519.0
1625681257000,24519.0
1625681287000,24519.0
1625681317000,24519.0
1625681347000,24519.0
1625681377000,24519.0
1625681407000,24519.0
1625681437000,24519.0
1625681467000,24519.0
1625681497000,24519.0
1625681527000,24519.0
1625681557000,24519.0
1625681587000,24519.0
1625681617000,24519.0
1625681647000,24519.0
1625681677000,24519.0
1625681707000,24519.0
1625681737000,24519.0
1625681767000,24519.0
1625681797000,24519.0
1625681827000,24519.0
1625681857000,24519.0
1625681887000,24519.0
1625681917000,24519.0
1625681947000,24519.0
1625681977000,24519.0
1625682007000,24519.0
1625682037000,24519.0
1625682067000,24519.0
1625682097000,24519.0
1625682127000,24519.0
1625682157000,24519.0
1625682187000,24519.0
1625682217000,24519.0
1625682247000,24519.0
1625682277000,24519.0
1625682307000,24519.0
1625682337000,24519.0
1625682367000,24519.0
1625682397000,24519.0
1625682427000,24519.0
1625682457000,24519.0
1625682487000,24519.0
1625682517000,24519.0
1625682547000,24519.0
1625682577000,24519.0
1625682607000,24519.0
1625682637000,24519.0
1625682667000,24519.0
1625682697000,24519.0
1625682727000,24519.0
1625682757000,24519.0
1625682787000,24519.0
1625682817000,24519.0
1625682847000,24519.0
1625682877000,24519.0
1625682907000,24519.0
1625682937000,24519.0
1625682967000,24519.0
1625682997000,24519.0
1625683027000,24519.0
1625683057000,24519.0
1625683087000,24519.0
1625683117000,24519.0
1625683147000,24519.0
1625683177000,24519.0
1625683207000,24519.0
1625683237000,24519.0
1625683267000,24519.0
1625683297000,24519.0
1625683327000,24519.0
1625683357000,24519.0
1625683387000,24519.0
1625683417000,24519.0
1625683447000,24519.0
1625683477000,24519.0
1625683507000,24519.0
1625683537000,24519.0
1625683567000,24519.0
1625683597000,24519.0
1625683627000,24519.0
1625683657000,24519.0
1625683687000,24519.0
1625683717000,24519.0
1625683747000,24519.0
1625683777000,24519.0
1625683807000,24519.0
1625683837000,24519.0
1625683867000,24519.0
1625683897000,24519.0
1625683927000,24519.0
1625683957000,24519.0
1625683987000,24519.0
1625684017000,24519.0
1625684047000,24519.0
1625684077000,24519.0
1625684107000,24519.0
1625684137000,24519.0
1625684167000,24519.0
1625684197000,24519.0
1625684227000,24519.0
1625684257000,24519.0
1625684287000,24519.0
1625684317000,24519.0
1625684347000,24519.0
1625684377000,24519.0
1625684407000,24519.0
1625684437000,24519.0
1625684467000,24519.0
1625684497000,24519.0
1625684527000,24519.0
1625684557000,24519.0
1625684587000,24519.0
1625684617000,24519.0
1625684647000,24519.0
1625684677000,24519.0
1625684707000,24519.0
1625684737000,24519.0
1625684767000,24519.0
1625684797000,24519.0
1625684827000,24519.0
1625684857000,24519.0
1625684887000,24519.0
1625684917000,24519.0
1625684947000,24519.0
1625684977000,24519.0
1625685007000,24519.0
1625685037000,24519.0
1625685067000,24519.0
1625685097000,24519.0
1625685127000,24519.0
1625685157000,24519.0
1625685187000,24519.0
1625685217000,24519.0
1625685247000,24519.0
1625685277000,24519.0
1625685307000,24519.0
1625685337000,24519.0
1625685367000,24519.0
1625685397000,24519.0
1625685427000,24519.0
1625685457000,24519.0
1625685487000,24519.0
1625685517000,24519.0
1625685547000,24519.0
1625685577000,24519.0
1625685607000,24519.0
1625685637000,24519.0
1625685667000,24519.0
1625685697000,24519.0
1625685727000,24519.0
1625685757000,24519.0
1625685787000,24519.0
1625685817000,24519.0
1625685847000,24519.0
1625685877000,24519.0
1625685907000,24519.0
1625685937000,24519.0
1625685967000,24519.0
1625685997000,24519.0
1625686027000,24519.0
1625686057000,24519.0
1625686087000,24519.0
1625686117000,24519.0
1625686147000,24519.0
1625686177000,24519.0
1625686207000,24519.0
1625686237000,24519.0
1625686267000,24519.0
1625686297000,24519.0
1625686327000,24519.0
1625686357000,24519.0
1625686387000,24519.0
1625686417000,24519.0
1625686447000,24519.0
1625686477000,24519.0
1625686507000,24519.0
1625686537000,24519.0
1625686567000,24519.0
1625686597000,24519.0
1625686627000,24519.0
1625686657000,24519.0
1625686687000,24519.0
1625686717000,24519.0
1625686747000,24519.0
1625686777000,24519.0
1625686807000,24519.0
1625686837000,24519.0
1625686867000,24519.0
1625686897000,24519.0
1625686927000,24519.0
1625686957000,24519.0
1625686987000,24519.0
1625687017000,24519.0
1625687047000,24519.0
1625687077000,24519.0
1625687107000,24519.0
1625687137000,24519.0
1625687167000,24519.0
1625687197000,24519.0
1625687227000,24519.0
1625687257000,24519.0
1625687287000,24519.0
1625687317000,24519.0
1625687347000,24519.0
1625687377000,24519.0
1625687407000,24519.0
1625687437000,24519.0
1625687467000,24519.0
1625687497000,24519.0
1625687527000,24519.0
1625687557000,24519.0
1625687587000,24519.0
1625687617000,24519.0
1625687647000,24519.0
1625687677000,24519.0
1625687707000,24519.0
1625687737000,24519.0
1625687767000,24519.0
1625687797000,24519.0
1625687827000,24519.0
1625687857000,24519.0
1625687887000,24519.0
1625687917000,24519.0
1625687947000,24519.0
1625687977000,24519.0
1625688007000,24519.0
1625688037000,24519.0
1625688067000,24519.0
1625688097000,24519.0
1625688127000,24519.0
1625688157000,24519.0
1625688187000,24519.0
1625688217000,24519.0
1625688247000,24519.0
1625688277000,24519.0
1625688307000,24519.0
1625688337000,24519.0
1625688367000,24519.0
1625688397000,24519.0
1625688427000,24519.0
1625688457000,24519.0
1625688487000,24519.0
1625688517000,24519.0
1625688547000,24519.0
1625688577000,24519.0
1625688607000,24519.0
1625688637000,24519.0
1625688667000,24519.0
1625688697000,24519.0
1625688727000,24519.0
1625688757000,24519.0
1625688787000,24519.0
1625688817000,24519.0
1625688847000,24519.0
1625688877000,24519.0
1625688907000,24519.0
1625688937000,24519.0
1625688967000,24519.0
1625688997000,24519.0
1625689027000,24519.0
1625689057000,24519.0
1625689087000,24519.0
1625689117000,24519.0
1625689147000,24519.0
1625689177000,24519.0
1625689207000,24519.0
1625689237000,24519.0
1625689267000,24519.0
1625689297000,24519.0
1625689327000,24519.0
1625689357000,24519.0
1625689387000,24519.0
1625689417000,24519.0
1625689447000,24519.0
1625689477000,24519.0
1625689507000,24519.0
1625689537000,24519.0
1625689567000,24519.0
1625689597000,24519.0
1625689627000,24519.0
1625689657000,24519.0
1625689687000,24519.0
1625689717000,24519.0
1625689747000,24519.0
1625689777000,24519.0
1625689807000,24519.0
1625689837000,24519.0
1625689867000,24519.0
1625689897000,24519.0
1625689927000,24519.0
1625689957000,24519.0
1625689987000,24519.0
1625690017000,24519.0
1625690047000,24519.0
1625690077000,24519.0
1625690107000,24519.0
1625690137000,24519.0
1625690167000,24519.0
1625690197000,24519.0
1625690227000,24519.0
1625690257000,24519.0
1625690287000,24519.0
1625690317000,24519.0
1625690347000,24519.0
1625690377000,24519.0
1625690407000,24519.0
1625690437000,24519.0
1625690467000,24519.0
1625690497000,24519.0
1625690527000,24519.0
1625690557000,24519.0
1625690587000,24519.0
1625690617000,24519.0
1625690647000,24519.0
1625690677000,24519.0
1625690707000,24519.0
1625690737000,24519.0
1625690767000,24519.0
1625690797000,24519.0
1625690827000,24519.0
1625690857000,24519.0
1625690887000,24519.0
1625690917000,24519.0
1625690947000,24519.0
1625690977000,24519.0
1625691007000,24519.0
1625691037000,24519.0
1625691067000,24519.0
1625691097000,24519.0
1625691127000,24519.0
1625691157000,24519.0
1625691187000,24519.0
1625691217000,24519.0
1625691247000,24519.0
1625691277000,24519.0
1625691307000,24519.0
1625691337000,24519.0
1625691367000,24519.0
1625691397000,24519.0
1625691427000,24519.0
1625691457000,24519.0
1625691487000,24519.0
1625691517000,24519.0
1625691547000,24519.0
1625691577000,24519.0
1625691607000,24519.0
1625691637000,24519.0
1625691667000,24519.0
1625691697000,24519.0
1625691727000,24519.0
1625691757000,24519.0
1625691787000,24519.0
1625691817000,24519.0
1625691847000,24519.0
1625691877000,24519.0
1625691907000,24519.0
1625691937000,24519.0
1625691967000,24519.0
1625691997000,24519.0
1625692027000,24519.0
1625692057000,24519.0
1625692087000,24519.0
1625692117000,24519.0
1625692147000,24519.0
1625692177000,24519.0
1625692207000,24519.0
1625692237000,24519.0
1625692267000,24519.0
1625692297000,24519.0
1625692327000,24519.0
1625692357000,24519.0
1625692387000,24519.0
1625692417000,24519.0
1625692447000,24519.0
1625692477000,24519.0
1625692507000,24519.0
1625692537000,24519.0
1625692567000,24519.0
1625692597000,24519.0
1625692627000,24519.0
1625692657000,24519.0
1625692687000,24519.0
1625692717000,24519.0
1625692747000,24519.0
1625692777000,24519.0
1625692807000,24519.0
1625692837000,24519.0
1625692867000,24519.0
1625692897000,24519.0
1625692927000,24519.0
1625692957000,24519.0
1625692987000,24519.0
1625693017000,24519.0
1625693047000,24519.0
1625693077000,24519.0
1625693107000,24519.0
1625693137000,24519.0
1625693167000,24519.0
1625693197000,24519.0
1625693227000,24519.0
1625693257000,24519.0
1625693287000,24519.0
1625693317000,24519.0
1625693347000,24519.0
1625693377000,24519.0
1625693407000,24519.0
1625693437000,24519.0
1625693467000,24519.0
1625693497000,24519.0
1625693527000,24519.0
1625693557000,24519.0
1625693587000,24519.0
1625693617000,24519.0
1625693647000,24519.0
1625693677000,24519.0
1625693707000,24519.0
1625693737000,24519.0
1625693767000,24519.0
1625693797000,24519.0
1625693827000,24519.0
1625693857000,24519.0
1625693887000,24519.0
1625693917000,24519.0
1625693947000,24519.0
1625693977000,24519.0
1625694007000,24519.0
1625694037000,24519.0
1625694067000,24519.0
1625694097000,24519.0
1625694127000,24519.0
1625694157000,24519.0
1625694187000,24519.0
1625694217000,24519.0
1625694247000,24519.0
1625694277000,24519.0
1625694307000,24519.0
1625694337000,24519.0
1625694367000,24519.0
1625694397000,24519.0
1625694427000,24519.0
1625694457000,24519.0
1625694487000,24519.0
1625694517000,24519.0
1625694547000,24519.0
1625694577000,24519.0
1625694607000,24519.0
1625694637000,24519.0
1625694667000,24519.0
1625694697000,24519.0
1625694727000,24519.0
1625694757000,24519.0
1625694787000,24519.0
1625694817000,24519.0
1625694847000,24519.0
1625694877000,24519.0
1625694907000,24519.0
1625694937000,24519.0
1625694967000,24519.0
1625694997000,24519.0
1625695027000,24519.0
1625695057000,24519.0
1625695087000,24519.0
1625695117000,24519.0
1625695147000,24519.0
1625695177000,24519.0
1625695207000,24519.0
1625695237000,24519.0
1625695267000,24519.0
1625695297000,24519.0
1625695327000,24519.0
1625695357000,24519.0
1625695387000,24519.0
1625695417000,24519.0
1625695447000,24519.0
1625695477000,24519.0
1625695507000,24519.0
1625695537000,24519.0
1625695567000,24519.0
1625695597000,24519.0
1625695627000,24519.0
1625695657000,24519.0
1625695687000,24519.0
1625695717000,24519.0
1625695747000,24519.0
1625695777000,24519.0
1625695807000,24519.0
1625695837000,24519.0
1625695867000,24519.0
1625695897000,24519.0
1625695927000,24519.0
1625695957000,24519.0
1625695987000,24519.0
1625696017000,24519.0
1625696047000,24519.0
1625696077000,24519.0
1625696107000,24519.0
1625696137000,24519.0
1625696167000,24519.0
1625696197000,24519.0
1625696227000,24519.0
1625696257000,24519.0
1625696287000,24519.0
1625696317000,24519.0
1625696347000,24519.0
1625696377000,24519.0
1625696407000,24519.0
1625696437000,24519.0
1625696467000,24519.0
1625696497000,24519.0
1625696527000,24519.0
1625696557000,24519.0
1625696587000,24519.0
1625696617000,24519.0
1625696647000,24519.0
1625696677000,24519.0
1625696707000,24519.0
1625696737000,24519.0
1625696767000,24519.0
1625696797000,24519.0
1625696827000,24519.0
1625696857000,24519.0
1625696887000,24519.0
1625696917000,24519.0
1625696947000,24519.0
1625696977000,24519.0
1625697007000,24519.0
1625697037000,24519.0
1625697067000,24519.0
1625697097000,24519.0
1625697127000,24519.0
1625697157000,24519.0
1625697187000,24519.0
1625697217000,24519.0
1625697247000,24519.0
1625697277000,24519.0
1625697307000,24519.0
1625697337000,24519.0
1625697367000,24519.0
1625697397000,24519.0
1625697427000,24519.0
1625697457000,24519.0
1625697487000,24519.0
1625697517000,24519.0
1625697547000,24519.0
1625697577000,24519.0
1625697607000,24519.0
1625697637000,24519.0
1625697667000,24519.0
1625697697000,24519.0
1625697727000,24519.0
1625697757000,24519.0
1625697787000,24519.0
1625697817000,24519.0
1625697847000,24519.0
1625697877000,24519.0
1625697907000,24519.0
1625697937000,24519.0
1625697967000,24519.0
1625697997000,24519.0
1625698027000,24519.0
1625698057000,24519.0
1625698087000,24519.0
1625698117000,24519.0
1625698147000,24519.0
1625698177000,24519.0
1625698207000,24519.0
1625698237000,24519.0
1625698267000,24519.0
1625698297000,24519.0
1625698327000,24519.0
1625698357000,24519.0
1625698387000,24519.0
1625698417000,24519.0
1625698447000,24519.0
1625698477000,24519.0
1625698507000,24519.0
1625698537000,24519.0
1625698567000,24519.0
1625698597000,24519.0
1625698627000,24519.0
1625698657000,24519.0
1625698687000,24519.0
1625698717000,24519.0
1625698747000,24519.0
1625698777000,24519.0
1625698807000,24519.0
1625698837000,24519.0
1625698867000,24519.0
1625698897000,24519.0
1625698927000,24519.0
1625698957000,24519.0
1625698987000,24519.0
1625699017000,24519.0
1625699047000,24519.0
1625699077000,24519.0
1625699107000,24519.0
1625699137000,24519.0
1625699167000,24519.0
1625699197000,24519.0
1625699227000,24519.0
1625699257000,24519.0
1625699287000,24519.0
1625699317000,24519.0
1625699347000,24519.0
1625699377000,24519.0
1625699407000,24519.0
1625699437000,24519.0
1625699467000,24519.0
1625699497000,24519.0
1625699527000,24519.0
1625699557000,24519.0
1625699587000,24519.0
1625699617000,24519.0
1625699647000,24519.0
1625699677000,24519.0
1625699707000,24519.0
1625699737000,24519.0
1625699767000,24519.0
1625699797000,24519.0
1625699827000,24519.0
1625699857000,24519.0
1625699887000,24519.0
1625699917000,24519.0
1625699947000,24519.0
1625699977000,24519.0
1625700007000,24519.0
1625700037000,24519.0
1625700067000,24519.0
1625700097000,24519.0
1625700127000,24519.0
1625700157000,24519.0
1625700187000,24519.0
1625700217000,24519.0
1625700247000,24519.0
1625700277000,24519.0
1625700307000,24519.0
1625700337000,24519.0
1625700367000,24519.0
1625700397000,24519.0
1625700427000,24519.0
1625700457000,24519.0
1625700487000,24519.0
1625700517000,24519.0
1625700547000,24519.0
1625700577000,24519.0
1625700607000,24519.0
1625700637000,24519.0
1625700667000,24519.0
1625700697000,24519.0
1625700727000,24519.0
1625700757000,24519.0
1625700787000,24519.0
1625700817000,24519.0
1625700847000,24519.0
1625700877000,24519.0
1625700907000,24519.0
1625700937000,24519.0
1625700967000,24519.0
1625700997000,24519.0
1625701027000,24519.0
1625701057000,24519.0
1625701087000,24519.0
1625701117000,24519.0
1625701147000,24519.0
1625701177000,24519.0
1625701207000,24519.0
1625701237000,24519.0
1625701267000,24519.0
1625701297000,24519.0
1625701327000,24519.0
1625701357000,24519.0
1625701387000,24519.0
1625701417000,24519.0
1625701447000,24519.0
1625701477000,24519.0
1625701507000,24519.0
1625701537000,24519.0
1625701567000,24519.0
1625701597000,24519.0
1625701627000,24519.0
1625701657000,24519.0
1625701687000,24519.0
1625701717000,24519.0
1625701747000,24519.0
1625701777000,24519.0
1625701807000,24519.0
1625701837000,24519.0
1625701867000,24519.0
1625701897000,24519.0
1625701927000,24519.0
1625701957000,24519.0
1625701987000,24519.0
1625702017000,24519.0
1625702047000,24519.0
1625702077000,24519.0
1625702107000,24519.0
1625702137000,24519.0
1625702167000,24519.0
1625702197000,24519.0
1625702227000,24519.0
1625702257000,24519.0
1625702287000,24519.0
1625702317000,24519.0
1625702347000,24519.0
1625702377000,24519.0
1625702407000,24519.0
1625702437000,24519.0
1625702467000,24519.0
1625702497000,24519.0
1625702527000,24519.0
1625702557000,24519.0
1625702587000,24519.0
1625702617000,24519.0
1625702647000,24519.0
1625702677000,24519.0
1625702707000,24519.0
1625702737000,24519.0
1625702767000,24519.0
1625702797000,24519.0
1625702827000,24519.0
1625702857000,24519.0
1625702887000,24519.0
1625702917000,24519.0
1625702947000,24519.0
1625702977000,24519.0
1625703007000,24519.0
1625703037000,24519.0
1625703067000,24519.0
1625703097000,24519.0
1625703127000,24519.0
1625703157000,24519.0
1625703187000,24519.0
1625703217000,24519.0
1625703247000,24519.0
1625703277000,24519.0
1625703307000,24519.0
1625703337000,24519.0
1625703367000,24519.0
1625703397000,24519.0
1625703427000,24519.0
1625703457000,24519.0
1625703487000,24519.0
1625703517000,24519.0
1625703547000,24519.0
1625703577000,24519.0
1625703607000,24519.0
1625703637000,24519.0
1625703667000,24519.0
1625703697000,24519.0
1625703727000,24519.0
1625703757000,24519.0
1625703787000,24519.0
1625703817000,24519.0
1625703847000,24519.0
1625703877000,24519.0
1625703907000,24519.0
1625703937000,24519.0
1625703967000,24519.0
1625703997000,24519.0
1625704027000,24519.0
1625704057000,24519.0
1625704087000,24519.0
1625704117000,24519.0
1625704147000,24519.0
1625704177000,24519.0
1625704207000,24519.0
1625704237000,24519.0
1625704267000,24519.0
1625704297000,24519.0
1625704327000,24519.0
1625704357000,24519.0
1625704387000,24519.0
1625704417000,24519.0
1625704447000,24519.0
1625704477000,24519.0
1625704507000,24519.0
1625704537000,24519.0
1625704567000,24519.0
1625704597000,24519.0
1625704627000,24519.0
1625704657000,24519.0
1625704687000,24519.0
1625704717000,24519.0
1625704747000,24519.0
1625704777000,24519.0
1625704807000,24519.0
1625704837000,24519.0
1625704867000,24519.0
1625704897000,24519.0
1625704927000,24519.0
1625704957000,24519.0
1625704987000,24519.0
1625705017000,24519.0
1625705047000,24519.0
1625705077000,24519.0
1625705107000,24519.0
1625705137000,24519.0
1625705167000,24519.0
1625705197000,24519.0
1625705227000,24519.0
1625705257000,24519.0
1625705287000,24519.0
1625705317000,24519.0
1625705347000,24519.0
1625705377000,24519.0
1625705407000,24519.0
1625705437000,24519.0
1625705467000,24519.0
1625705497000,24519.0
1625705527000,24519.0
1625705557000,24519.0
1625705587000,24519.0
1625705617000,24519.0
1625705647000,24519.0
1625705677000,24519.0
1625705707000,24519.0
1625705737000,24519.0
1625705767000,24519.0
1625705797000,24519.0
1625705827000,24519.0
1625705857000,24519.0
1625705887000,24519.0
1625705917000,24519.0
1625705947000,24519.0
1625705977000,24519.0
1625706007000,24519.0
1625706037000,24519.0
1625706067000,24519.0
1625706097000,24519.0
1625706127000,24519.0
1625706157000,24519.0
1625706187000,24519.0
1625706217000,24519.0
1625706247000,24519.0
1625706277000,24519.0
1625706307000,24519.0
1625706337000,24519.0
1625706367000,24519.0
1625706397000,24519.0
1625706427000,24519.0
1625706457000,24519.0
1625706487000,24519.0
1625706517000,24519.0
1625706547000,24519.0
1625706577000,24519.0
1625706607000,24519.0
1625706637000,24519.0
1625706667000,24519.0
1625706697000,24519.0
1625706727000,24519.0
1625706757000,24519.0
1625706787000,24519.0
1625706817000,24519.0
1625706847000,24519.0
1625706877000,24519.0
1625706907000,24519.0
1625706937000,24519.0
1625706967000,24519.0
1625706997000,24519.0
1625707027000,24519.0
1625707057000,24519.0
1625707087000,24519.0
1625707117000,24519.0
1625707147000,24519.0
1625707177000,24519.0
1625707207000,24519.0
1625707237000,24519.0
1625707267000,24519.0
1625707297000,24519.0
1625707327000,24519.0
1625707357000,24519.0
1625707387000,24519.0
1625707417000,24519.0
1625707447000,24519.0
1625707477000,24519.0
1625707507000,24519.0
1625707537000,24519.0
1625707567000,24519.0
1625707597000,24519.0
1625707627000,24519.0
1625707657000,24519.0
1625707687000,24519.0
1625707717000,24519.0
1625707747000,24519.0
1625707777000,24519.0
1625707807000,24519.0
1625707837000,24519.0
1625707867000,24519.0
1625707897000,24519.0
1625707927000,24519.0
1625707957000,24519.0
1625707987000,24519.0
1625708017000,24519.0
1625708047000,24519.0
1625708077000,24519.0
1625708107000,24519.0
1625708137000,24519.0
1625708167000,24519.0
1625708197000,24519.0
1625708227000,24519.0
1625708257000,24519.0
1625708287000,24519.0
1625708317000,24519.0
1625708347000,24519.0
1625708377000,24519.0
1625708407000,24519.0
1625708437000,24519.0
1625708467000,24519.0
1625708497000,24519.0
1625708527000,24519.0
1625708557000,24519.0
1625708587000,24519.0
1625708617000,24519.0
1625708647000,24519.0
1625708677000,24519.0
1625708707000,24519.0
1625708737000,24519.0
1625708767000,24519.0
1625708797000,24519.0
1625708827000,24519.0
1625708857000,24519.0
1625708887000,24519.0
1625708917000,24519.0
1625708947000,24519.0
1625708977000,24519.0
1625709007000,24519.0
1625709037000,24519.0
1625709067000,24519.0
1625709097000,24519.0
1625709127000,24519.0
1625709157000,24519.0
1625709187000,24519.0
1625709217000,24519.0
1625709247000,24519.0
1625709277000,24519.0
1625709307000,24519.0
1625709337000,24519.0
1625709367000,24519.0
1625709397000,24519.0
1625709427000,24519.0
1625709457000,24519.0
1625709487000,24519.0
1625709517000,24519.0
1625709547000,24519.0
1625709577000,24519.0
1625709607000,24519.0
1625709637000,24519.0
1625709667000,24519.0
1625709697000,24519.0
1625709727000,24519.0
1625709757000,24519.0
1625709787000,24519.0
1625709817000,24519.0
1625709847000,24519.0
1625709877000,24519.0
1625709907000,24519.0
1625709937000,24519.0
1625709967000,24519.0
1625709997000,24519.0
1625710027000,24519.0
1625710057000,24519.0
1625710087000,24519.0
1625710117000,24519.0
1625710147000,24519.0
1625710177000,24519.0
1625710207000,24519.0
1625710237000,24519.0
1625710267000,24519.0
1625710297000,24519.0
1625710327000,24519.0
1625710357000,24519.0
1625710387000,24519.0
1625710417000,24519.0
1625710447000,24519.0
1625710477000,24519.0
1625710507000,24519.0
1625710537000,24519.0
1625710567000,24519.0
1625710597000,24519.0
1625710627000,24519.0
1625710657000,24519.0
1625710687000,24519.0
1625710717000,24519.0
1625710747000,24519.0
1625710777000,24519.0
1625710807000,24519.0
1625710837000,24519.0
1625710867000,24519.0
1625710897000,24519.0
1625710927000,24519.0
1625710957000,24519.0
1625710987000,24519.0
1625711017000,24519.0
1625711047000,24519.0
1625711077000,24519.0
1625711107000,24519.0
1625711137000,24519.0
1625711167000,24519.0
1625711197000,24519.0
1625711227000,24519.0
1625711257000,24519.0
1625711287000,24519.0
1625711317000,24519.0
1625711347000,24519.0
1625711377000,24519.0
1625711407000,24519.0
1625711437000,24519.0
1625711467000,24519.0
1625711497000,24519.0
1625711527000,24519.0
1625711557000,24519.0
1625711587000,24519.0
1625711617000,24519.0
1625711647000,24519.0
1625711677000,24519.0
1625711707000,24519.0
1625711737000,24519.0
1625711767000,24519.0
1625711797000,24519.0
1625711827000,24519.0
1625711857000,24519.0
1625711887000,24519.0
1625711917000,24519.0
1625711947000,24519.0
1625711977000,24519.0
1625712007000,24519.0
1625712037000,24519.0
1625712067000,24519.0
1625712097000,24519.0
1625712127000,24519.0
1625712157000,24519.0
1625712187000,24519.0
1625712217000,24519.0
1625712247000,24519.0
1625712277000,24519.0
1625712307000,24519.0
1625712337000,24519.0
1625712367000,24519.0
1625712397000,24519.0
1625712427000,24519.0
1625712457000,24519.0
1625712487000,24519.0
1625712517000,24519.0
1625712547000,24519.0
1625712577000,24519.0
1625712607000,24519.0
1625712637000,24519.0
1625712667000,24519.0
1625712697000,24519.0
1625712727000,24519.0
1625712757000,24519.0
1625712787000,24519.0
1625712817000,24519.0
1625712847000,24519.0
1625712877000,24519.0
1625712907000,24519.0
1625712937000,24519.0
1625712967000,24519.0
1625712997000,24519.0
1625713027000,24519.0
1625713057000,24519.0
1625713087000,24519.0
1625713117000,24519.0
1625713147000,24519.0
1625713177000,24519.0
1625713207000,24519.0
1625713237000,24519.0
1625713267000,24519.0
1625713297000,24519.0
1625713327000,24519.0
1625713357000,24519.0
1625713387000,24519.0
1625713417000,24519.0
1625713447000,24519.0
1625713477000,24519.0
1625713507000,24519.0
1625713537000,24519.0
1625713567000,24519.0
1625713597000,24519.0
1625713627000,24519.0
1625713657000,24519.0
1625713687000,24519.0
1625713717000,24519.0
1625713747000,24519.0
1625713777000,24519.0
1625713807000,24519.0
1625713837000,24519.0
1625713867000,24519.0
1625713897000,24519.0
1625713927000,24519.0
1625713957000,24519.0
1625713987000,24519.0
1625714017000,24519.0
1625714047000,24519.0
1625714077000,24519.0
1625714107000,24519.0
1625714137000,24519.0
1625714167000,24519.0
1625714197000,24519.0
1625714227000,24519.0
1625714257000,24519.0
1625714287000,24519.0
1625714317000,24519.0
1625714347000,24519.0
1625714377000,24519.0
1625714407000,24519.0
1625714437000,24519.0
1625714467000,24519.0
1625714497000,24519.0
1625714527000,24519.0
1625714557000,24519.0
1625714587000,24519.0
1625714617000,24519.0
1625714647000,24519.0
1625714677000,24519.0
1625714707000,24519.0
1625714737000,24519.0
1625714767000,24519.0
1625714797000,24519.0
1625714827000,24519.0
1625714857000,24519.0
1625714887000,24519.0
1625714917000,24519.0
1625714947000,24519.0
1625714977000,24519.0
1625715007000,24519.0
1625715037000,24519.0
1625715067000,24519.0
1625715097000,24519.0
1625715127000,24519.0
1625715157000,24519.0
1625715187000,24519.0
1625715217000,24519.0
1625715247000,24519.0
1625715277000,24519.0
1625715307000,24519.0
1625715337000,24519.0
1625715367000,24519.0
1625715397000,24519.0
1625715427000,24519.0
1625715457000,24519.0
1625715487000,24519.0
1625715517000,24519.0
1625715547000,24519.0
1625715577000,24519.0
1625715607000,24519.0
1625715637000,24519.0
1625715667000,24519.0
1625715697000,24519.0
1625715727000,24519.0
1625715757000,24519.0
1625715787000,24519.0
1625715817000,24519.0
1625715847000,24519.0
1625715877000,24519.0
1625715907000,24519.0
1625715937000,24519.0
1625715967000,24519.0
1625715997000,24519.0
1625716027000,24519.0
1625716057000,24519.0
1625716087000,24519.0
1625716117000,24519.0
1625716147000,24519.0
1625716177000,24519.0
1625716207000,24519.0
1625716237000,24519.0
1625716267000,24519.0
1625716297000,24519.0
1625716327000,24519.0
1625716357000,24519.0
1625716387000,24519.0
1625716417000,24519.0
1625716447000,24519.0
1625716477000,24519.0
1625716507000,24519.0
1625716537000,24519.0
1625716567000,24519.0
1625716597000,24519.0
1625716627000,24519.0
1625716657000,24519.0
1625716687000,24519.0
1625716717000,24519.0
1625716747000,24519.0
1625716777000,24519.0
1625716807000,24519.0
1625716837000,24519.0
1625716867000,24519.0
1625716897000,24519.0
1625716927000,24519.0
1625716957000,24519.0
1625716987000,24519.0
1625717017000,24519.0
1625717047000,24519.0
1625717077000,24519.0
1625717107000,24519.0
1625717137000,24519.0
1625717167000,24519.0
1625717197000,24519.0
1625717227000,24519.0
1625717257000,24519.0
1625717287000,24519.0
1625717317000,24519.0
1625717347000,24519.0
1625717377000,24519.0
1625717407000,24519.0
1625717437000,24519.0
1625717467000,24519.0
1625717497000,24519.0
1625717527000,24519.0
1625717557000,24519.0
1625717587000,24519.0
1625717617000,24519.0
1625717647000,24519.0
1625717677000,24519.0
1625717707000,24519.0
1625717737000,24519.0
1625717767000,24519.0
1625717797000,24519.0
1625717827000,24519.0
1625717857000,24519.0
1625717887000,24519.0
1625717917000,24519.0
1625717947000,24519.0
1625717977000,24519.0
1625718007000,24519.0
1625718037000,24519.0
1625718067000,24519.0
1625718097000,24519.0
1625718127000,24519.0
1625718157000,24519.0
1625718187000,24519.0
1625718217000,24519.0
1625718247000,24519.0
1625718277000,24519.0
1625718307000,24519.0
1625718337000,24519.0
1625718367000,24519.0
1625718397000,24519.0
1625718427000,24519.0
1625718457000,24519.0
1625718487000,24519.0
1625718517000,24519.0
1625718547000,24519.0
1625718577000,24519.0
1625718607000,24519.0
1625718637000,24519.0
1625718667000,24519.0
1625718697000,24519.0
1625718727000,24519.0
1625718757000,24519.0
1625718787000,24519.0
1625718817000,24519.0
1625718847000,24519.0
1625718877000,24519.0
1625718907000,24519.0
1625718937000,24519.0
1625718967000,24519.0
1625718997000,24519.0
1625719027000,24519.0
1625719057000,24519.0
1625719087000,24519.0
1625719117000,24519.0
1625719147000,24519.0
1625719177000,24519.0
1625719207000,24519.0
1625719237000,24519.0
1625719267000,24519.0
1625719297000,24519.0
1625719327000,24519.0
1625719357000,24519.0
1625719387000,24519.0
1625719417000,24519.0
1625719447000,24519.0
1625719477000,24519.0
1625719507000,24519.0
1625719537000,24519.0
1625719567000,24519.0
1625719597000,24519.0
1625719627000,24519.0
1625719657000,24519.0
1625719687000,24519.0
1625719717000,24519.0
1625719747000,24519.0
1625719777000,24519.0
1625719807000,24519.0
1625719837000,24519.0
1625719867000,24519.0
1625719897000,24519.0
1625719927000,24519.0
1625719957000,24519.0
1625719987000,24519.0
1625720017000,24519.0
1625720047000,24519.0
1625720077000,24519.0
1625720107000,24519.0
1625720137000,24519.0
1625720167000,24519.0
1625720197000,24519.0
1625720227000,24519.0
1625720257000,24519.0
1625720287000,24519.0
1625720317000,24519.0
1625720347000,24519.0
1625720377000,24519.0
1625720407000,24519.0
1625720437000,24519.0
1625720467000,24519.0
1625720497000,24519.0
1625720527000,24519.0
1625720557000,24519.0
1625720587000,24519.0
1625720617000,24519.0
1625720647000,24519.0
1625720677000,24519.0
1625720707000,24519.0
1625720737000,24519.0
1625720767000,24519.0
1625720797000,24519.0
1625720827000,24519.0
1625720857000,24519.0
1625720887000,24519.0
1625720917000,24519.0
1625720947000,24519.0
1625720977000,24519.0
1625721007000,24519.0
1625721037000,24519.0
1625721067000,24519.0
1625721097000,24519.0
1625721127000,24519.0
1625721157000,24519.0
1625721187000,24519.0
1625721217000,24519.0
1625721247000,24519.0
1625721277000,24519.0
1625721307000,24519.0
1625721337000,24519.0
1625721367000,24519.0
1625721397000,24519.0
1625721427000,24519.0
1625721457000,24519.0
1625721487000,24519.0
1625721517000,24519.0
1625721547000,24519.0
1625721577000,24519.0
1625721607000,24519.0
1625721637000,24519.0
1625721667000,24519.0
1625721697000,24519.0
1625721727000,24519.0
1625721757000,24519.0
1625721787000,24519.0
1625721817000,24519.0
1625721847000,24519.0
1625721877000,24519.0
1625721907000,24519.0
1625721937000,24519.0
1625721967000,24519.0
1625721997000,24519.0
1625722027000,24519.0
1625722057000,24519.0
1625722087000,24519.0
1625722117000,24519.0
1625722147000,24519.0
1625722177000,24519.0
1625722207000,24519.0
1625722237000,24519.0
1625722267000,24519.0
1625722297000,24519.0
1625722327000,24519.0
1625722357000,24519.0
1625722387000,24519.0
1625722417000,24519.0
1625722447000,24519.0
1625722477000,24519.0
1625722507000,24519.0
1625722537000,24519.0
1625722567000,24519.0
1625722597000,24519.0
1625722627000,24519.0
1625722657000,24519.0
1625722687000,24519.0
1625722717000,24519.0
1625722747000,24519.0
1625722777000,24519.0
1625722807000,24519.0
1625722837000,24519.0
1625722867000,24519.0
1625722897000,24519.0
1625722927000,24519.0
1625722957000,24519.0
1625722987000,24519.0
1625723017000,24519.0
1625723047000,24519.0
1625723077000,24519.0
1625723107000,24519.0
1625723137000,24519.0
1625723167000,24519.0
1625723197000,24519.0
1625723227000,24519.0
1625723257000,24519.0
1625723287000,24519.0
1625723317000,24519.0
1625723347000,24519.0
1625723377000,24519.0
1625723407000,24519.0
1625723437000,24519.0
1625723467000,24519.0
1625723497000,24519.0
1625723527000,24519.0
1625723557000,24519.0
1625723587000,24519.0
1625723617000,24519.0
1625723647000,24519.0
1625723677000,24519.0
1625723707000,24519.0
1625723737000,24519.0
1625723767000,24519.0
1625723797000,24519.0
1625723827000,24519.0
1625723857000,24519.0
1625723887000,24519.0
1625723917000,24519.0
1625723947000,24519.0
1625723977000,24519.0
1625724007000,24519.0
1625724037000,24519.0
1625724067000,24519.0
1625724097000,24519.0
1625724127000,24519.0
1625724157000,24519.0
1625724187000,24519.0
1625724217000,24519.0
1625724247000,24519.0
1625724277000,24519.0
1625724307000,24519.0
1625724337000,24519.0
1625724367000,24519.0
1625724397000,24519.0
1625724427000,24519.0
1625724457000,24519.0
1625724487000,24519.0
1625724517000,24519.0
1625724547000,24519.0
1625724577000,24519.0
1625724607000,24519.0
1625724637000,24519.0
1625724667000,24519.0
1625724697000,24519.0
1625724727000,24519.0
1625724757000,24519.0
1625724787000,24519.0
1625724817000,24519.0
1625724847000,24519.0
1625724877000,24519.0
1625724907000,24519.0
1625724937000,24519.0
1625724967000,24519.0
1625724997000,24519.0
1625725027000,24519.0
1625725057000,24519.0
1625725087000,24519.0
1625725117000,24519.0
1625725147000,24519.0
1625725177000,24519.0
1625725207000,24519.0
1625725237000,24519.0
1625725267000,24519.0
1625725297000,24519.0
1625725327000,24519.0
1625725357000,24519.0
1625725387000,24519.0
1625725417000,24519.0
1625725447000,24519.0
1625725477000,24519.0
1625725507000,24519.0
1625725537000,24519.0
1625725567000,24519.0
1625725597000,24519.0
1625725627000,24519.0
1625725657000,24519.0
1625725687000,24519.0
1625725717000,24519.0
1625725747000,24519.0
1625725777000,24519.0
1625725807000,24519.0
1625725837000,24519.0
1625725867000,24519.0
1625725897000,24519.0
1625725927000,24519.0
1625725957000,24519.0
1625725987000,24519.0
1625726017000,24519.0
1625726047000,24519.0
1625726077000,24519.0
1625726107000,24519.0
1625726137000,24519.0
1625726167000,24519.0
1625726197000,24519.0
1625726227000,24519.0
1625726257000,24519.0
1625726287000,24519.0
1625726317000,24519.0
1625726347000,24519.0
1625726377000,24519.0
1625726407000,24519.0
1625726437000,24519.0
1625726467000,24519.0
1625726497000,24519.0
1625726527000,24519.0
1625726557000,24519.0
1625726587000,24519.0
1625726617000,24519.0
1625726647000,24519.0
1625726677000,24519.0
1625726707000,24519.0
1625726737000,24519.0
1625726767000,24519.0
1625726797000,24519.0
1625726827000,24519.0
1625726857000,24519.0
1625726887000,24519.0
1625726917000,24519.0
1625726947000,24519.0
1625726977000,24519.0
1625727007000,24519.0
1625727037000,24519.0
1625727067000,24519.0
1625727097000,24519.0
1625727127000,24519.0
1625727157000,24519.0
1625727187000,24519.0
1625727217000,24519.0
1625727247000,24519.0
1625727277000,24519.0
1625727307000,24519.0
1625727337000,24519.0
1625727367000,24519.0
1625727397000,24519.0
1625727427000,24519.0
1625727457000,24519.0
1625727487000,24519.0
1625727517000,24519.0
1625727547000,24519.0
1625727577000,24519.0
1625727607000,24519.0
1625727637000,24519.0
1625727667000,24519.0
1625727697000,24519.0
1625727727000,24519.0
1625727757000,24519.0
1625727787000,24519.0
1625727817000,24519.0
1625727847000,24519.0
1625727877000,24519.0
1625727907000,24519.0
1625727937000,24519.0
1625727967000,24519.0
1625727997000,24519.0
1625728027000,24519.0
1625728057000,24519.0
1625728087000,24519.0
1625728117000,24519.0
1625728147000,24519.0
1625728177000,24519.0
1625728207000,24519.0
1625728237000,24519.0
1625728267000,24519.0
1625728297000,24519.0
1625728327000,24519.0
1625728357000,24519.0
1625728387000,24519.0
1625728417000,24519.0
1625728447000,24519.0
1625728477000,24519.0
1625728507000,24519.0
1625728537000,24519.0
1625728567000,24519.0
1625728597000,24519.0
1625728627000,24519.0
1625728657000,24519.0
1625728687000,24519.0
1625728717000,24519.0
1625728747000,24519.0
1625728777000,24519.0
1625728807000,24519.0
1625728837000,24519.0
1625728867000,24519.0
1625728897000,24519.0
1625728927000,24519.0
1625728957000,24519.0
1625728987000,24519.0
1625729017000,24519.0
1625729047000,24519.0
1625729077000,24519.0
1625729107000,24519.0
1625729137000,24519.0
1625729167000,24519.0
1625729197000,24519.0
1625729227000,24519.0
1625729257000,24519.0
1625729287000,24519.0
1625729317000,24519.0
1625729347000,24519.0
1625729377000,24519.0
1625729407000,24519.0
1625729437000,24519.0
1625729467000,24519.0
1625729497000,24519.0
1625729527000,24519.0
1625729557000,24519.0
1625729587000,24519.0
1625729617000,24519.0
1625729647000,24519.0
1625729677000,24519.0
1625729707000,24519.0
1625729737000,24519.0
1625729767000,24519.0
1625729797000,24519.0
1625729827000,24519.0
1625729857000,24519.0
1625729887000,24519.0
1625729917000,24519.0
1625729947000,24519.0
1625729977000,24519.0
1625730007000,24519.0
1625730037000,24519.0
1625730067000,24519.0
1625730097000,24519.0
1625730127000,24519.0
1625730157000,24519.0
1625730187000,24519.0
1625730217000,24519.0
1625730247000,24519.0
1625730277000,24519.0
1625730307000,24519.0
1625730337000,24519.0
1625730367000,24519.0
1625730397000,24519.0
1625730427000,24519.0
1625730457000,24519.0
1625730487000,24519.0
1625730517000,24519.0
1625730547000,24519.0
1625730577000,24519.0
1625730607000,24519.0
1625730637000,24519.0
1625730667000,24519.0
1625730697000,24519.0
1625730727000,24519.0
1625730757000,24519.0
1625730787000,24519.0
1625730817000,24519.0
1625730847000,24519.0
1625730877000,24519.0
1625730907000,24519.0
1625730937000,24519.0
1625730967000,24519.0
1625730997000,24519.0
1625731027000,24519.0
1625731057000,24519.0
1625731087000,24519.0
1625731117000,24519.0
1625731147000,24519.0
1625731177000,24519.0
1625731207000,24519.0
1625731237000,24519.0
1625731267000,24519.0
1625731297000,24519.0
1625731327000,24519.0
1625731357000,24519.0
1625731387000,24519.0
1625731417000,24519.0
1625731447000,24519.0
1625731477000,24519.0
1625731507000,24519.0
1625731537000,24519.0
1625731567000,24519.0
1625731597000,24519.0
1625731627000,24519.0
1625731657000,24519.0
1625731687000,24519.0
1625731717000,24519.0
1625731747000,24519.0
1625731777000,24519.0
1625731807000,24519.0
1625731837000,24519.0
1625731867000,24519.0
1625731897000,24519.0
1625731927000,24519.0
1625731957000,24519.0
1625731987000,24519.0
1625732017000,24519.0
1625732047000,24519.0
1625732077000,24519.0
1625732107000,24519.0
1625732137000,24519.0
1625732167000,24519.0
1625732197000,24519.0
1625732227000,24519.0
1625732257000,24519.0
1625732287000,24519.0
1625732317000,24519.0
1625732347000,24519.0
1625732377000,24519.0
1625732407000,24519.0
1625732437000,24519.0
1625732467000,24519.0
1625732497000,24519.0
1625732527000,24519.0
1625732557000,24519.0
1625732587000,24519.0
1625732617000,24519.0
1625732647000,24519.0
1625732677000,24519.0
1625732707000,24519.0
1625732737000,24519.0
1625732767000,24519.0
1625732797000,24519.0
1625732827000,24519.0
1625732857000,24519.0
1625732887000,24519.0
1625732917000,24519.0
1625732947000,24519.0
1625732977000,24519.0
1625733007000,24519.0
1625733037000,24519.0
1625733067000,24519.0
1625733097000,24519.0
1625733127000,24519.0
1625733157000,24519.0
1625733187000,24519.0
1625733217000,24519.0
1625733247000,24519.0
1625733277000,24519.0
1625733307000,24519.0
1625733337000,24519.0
1625733367000,24519.0
1625733397000,24519.0
1625733427000,24519.0
1625733457000,24519.0
1625733487000,24519.0
1625733517000,24519.0
1625733547000,24519.0
1625733577000,24519.0
1625733607000,24519.0
1625733637000,24519.0
1625733667000,24519.0
1625733697000,24519.0
1625733727000,24519.0
1625733757000,24519.0
1625733787000,24519.0
1625733817000,24519.0
1625733847000,24519.0
1625733877000,24519.0
1625733907000,24519.0
1625733937000,24519.0
1625733967000,24519.0
1625733997000,24519.0
1625734027000,24519.0
1625734057000,24519.0
1625734087000,24519.0
1625734117000,24519.0
1625734147000,24519.0
1625734177000,24519.0
1625734207000,24519.0
1625734237000,24519.0
1625734267000,24519.0
1625734297000,24519.0
1625734327000,24519.0
1625734357000,24519.0
1625734387000,24519.0
1625734417000,24519.0
1625734447000,24519.0
1625734477000,24519.0
1625734507000,24519.0
1625734537000,24519.0
1625734567000,24519.0
1625734597000,24519.0
1625734627000,24519.0
1625734657000,24519.0
1625734687000,24519.0
1625734717000,24519.0
1625734747000,24519.0
1625734777000,24519.0
1625734807000,24519.0
1625734837000,24519.0
1625734867000,24519.0
1625734897000,24519.0
1625734897000,24519.0
1625734927000,24519.0
1625734957000,24519.0
1625734987000,24519.0
1625735017000,24519.0
1625735047000,24519.0
1625735077000,24519.0
1625735107000,24519.0
1625735137000,24519.0
1625735167000,24519.0
1625735197000,24519.0
1625735227000,24519.0
1625735257000,24519.0
1625735287000,24519.0
1625735317000,24519.0
1625735347000,24519.0
1625735377000,24519.0
1625735407000,24519.0
1625735437000,24519.0
1625735467000,24519.0
1625735497000,24519.0
1625735527000,24519.0
1625735557000,24519.0
1625735587000,24519.0
1625735617000,24519.0
1625735647000,24519.0
1625735677000,24519.0
1625735707000,24519.0
1625735737000,24519.0
1625735767000,24519.0
1625735797000,24519.0
1625735827000,24519.0
1625735857000,24519.0
1625735887000,24519.0
1625735917000,24519.0
1625735947000,24519.0
1625735977000,24519.0
1625736007000,24519.0
1625736037000,24519.0
1625736067000,24519.0
1625736097000,24519.0
1625736127000,24519.0
1625736157000,24519.0
1625736187000,24519.0
1625736217000,24519.0
1625736247000,24519.0
1625736277000,24519.0
1625736307000,24519.0
1625736337000,24519.0
1625736367000,24519.0
1625736397000,24519.0
1625736427000,24519.0
1625736457000,24519.0
1625736487000,24519.0
1625736517000,24519.0
1625736547000,24519.0
1625736577000,24519.0
1625736607000,24519.0
1625736637000,24519.0
1625736667000,24519.0
1625736697000,24519.0
1625736727000,24519.0
1625736757000,24519.0
1625736787000,24519.0
1625736817000,24519.0
1625736847000,24519.0
1625736877000,24519.0
1625736907000,24519.0
1625736937000,24519.0
1625736967000,24519.0
1625736997000,24519.0
1625737027000,24519.0
1625737057000,24519.0
1625737087000,24519.0
1625737117000,24519.0
1625737147000,24519.0
1625737177000,24519.0
1625737207000,24519.0
1625737237000,24519.0
1625737267000,24519.0
1625737297000,24519.0
1625737327000,24519.0
1625737357000,24519.0
1625737387000,24519.0
1625737417000,24519.0
1625737447000,24519.0
1625737477000,24519.0
1625737507000,24519.0
1625737537000,24519.0
1625737567000,24519.0
1625737597000,24519.0
1625737627000,24519.0
1625737657000,24519.0
1625737687000,24519.0
1625737717000,24519.0
1625737747000,24519.0
1625737777000,24519.0
1625737807000,24519.0
1625737837000,24519.0
1625737867000,24519.0
1625737897000,24519.0
1625737927000,24519.0
1625737957000,24519.0
1625737987000,24519.0
1625738017000,24519.0
1625738047000,24519.0
1625738077000,24519.0
1625738107000,24519.0
1625738137000,24519.0
1625738167000,24519.0
1625738197000,24519.0
1625738227000,24519.0
1625738257000,24519.0
1625738287000,24519.0
1625738317000,24519.0
1625738347000,24519.0
1625738377000,24519.0
1625738407000,24519.0
1625738437000,24519.0
1625738467000,24519.0
1625738497000,24519.0
1625738527000,24519.0
1625738557000,24519.0
1625738587000,24519.0
1625738617000,24519.0
1625738647000,24519.0
1625738677000,24519.0
1625738707000,24519.0
1625738737000,24519.0
1625738767000,24519.0
1625738797000,24519.0
1625738827000,24519.0
1625738857000,24519.0
1625738887000,24519.0
1625738917000,24519.0
1625738947000,24519.0
1625738977000,24519.0
1625739007000,24519.0
1625739037000,24519.0
1625739067000,24519.0
1625739097000,24519.0
1625739127000,24519.0
1625739157000,24519.0
1625739187000,24519.0
1625739217000,24519.0
1625739247000,24519.0
1625739277000,24519.0
1625739307000,24519.0
1625739337000,24519.0
1625739367000,24519.0
1625739397000,24519.0
1625739427000,24519.0
1625739457000,24519.0
1625739487000,24519.0
1625739517000,24519.0
1625739547000,24519.0
1625739577000,24519.0
1625739607000,24519.0
1625739637000,24519.0
1625739667000,24519.0
1625739697000,24519.0
1625739727000,24519.0
1625739757000,24519.0
1625739787000,24519.0
1625739817000,24519.0
1625739847000,24519.0
1625739877000,24519.0
1625739907000,24519.0
1625739937000,24519.0
1625739967000,24519.0
1625739997000,24519.0
1625740027000,24519.0
1625740057000,24519.0
1625740087000,24519.0
1625740117000,24519.0
1625740147000,24519.0
1625740177000,24519.0
1625740207000,24519.0
1625740237000,24519.0
1625740267000,24519.0
1625740297000,24519.0
1625740327000,24519.0
1625740357000,24519.0
1625740387000,24519.0
1625740417000,24519.0
1625740447000,24519.0
1625740477000,24519.0
1625740507000,24519.0
1625740537000,24519.0
1625740567000,24519.0
1625740597000,24519.0
1625740627000,24519.0
1625740657000,24519.0
1625740687000,24519.0
1625740717000,24519.0
1625740747000,24519.0
1625740777000,24519.0
1625740807000,24519.0
1625740837000,24519.0
1625740867000,24519.0
1625740897000,24519.0
1625740927000,24519.0
1625740957000,24519.0
1625740987000,24519.0
1625741017000,24519.0
1625741047000,24519.0
1625741077000,24519.0
1625741107000,24519.0
1625741137000,24519.0
1625741167000,24519.0
1625741197000,24519.0
1625741227000,24519.0
1625741257000,24519.0
1625741287000,24519.0
1625741317000,24519.0
1625741347000,24519.0
1625741377000,24519.0
1625741407000,24519.0
1625741437000,24519.0
1625741467000,24519.0
1625741497000,24519.0
1625741527000,24519.0
1625741557000,24519.0
1625741587000,24519.0
1625741617000,24519.0
1625741647000,24519.0
1625741677000,24519.0
1625741707000,24519.0
1625741737000,24519.0
1625741767000,24519.0
1625741797000,24519.0
1625741827000,24519.0
1625741857000,24519.0
1625741887000,24519.0
1625741917000,24519.0
1625741947000,24519.0
1625741977000,24519.0
1625742007000,24519.0
1625742037000,24519.0
1625742067000,24519.0
1625742097000,24519.0
1625742127000,24519.0
1625742157000,24519.0
1625742187000,24519.0
1625742217000,24519.0
1625742247000,24519.0
1625742277000,24519.0
1625742307000,24519.0
1625742337000,24519.0
1625742367000,24519.0
1625742397000,24519.0
1625742427000,24519.0
1625742457000,24519.0
1625742487000,24519.0
1625742517000,24519.0
1625742547000,24519.0
1625742577000,24519.0
1625742607000,24519.0
1625742637000,24519.0
1625742667000,24519.0
1625742697000,24519.0
1625742727000,24519.0
1625742757000,24519.0
1625742787000,24519.0
1625742817000,24519.0
1625742847000,24519.0
1625742877000,24519.0
1625742907000,24519.0
1625742937000,24519.0
1625742967000,24519.0
1625742997000,24519.0
1625743027000,24519.0
1625743057000,24519.0
1625743087000,24519.0
1625743117000,24519.0
1625743147000,24519.0
1625743177000,24519.0
1625743207000,24519.0
1625743237000,24519.0
1625743267000,24519.0
1625743297000,24519.0
1625743327000,24519.0
1625743357000,24519.0
1625743387000,24519.0
1625743417000,24519.0
1625743447000,24519.0
1625743477000,24519.0
1625743507000,24519.0
1625743537000,24519.0
1625743567000,24519.0
1625743597000,24519.0
1625743627000,24519.0
1625743657000,24519.0
1625743687000,24519.0
1625743717000,24519.0
1625743747000,24519.0
1625743777000,24519.0
1625743807000,24519.0
1625743837000,24519.0
1625743867000,24519.0
1625743897000,24519.0
1625743927000,24519.0
1625743957000,24519.0
1625743987000,24519.0
1625744017000,24519.0
1625744047000,24519.0
1625744077000,24519.0
1625744107000,24519.0
1625744137000,24519.0
1625744167000,24519.0
1625744197000,24519.0
1625744227000,24519.0
1625744257000,24519.0
1625744287000,24519.0
1625744317000,24519.0
1625744347000,24519.0
1625744377000,24519.0
1625744407000,24519.0
1625744437000,24519.0
1625744467000,24519.0
1625744497000,24519.0
1625744527000,24519.0
1625744557000,24519.0
1625744587000,24519.0
1625744617000,24519.0
1625744647000,24519.0
1625744677000,24519.0
1625744707000,24519.0
1625744737000,24519.0
1625744767000,24519.0
1625744797000,24519.0
1625744827000,24519.0
1625744857000,24519.0
1625744887000,24519.0
1625744917000,24519.0
1625744947000,24519.0
1625744977000,24519.0
1625745007000,24519.0
1625745037000,24519.0
1625745067000,24519.0
1625745097000,24519.0
1625745127000,24519.0
1625745157000,24519.0
1625745187000,24519.0
1625745217000,24519.0
1625745247000,24519.0
1625745277000,24519.0
1625745307000,24519.0
1625745337000,24519.0
1625745367000,24519.0
1625745397000,24519.0
1625745427000,24519.0
1625745457000,24519.0
1625745487000,24519.0
1625745517000,24519.0
1625745547000,24519.0
1625745577000,24519.0
1625745607000,24519.0
1625745637000,24519.0
1625745667000,24519.0
1625745697000,24519.0
1625745727000,24519.0
1625745757000,24519.0
1625745787000,24519.0
1625745817000,24519.0
1625745847000,24519.0
1625745877000,24519.0
1625745907000,24519.0
1625745937000,24519.0
1625745967000,24519.0
1625745997000,24519.0
1625746027000,24519.0
1625746057000,24519.0
1625746087000,24519.0
1625746117000,24519.0
1625746147000,24519.0
1625746177000,24519.0
1625746207000,24519.0
1625746237000,24519.0
1625746267000,24519.0
1625746297000,24519.0
1625746327000,24519.0
1625746357000,24519.0
1625746387000,24519.0
1625746417000,24519.0
1625746447000,24519.0
1625746477000,24519.0
1625746507000,24519.0
1625746537000,24519.0
1625746567000,24519.0
1625746597000,24519.0
1625746627000,24519.0
1625746657000,24519.0
1625746687000,24519.0
1625746717000,24519.0
1625746747000,24519.0
1625746777000,24519.0
1625746807000,24519.0
1625746837000,24519.0
1625746867000,24519.0
1625746897000,24519.0
1625746927000,24519.0
1625746957000,24519.0
1625746987000,24519.0
1625747017000,24519.0
1625747047000,24519.0
1625747077000,24519.0
1625747107000,24519.0
1625747137000,24519.0
1625747167000,24519.0
1625747197000,24519.0
1625747227000,24519.0
1625747257000,24519.0
1625747287000,24519.0
1625747317000,24519.0
1625747347000,24519.0
1625747377000,24519.0
1625747407000,24519.0
1625747437000,24519.0
1625747467000,24519.0
1625747497000,24519.0
1625747527000,24519.0
1625747557000,24519.0
1625747587000,24519.0
1625747617000,24519.0
1625747647000,24519.0
1625747677000,24519.0
1625747707000,24519.0
1625747737000,24519.0
1625747767000,24519.0
1625747797000,24519.0
1625747827000,24519.0
1625747857000,24519.0
1625747887000,24519.0
1625747917000,24519.0
1625747947000,24519.0
1625747977000,24519.0
1625748007000,24519.0
1625748037000,24519.0
1625748067000,24519.0
1625748097000,24519.0
1625748127000,24519.0
1625748157000,24519.0
1625748187000,24519.0
1625748217000,24519.0
1625748247000,24519.0
1625748277000,24519.0
1625748307000,24519.0
1625748337000,24519.0
1625748367000,24519.0
1625748397000,24519.0
1625748427000,24519.0
1625748457000,24519.0
1625748487000,24519.0
1625748517000,24519.0
1625748547000,24519.0
1625748577000,24519.0
1625748607000,24519.0
1625748637000,24519.0
1625748667000,24519.0
1625748697000,24519.0
1625748727000,24519.0
1625748757000,24519.0
1625748787000,24519.0
1625748817000,24519.0
1625748847000,24519.0
1625748877000,24519.0
1625748907000,24519.0
1625748937000,24519.0
1625748967000,24519.0
1625748997000,24519.0
1625749027000,24519.0
1625749057000,24519.0
1625749087000,24519.0
1625749117000,24519.0
1625749147000,24519.0
1625749177000,24519.0
1625749207000,24519.0
1625749237000,24519.0
1625749267000,24519.0
1625749297000,24519.0
1625749327000,24519.0
1625749357000,24519.0
1625749387000,24519.0
1625749417000,24519.0
1625749447000,24519.0
1625749477000,24519.0
1625749507000,24519.0
1625749537000,24519.0
1625749567000,24519.0
1625749597000,24519.0
1625749627000,24519.0
1625749657000,24519.0
1625749687000,24519.0
1625749717000,24519.0
1625749747000,24519.0
1625749777000,24519.0
1625749807000,24519.0
1625749837000,24519.0
1625749867000,24519.0
1625749897000,24519.0
1625749927000,24519.0
1625749957000,24519.0
1625749987000,24519.0
1625750017000,24519.0
1625750047000,24519.0
1625750077000,24519.0
1625750107000,24519.0
1625750137000,24519.0
1625750167000,24519.0
1625750197000,24519.0
1625750227000,24519.0
1625750257000,24519.0
1625750287000,24519.0
1625750317000,24519.0
1625750347000,24519.0
1625750377000,24519.0
1625750407000,24519.0
1625750437000,24519.0
1625750467000,24519.0
1625750497000,24519.0
1625750527000,24519.0
1625750557000,24519.0
1625750587000,24519.0
1625750617000,24519.0
1625750647000,24519.0
1625750677000,24519.0
1625750707000,24519.0
1625750737000,24519.0
1625750767000,24519.0
1625750797000,24519.0
1625750827000,24519.0
1625750857000,24519.0
1625750887000,24519.0
1625750917000,24519.0
1625750947000,24519.0
1625750977000,24519.0
1625751007000,24519.0
1625751037000,24519.0
1625751067000,24519.0
1625751097000,24519.0
1625751127000,24519.0
1625751157000,24519.0
1625751187000,24519.0
1625751217000,24519.0
1625751247000,24519.0
1625751277000,24519.0
1625751307000,24519.0
1625751337000,24519.0
1625751367000,24519.0
1625751397000,24519.0
1625751427000,24519.0
1625751457000,24519.0
1625751487000,24519.0
1625751517000,24519.0
1625751547000,24519.0
1625751577000,24519.0
1625751607000,24519.0
1625751637000,24519.0
1625751667000,24519.0
1625751697000,24519.0
1625751727000,24519.0
1625751757000,24519.0
1625751787000,24519.0
1625751817000,24519.0
1625751847000,24519.0
1625751877000,24519.0
1625751907000,24519.0
1625751937000,24519.0
1625751967000,24519.0
1625751997000,24519.0
1625752027000,24519.0
1625752057000,24519.0
1625752087000,24519.0
1625752117000,24519.0
1625752147000,24519.0
1625752177000,24519.0
1625752207000,24519.0
1625752237000,24519.0
1625752267000,24519.0
1625752297000,24519.0
1625752327000,24519.0
1625752357000,24519.0
1625752387000,24519.0
1625752417000,24519.0
1625752447000,24519.0
1625752477000,24519.0
1625752507000,24519.0
1625752537000,24519.0
1625752567000,24519.0
1625752597000,24519.0
1625752627000,24519.0
1625752657000,24519.0
1625752687000,24519.0
1625752717000,24519.0
1625752747000,24519.0
1625752777000,24519.0
1625752807000,24519.0
1625752837000,24519.0
1625752867000,24519.0
1625752897000,24519.0
1625752927000,24519.0
1625752957000,24519.0
1625752987000,24519.0
1625753017000,24519.0
1625753047000,24519.0
1625753077000,24519.0
1625753107000,24519.0
1625753137000,24519.0
1625753167000,24519.0
1625753197000,24519.0
1625753227000,24519.0
1625753257000,24519.0
1625753287000,24519.0
1625753317000,24519.0
1625753347000,24519.0
1625753377000,24519.0
1625753407000,24519.0
1625753437000,24519.0
1625753467000,24519.0
1625753497000,24519.0
1625753527000,24519.0
1625753557000,24519.0
1625753587000,24519.0
1625753617000,24519.0
1625753647000,24519.0
1625753677000,24519.0
1625753707000,24519.0
1625753737000,24519.0
1625753767000,24519.0
1625753797000,24519.0
1625753827000,24519.0
1625753857000,24519.0
1625753887000,24519.0
1625753917000,24519.0
1625753947000,24519.0
1625753977000,24519.0
1625754007000,24519.0
1625754037000,24519.0
1625754067000,24519.0
1625754097000,24519.0
1625754127000,24519.0
1625754157000,24519.0
1625754187000,24519.0
1625754217000,24519.0
1625754247000,24519.0
1625754277000,24519.0
1625754307000,24519.0
1625754337000,24519.0
1625754367000,24519.0
1625754397000,24519.0
1625754427000,24519.0
1625754457000,24519.0
1625754487000,24519.0
1625754517000,24519.0
1625754547000,24519.0
1625754577000,24519.0
1625754607000,24519.0
1625754637000,24519.0
1625754667000,24519.0
1625754697000,24519.0
1625754727000,24519.0
1625754757000,24519.0
1625754787000,24519.0
1625754817000,24519.0
1625754847000,24519.0
1625754877000,24519.0
1625754907000,24519.0
1625754937000,24519.0
1625754967000,24519.0
1625754997000,24519.0
1625755027000,24519.0
1625755057000,24519.0
1625755087000,24519.0
1625755117000,24519.0
1625755147000,24519.0
1625755177000,24519.0
1625755207000,24519.0
1625755237000,24519.0
1625755267000,24519.0
1625755297000,24519.0
1625755327000,24519.0
1625755357000,24519.0
1625755387000,24519.0
1625755417000,24519.0
1625755447000,24519.0
1625755477000,24519.0
1625755507000,24519.0
1625755537000,24519.0
1625755567000,24519.0
1625755597000,24519.0
1625755627000,24519.0
1625755657000,24519.0
1625755687000,24519.0
1625755717000,24519.0
1625755747000,24519.0
1625755777000,24519.0
1625755807000,24519.0
1625755837000,24519.0
1625755867000,24519.0
1625755897000,24519.0
1625755927000,24519.0
1625755957000,24519.0
1625755987000,24519.0
1625756017000,24519.0
1625756047000,24519.0
1625756077000,24519.0
1625756107000,24519.0
1625756137000,24519.0
1625756167000,24519.0
1625756197000,24519.0
1625756227000,24519.0
1625756257000,24519.0
1625756287000,24519.0
1625756317000,24519.0
1625756347000,24519.0
1625756377000,24519.0
1625756407000,24519.0
1625756437000,24519.0
1625756467000,24519.0
1625756497000,24519.0
1625756527000,24519.0
1625756557000,24519.0
1625756587000,24519.0
1625756617000,24519.0
1625756647000,24519.0
1625756677000,24519.0
1625756707000,24519.0
1625756737000,24519.0
1625756767000,24519.0
1625756797000,24519.0
1625756827000,24519.0
1625756857000,24519.0
1625756887000,24519.0
1625756917000,24519.0
1625756947000,24519.0
1625756977000,24519.0
1625757007000,24519.0
1625757037000,24519.0
1625757067000,24519.0
1625757097000,24519.0
1625757127000,24519.0
1625757157000,24519.0
1625757187000,24519.0
1625757217000,24519.0
1625757247000,24519.0
1625757277000,24519.0
1625757307000,24519.0
1625757337000,24519.0
1625757367000,24519.0
1625757397000,24519.0
1625757427000,24519.0
1625757457000,24519.0
1625757487000,24519.0
1625757517000,24519.0
1625757547000,24519.0
1625757577000,24519.0
1625757607000,24519.0
1625757637000,24519.0
1625757667000,24519.0
1625757697000,24519.0
1625757727000,24519.0
1625757757000,24519.0
1625757787000,24519.0
1625757817000,24519.0
1625757847000,24519.0
1625757877000,24519.0
1625757907000,24519.0
1625757937000,24519.0
1625757967000,24519.0
1625757997000,24519.0
1625758027000,24519.0
1625758057000,24519.0
1625758087000,24519.0
1625758117000,24519.0
1625758147000,24519.0
1625758177000,24519.0
1625758207000,24519.0
1625758237000,24519.0
1625758267000,24519.0
1625758297000,24519.0
1625758327000,24519.0
1625758357000,24519.0
1625758387000,24519.0
1625758417000,24519.0
1625758447000,24519.0
1625758477000,24519.0
1625758507000,24519.0
1625758537000,24519.0
1625758567000,24519.0
1625758597000,24519.0
1625758627000,24519.0
1625758657000,24519.0
1625758687000,24519.0
1625758717000,24519.0
1625758747000,24519.0
1625758777000,24519.0
1625758807000,24519.0
1625758837000,24519.0
1625758867000,24519.0
1625758897000,24519.0
1625758927000,24519.0
1625758957000,24519.0
1625758987000,24519.0
1625759017000,24519.0
1625759047000,24519.0
1625759077000,24519.0
1625759107000,24519.0
1625759137000,24519.0
1625759167000,24519.0
1625759197000,24519.0
1625759227000,24519.0
1625759257000,24519.0
1625759287000,24519.0
1625759317000,24519.0
1625759347000,24519.0
1625759377000,24519.0
1625759407000,24519.0
1625759437000,24519.0
1625759467000,24519.0
1625759497000,24519.0
1625759527000,24519.0
1625759557000,24519.0
1625759587000,24519.0
1625759617000,24519.0
1625759647000,24519.0
1625759677000,24519.0
1625759707000,24519.0
1625759737000,24519.0
1625759767000,24519.0
1625759797000,24519.0
1625759827000,24519.0
1625759857000,24519.0
1625759887000,24519.0
1625759917000,24519.0
1625759947000,24519.0
1625759977000,24519.0
1625760007000,24519.0
1625760037000,24519.0
1625760067000,24519.0
1625760097000,24519.0
1625760127000,24519.0
1625760157000,24519.0
1625760187000,24519.0
1625760217000,24519.0
1625760247000,24519.0
1625760277000,24519.0
1625760307000,24519.0
1625760337000,24519.0
1625760367000,24519.0
1625760397000,24519.0
1625760427000,24519.0
1625760457000,24519.0
1625760487000,24519.0
1625760517000,24519.0
1625760547000,24519.0
1625760577000,24519.0
1625760607000,24519.0
1625760637000,24519.0
1625760667000,24519.0
1625760697000,24519.0
1625760727000,24519.0
1625760757000,24519.0
1625760787000,24519.0
1625760817000,24519.0
1625760847000,24519.0
1625760877000,24519.0
1625760907000,24519.0
1625760937000,24519.0
1625760967000,24519.0
1625760997000,24519.0
1625761027000,24519.0
1625761057000,24519.0
1625761087000,24519.0
1625761117000,24519.0
1625761147000,24519.0
1625761177000,24519.0
1625761207000,24519.0
1625761237000,24519.0
1625761267000,24519.0
1625761297000,24519.0
1625761327000,24519.0
1625761357000,24519.0
1625761387000,24519.0
1625761417000,24519.0
1625761447000,24519.0
1625761477000,24519.0
1625761507000,24519.0
1625761537000,24519.0
1625761567000,24519.0
1625761597000,24519.0
1625761627000,24519.0
1625761657000,24519.0
1625761687000,24519.0
1625761717000,24519.0
1625761747000,24519.0
1625761777000,24519.0
1625761807000,24519.0
1625761837000,24519.0
1625761867000,24519.0
1625761897000,24519.0
1625761927000,24519.0
1625761957000,24519.0
1625761987000,24519.0
1625762017000,24519.0
1625762047000,24519.0
1625762077000,24519.0
1625762107000,24519.0
1625762137000,24519.0
1625762167000,24519.0
1625762197000,24519.0
1625762227000,24519.0
1625762257000,24519.0
1625762287000,24519.0
1625762317000,24519.0
1625762347000,24519.0
1625762377000,24519.0
1625762407000,24519.0
1625762437000,24519.0
1625762467000,24519.0
1625762497000,24519.0
1625762527000,24519.0
1625762557000,24519.0
1625762587000,24519.0
1625762617000,24519.0
1625762647000,24519.0
1625762677000,24519.0
1625762707000,24519.0
1625762737000,24519.0
1625762767000,24519.0
1625762797000,24519.0
1625762827000,24519.0
1625762857000,24519.0
1625762887000,24519.0
1625762917000,24519.0
1625762947000,24519.0
1625762977000,24519.0
1625763007000,24519.0
1625763037000,24519.0
1625763067000,24519.0
1625763097000,24519.0
1625763127000,24519.0
1625763157000,24519.0
1625763187000,24519.0
1625763217000,24519.0
1625763247000,24519.0
1625763277000,24519.0
1625763307000,24519.0
1625763337000,24519.0
1625763367000,24519.0
1625763397000,24519.0
1625763427000,24519.0
1625763457000,24519.0
1625763487000,24519.0
1625763517000,24519.0
1625763547000,24519.0
1625763577000,24519.0
1625763607000,24519.0
1625763637000,24519.0
1625763667000,24519.0
1625763697000,24519.0
1625763727000,24519.0
1625763757000,24519.0
1625763787000,24519.0
1625763817000,24519.0
1625763847000,24519.0
1625763877000,24519.0
1625763907000,24519.0
1625763937000,24519.0
1625763967000,24519.0
1625763997000,24519.0
1625764027000,24519.0
1625764057000,24519.0
1625764087000,24519.0
1625764117000,24519.0
1625764147000,24519.0
1625764177000,24519.0
1625764207000,24519.0
1625764237000,24519.0
1625764267000,24519.0
1625764297000,24519.0
1625764327000,24519.0
1625764357000,24519.0
1625764387000,24519.0
1625764417000,24519.0
1625764447000,24519.0
1625764477000,24519.0
1625764507000,24519.0
1625764537000,24519.0
1625764567000,24519.0
1625764597000,24519.0
1625764627000,24519.0
1625764657000,24519.0
1625764687000,24519.0
1625764717000,24519.0
1625764747000,24519.0
1625764777000,24519.0
1625764807000,24519.0
1625764837000,24519.0
1625764867000,24519.0
1625764897000,24519.0
1625764927000,24519.0
1625764957000,24519.0
1625764987000,24519.0
1625765017000,24519.0
1625765047000,24519.0
1625765077000,24519.0
1625765107000,24519.0
1625765137000,24519.0
1625765167000,24519.0
1625765197000,24519.0
1625765227000,24519.0
1625765257000,24519.0
1625765287000,24519.0
1625765317000,24519.0
1625765347000,24519.0
1625765377000,24519.0
1625765407000,24519.0
1625765437000,24519.0
1625765467000,24519.0
1625765497000,24519.0
1625765527000,24519.0
1625765557000,24519.0
1625765587000,24519.0
1625765617000,24519.0
1625765647000,24519.0
1625765677000,24519.0
1625765707000,24519.0
1625765737000,24519.0
1625765767000,24519.0
1625765797000,24519.0
1625765827000,24519.0
1625765857000,24519.0
1625765887000,24519.0
1625765917000,24519.0
1625765947000,24519.0
1625765977000,24519.0
1625766007000,24519.0
1625766037000,24519.0
1625766067000,24519.0
1625766097000,24519.0
1625766127000,24519.0
1625766157000,24519.0
1625766187000,24519.0
1625766217000,24519.0
1625766247000,24519.0
1625766277000,24519.0
1625766307000,24519.0
1625766337000,24519.0
1625766367000,24519.0
1625766397000,24519.0
1625766427000,24519.0
1625766457000,24519.0
1625766487000,24519.0
1625766517000,24519.0
1625766547000,24519.0
1625766577000,24519.0
1625766607000,24519.0
1625766637000,24519.0
1625766667000,24519.0
1625766697000,24519.0
1625766727000,24519.0
1625766757000,24519.0
1625766787000,24519.0
1625766817000,24519.0
1625766847000,24519.0
1625766877000,24519.0
1625766907000,24519.0
1625766937000,24519.0
1625766967000,24519.0
1625766997000,24519.0
1625767027000,24519.0
1625767057000,24519.0
1625767087000,24519.0
1625767117000,24519.0
1625767147000,24519.0
1625767177000,24519.0
1625767207000,24519.0
1625767237000,24519.0
1625767267000,24519.0
1625767297000,24519.0
1625767327000,24519.0
1625767357000,24519.0
1625767387000,24519.0
1625767417000,24519.0
1625767447000,24519.0
1625767477000,24519.0
1625767507000,24519.0
1625767537000,24519.0
1625767567000,24519.0
1625767597000,24519.0
1625767627000,24519.0
1625767657000,24519.0
1625767687000,24519.0
1625767717000,24519.0
1625767747000,24519.0
1625767777000,24519.0
1625767807000,24519.0
1625767837000,24519.0
1625767867000,24519.0
1625767897000,24519.0
1625767927000,24519.0
1625767957000,24519.0
1625767987000,24519.0
1625768017000,24519.0
1625768047000,24519.0
1625768077000,24519.0
1625768107000,24519.0
1625768137000,24519.0
1625768167000,24519.0
1625768197000,24519.0
1625768227000,24519.0
1625768257000,24519.0
1625768287000,24519.0
1625768317000,24519.0
1625768347000,24519.0
1625768377000,24519.0
1625768407000,24519.0
1625768437000,24519.0
1625768467000,24519.0
1625768497000,24519.0
1625768527000,24519.0
1625768557000,24519.0
1625768587000,24519.0
1625768617000,24519.0
1625768647000,24519.0
1625768677000,24519.0
1625768707000,24519.0
1625768737000,24519.0
1625768767000,24519.0
1625768797000,24519.0
1625768827000,24519.0
1625768857000,24519.0
1625768887000,24519.0
1625768917000,24519.0
1625768947000,24519.0
1625768977000,24519.0
1625769007000,24519.0
1625769037000,24519.0
1625769067000,24519.0
1625769097000,24519.0
1625769127000,24519.0
1625769157000,24519.0
1625769187000,24519.0
1625769217000,24519.0
1625769247000,24519.0
1625769277000,24519.0
1625769307000,24519.0
1625769337000,24519.0
1625769367000,24519.0
1625769397000,24519.0
1625769427000,24519.0
1625769457000,24519.0
1625769487000,24519.0
1625769517000,24519.0
1625769547000,24519.0
1625769577000,24519.0
1625769607000,24519.0
1625769637000,24519.0
1625769667000,24519.0
1625769697000,24519.0
1625769727000,24519.0
1625769757000,24519.0
1625769787000,24519.0
1625769817000,24519.0
1625769847000,24519.0
1625769877000,24519.0
1625769907000,24519.0
1625769937000,24519.0
1625769967000,24519.0
1625769997000,24519.0
1625770027000,24519.0
1625770057000,24519.0
1625770087000,24519.0
1625770117000,24519.0
1625770147000,24519.0
1625770177000,24519.0
1625770207000,24519.0
1625770237000,24519.0
1625770267000,24519.0
1625770297000,24519.0
1625770327000,24519.0
1625770357000,24519.0
1625770387000,24519.0
1625770417000,24519.0
1625770447000,24519.0
1625770477000,24519.0
1625770507000,24519.0
1625770537000,24519.0
1625770567000,24519.0
1625770597000,24519.0
1625770627000,24519.0
1625770657000,24519.0
1625770687000,24519.0
1625770717000,24519.0
1625770747000,24519.0
1625770777000,24519.0
1625770807000,24519.0
1625770837000,24519.0
1625770867000,24519.0
1625770897000,24519.0
1625770927000,24519.0
1625770957000,24519.0
1625770987000,24519.0
1625771017000,24519.0
1625771047000,24519.0
1625771077000,24519.0
1625771107000,24519.0
1625771137000,24519.0
1625771167000,24519.0
1625771197000,24519.0
1625771227000,24519.0
1625771257000,24519.0
1625771287000,24519.0
1625771317000,24519.0
1625771347000,24519.0
1625771377000,24519.0
1625771407000,24519.0
1625771437000,24519.0
1625771467000,24519.0
1625771497000,24519.0
1625771527000,24519.0
1625771557000,24519.0
1625771587000,24519.0
1625771617000,24519.0
1625771647000,24519.0
1625771677000,24519.0
1625771707000,24519.0
1625771737000,24519.0
1625771767000,24519.0
1625771797000,24519.0
1625771827000,24519.0
1625771857000,24519.0
1625771887000,24519.0
1625771917000,24519.0
1625771947000,24519.0
1625771977000,24519.0
1625772007000,24519.0
1625772037000,24519.0
1625772067000,24519.0
1625772097000,24519.0
1625772127000,24519.0
1625772157000,24519.0
1625772187000,24519.0
1625772217000,24519.0
1625772247000,24519.0
1625772277000,24519.0
1625772307000,24519.0
1625772337000,24519.0
1625772367000,24519.0
1625772397000,24519.0
1625772427000,24519.0
1625772457000,24519.0
1625772487000,24519.0
1625772517000,24519.0
1625772547000,24519.0
1625772577000,24519.0
1625772607000,24519.0
1625772637000,24519.0
1625772667000,24519.0
1625772697000,24519.0
1625772727000,24519.0
1625772757000,24519.0
1625772787000,24519.0
1625772817000,24519.0
1625772847000,24519.0
1625772877000,24519.0
1625772907000,24519.0
1625772937000,24519.0
1625772967000,24519.0
1625772997000,24519.0
1625773027000,24519.0
1625773057000,24519.0
1625773087000,24519.0
1625773117000,24519.0
1625773147000,24519.0
1625773177000,24519.0
1625773207000,24519.0
1625773237000,24519.0
1625773267000,24519.0
1625773297000,24519.0
1625773327000,24519.0
1625773357000,24519.0
1625773387000,24519.0
1625773417000,24519.0
1625773447000,24519.0
1625773477000,24519.0
1625773507000,24519.0
1625773537000,24519.0
1625773567000,24519.0
1625773597000,24519.0
1625773627000,24519.0
1625773657000,24519.0
1625773687000,24519.0
1625773717000,24519.0
1625773747000,24519.0
1625773777000,24519.0
1625773807000,24519.0
1625773837000,24519.0
1625773867000,24519.0
1625773897000,24519.0
1625773927000,24519.0
1625773957000,24519.0
1625773987000,24519.0
1625774017000,24519.0
1625774047000,24519.0
1625774077000,24519.0
1625774107000,24519.0
1625774137000,24519.0
1625774167000,24519.0
1625774197000,24519.0
1625774227000,24519.0
1625774257000,24519.0
1625774287000,24519.0
1625774317000,24519.0
1625774347000,24519.0
1625774377000,24519.0
1625774407000,24519.0
1625774437000,24519.0
1625774467000,24519.0
1625774497000,24519.0
1625774527000,24519.0
1625774557000,24519.0
1625774587000,24519.0
1625774617000,24519.0
1625774647000,24519.0
1625774677000,24519.0
1625774707000,24519.0
1625774737000,24519.0
1625774767000,24519.0
1625774797000,24519.0
1625774827000,24519.0
1625774857000,24519.0
1625774887000,24519.0
1625774917000,24519.0
1625774947000,24519.0
1625774977000,24519.0
1625775007000,24519.0
1625775037000,24519.0
1625775067000,24519.0
1625775097000,24519.0
1625775127000,24519.0
1625775157000,24519.0
1625775187000,24519.0
1625775217000,24519.0
1625775247000,24519.0
1625775277000,24519.0
1625775307000,24519.0
1625775337000,24519.0
1625775367000,24519.0
1625775397000,24519.0
1625775427000,24519.0
1625775457000,24519.0
1625775487000,24519.0
1625775517000,24519.0
1625775547000,24519.0
1625775577000,24519.0
1625775607000,24519.0
1625775637000,24519.0
1625775667000,24519.0
1625775697000,24519.0
1625775727000,24519.0
1625775757000,24519.0
1625775787000,24519.0
1625775817000,24519.0
1625775847000,24519.0
1625775877000,24519.0
1625775907000,24519.0
1625775937000,24519.0
1625775967000,24519.0
1625775997000,24519.0
1625776027000,24519.0
1625776057000,24519.0
1625776087000,24519.0
1625776117000,24519.0
1625776147000,24519.0
1625776177000,24519.0
1625776207000,24519.0
1625776237000,24519.0
1625776267000,24519.0
1625776297000,24519.0
1625776327000,24519.0
1625776357000,24519.0
1625776387000,24519.0
1625776417000,24519.0
1625776447000,24519.0
1625776477000,24519.0
1625776507000,24519.0
1625776537000,24519.0
1625776567000,24519.0
1625776597000,24519.0
1625776627000,24519.0
1625776657000,24519.0
1625776687000,24519.0
1625776717000,24519.0
1625776747000,24519.0
1625776777000,24519.0
1625776807000,24519.0
1625776837000,24519.0
1625776867000,24519.0
1625776897000,24519.0
1625776927000,24519.0
1625776957000,24519.0
1625776987000,24519.0
1625777017000,24519.0
1625777047000,24519.0
1625777077000,24519.0
1625777107000,24519.0
1625777137000,24519.0
1625777167000,24519.0
1625777197000,24519.0
1625777227000,24519.0
1625777257000,24519.0
1625777287000,24519.0
1625777317000,24519.0
1625777347000,24519.0
1625777377000,24519.0
1625777407000,24519.0
1625777437000,24519.0
1625777467000,24519.0
1625777497000,24519.0
1625777527000,24519.0
1625777557000,24519.0
1625777587000,24519.0
1625777617000,24519.0
1625777647000,24519.0
1625777677000,24519.0
1625777707000,24519.0
1625777737000,24519.0
1625777767000,24519.0
1625777797000,24519.0
1625777827000,24519.0
1625777857000,24519.0
1625777887000,24519.0
1625777917000,24519.0
1625777947000,24519.0
1625777977000,24519.0
1625778007000,24519.0
1625778037000,24519.0
1625778067000,24519.0
1625778097000,24519.0
1625778127000,24519.0
1625778157000,24519.0
1625778187000,24519.0
1625778217000,24519.0
1625778247000,24519.0
1625778277000,24519.0
1625778307000,24519.0
1625778337000,24519.0
1625778367000,24519.0
1625778397000,24519.0
1625778427000,24519.0
1625778457000,24519.0
1625778487000,24519.0
1625778517000,24519.0
1625778547000,24519.0
1625778577000,24519.0
1625778607000,24519.0
1625778637000,24519.0
1625778667000,24519.0
1625778697000,24519.0
1625778727000,24519.0
1625778757000,24519.0
1625778787000,24519.0
1625778817000,24519.0
1625778847000,24519.0
1625778877000,24519.0
1625778907000,24519.0
1625778937000,24519.0
1625778967000,24519.0
1625778997000,24519.0
1625779027000,24519.0
1625779057000,24519.0
1625779087000,24519.0
1625779117000,24519.0
1625779147000,24519.0
1625779177000,24519.0
1625779207000,24519.0
1625779237000,24519.0
1625779267000,24519.0
1625779297000,24519.0
1625779327000,24519.0
1625779357000,24519.0
1625779387000,24519.0
1625779417000,24519.0
1625779447000,24519.0
1625779477000,24519.0
1625779507000,24519.0
1625779537000,24519.0
1625779567000,24519.0
1625779597000,24519.0
1625779627000,24519.0
1625779657000,24519.0
1625779687000,24519.0
1625779717000,24519.0
1625779747000,24519.0
1625779777000,24519.0
1625779807000,24519.0
1625779837000,24519.0
1625779867000,24519.0
1625779897000,24519.0
1625779927000,24519.0
1625779957000,24519.0
1625779987000,24519.0
1625780017000,24519.0
1625780047000,24519.0
1625780077000,24519.0
1625780107000,24519.0
1625780137000,24519.0
1625780167000,24519.0
1625780197000,24519.0
1625780227000,24519.0
1625780257000,24519.0
1625780287000,24519.0
1625780317000,24519.0
1625780347000,24519.0
1625780377000,24519.0
1625780407000,24519.0
1625780437000,24519.0
1625780467000,24519.0
1625780497000,24519.0
1625780527000,24519.0
1625780557000,24519.0
1625780587000,24519.0
1625780617000,24519.0
1625780647000,24519.0
1625780677000,24519.0
1625780707000,24519.0
1625780737000,24519.0
1625780767000,24519.0
1625780797000,24519.0
1625780827000,24519.0
1625780857000,24519.0
1625780887000,24519.0
1625780917000,24519.0
1625780947000,24519.0
1625780977000,24519.0
1625781007000,24519.0
1625781037000,24519.0
1625781067000,24519.0
1625781097000,24519.0
1625781127000,24519.0
1625781157000,24519.0
1625781187000,24519.0
1625781217000,24519.0
1625781247000,24519.0
1625781277000,24519.0
1625781307000,24519.0
1625781337000,24519.0
1625781367000,24519.0
1625781397000,24519.0
1625781427000,24519.0
1625781457000,24519.0
1625781487000,24519.0
1625781517000,24519.0
1625781547000,24519.0
1625781577000,24519.0
1625781607000,24519.0
1625781637000,24519.0
1625781667000,24519.0
1625781697000,24519.0
1625781727000,24519.0
1625781757000,24519.0
1625781787000,24519.0
1625781817000,24519.0
1625781847000,24519.0
1625781877000,24519.0
1625781907000,24519.0
1625781937000,24519.0
1625781967000,24519.0
1625781997000,24519.0
1625782027000,24519.0
1625782057000,24519.0
1625782087000,24519.0
1625782117000,24519.0
1625782147000,24519.0
1625782177000,24519.0
1625782207000,24519.0
1625782237000,24519.0
1625782267000,24519.0
1625782297000,24519.0
1625782327000,24519.0
1625782357000,24519.0
1625782387000,24519.0
1625782417000,24519.0
1625782447000,24519.0
1625782477000,24519.0
1625782507000,24519.0
1625782537000,24519.0
1625782567000,24519.0
1625782597000,24519.0
1625782627000,24519.0
1625782657000,24519.0
1625782687000,24519.0
1625782717000,24519.0
1625782747000,24519.0
1625782777000,24519.0
1625782807000,24519.0
1625782837000,24519.0
1625782867000,24519.0
1625782897000,24519.0
1625782927000,24519.0
1625782957000,24519.0
1625782987000,24519.0
1625783017000,24519.0
1625783047000,24519.0
1625783077000,24519.0
1625783107000,24519.0
1625783137000,24519.0
1625783167000,24519.0
1625783197000,24519.0
1625783227000,24519.0
1625783257000,24519.0
1625783287000,24519.0
1625783317000,24519.0
1625783347000,24519.0
1625783377000,24519.0
1625783407000,24519.0
1625783437000,24519.0
1625783467000,24519.0
1625783497000,24519.0
1625783527000,24519.0
1625783557000,24519.0
1625783587000,24519.0
1625783617000,24519.0
1625783647000,24519.0
1625783677000,24519.0
1625783707000,24519.0
1625783737000,24519.0
1625783767000,24519.0
1625783797000,24519.0
1625783827000,24519.0
1625783857000,24519.0
1625783887000,24519.0
1625783917000,24519.0
1625783947000,24519.0
1625783977000,24519.0
1625784007000,24519.0
1625784037000,24519.0
1625784067000,24519.0
1625784097000,24519.0
1625784127000,24519.0
1625784157000,24519.0
1625784187000,24519.0
1625784217000,24519.0
1625784247000,24519.0
1625784277000,24519.0
1625784307000,24519.0
1625784337000,24519.0
1625784367000,24519.0
1625784397000,24519.0
1625784427000,24519.0
1625784457000,24519.0
1625784487000,24519.0
1625784517000,24519.0
1625784547000,24519.0
1625784577000,24519.0
1625784607000,24519.0
1625784637000,24519.0
1625784667000,24519.0
1625784697000,24519.0
1625784727000,24519.0
1625784757000,24519.0
1625784787000,24519.0
1625784817000,24519.0
1625784847000,24519.0
1625784877000,24519.0
1625784907000,24519.0
1625784937000,24519.0
1625784967000,24519.0
1625784997000,24519.0
1625785027000,24519.0
1625785057000,24519.0
1625785087000,24519.0
1625785117000,24519.0
1625785147000,24519.0
1625785177000,24519.0
1625785207000,24519.0
1625785237000,24519.0
1625785267000,24519.0
1625785297000,24519.0
1625785327000,24519.0
1625785357000,24519.0
1625785387000,24519.0
1625785417000,24519.0
1625785447000,24519.0
1625785477000,24519.0
1625785507000,24519.0
1625785537000,24519.0
1625785567000,24519.0
1625785597000,24519.0
1625785627000,24519.0
1625785657000,24519.0
1625785687000,24519.0
1625785717000,24519.0
1625785747000,24519.0
1625785777000,24519.0
1625785807000,24519.0
1625785837000,24519.0
1625785867000,24519.0
1625785897000,24519.0
1625785927000,24519.0
1625785957000,24519.0
1625785987000,24519.0
1625786017000,24519.0
1625786047000,24519.0
1625786077000,24519.0
1625786107000,24519.0
1625786137000,24519.0
1625786167000,24519.0
1625786197000,24519.0
1625786227000,24519.0
1625786257000,24519.0
1625786287000,24519.0
1625786317000,24519.0
1625786347000,24519.0
1625786377000,24519.0
1625786407000,24519.0
1625786437000,24519.0
1625786467000,24519.0
1625786497000,24519.0
1625786527000,24519.0
1625786557000,24519.0
1625786587000,24519.0
1625786617000,24519.0
1625786647000,24519.0
1625786677000,24519.0
1625786707000,24519.0
1625786737000,24519.0
1625786767000,24519.0
1625786797000,24519.0
1625786827000,24519.0
1625786857000,24519.0
1625786887000,24519.0
1625786917000,24519.0
1625786947000,24519.0
1625786977000,24519.0
1625787007000,24519.0
1625787037000,24519.0
1625787067000,24519.0
1625787097000,24519.0
1625787127000,24519.0
1625787157000,24519.0
1625787187000,24519.0
1625787217000,24519.0
1625787247000,24519.0
1625787277000,24519.0
1625787307000,24519.0
1625787337000,24519.0
1625787367000,24519.0
1625787397000,24519.0
1625787427000,24519.0
1625787457000,24519.0
1625787487000,24519.0
1625787517000,24519.0
1625787547000,24519.0
1625787577000,24519.0
1625787607000,24519.0
1625787637000,24519.0
1625787667000,24519.0
1625787697000,24519.0
1625787727000,24519.0
1625787757000,24519.0
1625787787000,24519.0
1625787817000,24519.0
1625787847000,24519.0
1625787877000,24519.0
1625787907000,24519.0
1625787937000,24519.0
1625787967000,24519.0
1625787997000,24519.0
1625788027000,24519.0
1625788057000,24519.0
1625788087000,24519.0
1625788117000,24519.0
1625788147000,24519.0
1625788177000,24519.0
1625788207000,24519.0
1625788237000,24519.0
1625788267000,24519.0
1625788297000,24519.0
1625788327000,24519.0
1625788357000,24519.0
1625788387000,24519.0
1625788417000,24519.0
1625788447000,24519.0
1625788477000,24519.0
1625788507000,24519.0
1625788537000,24519.0
1625788567000,24519.0
1625788597000,24519.0
1625788627000,24519.0
1625788657000,24519.0
1625788687000,24519.0
1625788717000,24519.0
1625788747000,24519.0
1625788777000,24519.0
1625788807000,24519.0
1625788837000,24519.0
1625788867000,24519.0
1625788897000,24519.0
1625788927000,24519.0
1625788957000,24519.0
1625788987000,24519.0
1625789017000,24519.0
1625789047000,24519.0
1625789077000,24519.0
1625789107000,24519.0
1625789137000,24519.0
1625789167000,24519.0
1625789197000,24519.0
1625789227000,24519.0
1625789257000,24519.0
1625789287000,24519.0
1625789317000,24519.0
1625789347000,24519.0
1625789377000,24519.0
1625789407000,24519.0
1625789437000,24519.0
1625789467000,24519.0
1625789497000,24519.0
1625789527000,24519.0
1625789557000,24519.0
1625789587000,24519.0
1625789617000,24519.0
1625789647000,24519.0
1625789677000,24519.0
1625789707000,24519.0
1625789737000,24519.0
1625789767000,24519.0
1625789797000,24519.0
1625789827000,24519.0
1625789857000,24519.0
1625789887000,24519.0
1625789917000,24519.0
1625789947000,24519.0
1625789977000,24519.0
1625790007000,24519.0
1625790037000,24519.0
1625790067000,24519.0
1625790097000,24519.0
1625790127000,24519.0
1625790157000,24519.0
1625790187000,24519.0
1625790217000,24519.0
1625790247000,24519.0
1625790277000,24519.0
1625790307000,24519.0
1625790337000,24519.0
1625790367000,24519.0
1625790397000,24519.0
1625790427000,24519.0
1625790457000,24519.0
1625790487000,24519.0
1625790517000,24519.0
1625790547000,24519.0
1625790577000,24519.0
1625790607000,24519.0
1625790637000,24519.0
1625790667000,24519.0
1625790697000,24519.0
1625790727000,24519.0
1625790757000,24519.0
1625790787000,24519.0
1625790817000,24519.0
1625790847000,24519.0
1625790877000,24519.0
1625790907000,24519.0
1625790937000,24519.0
1625790967000,24519.0
1625790997000,24519.0
1625791027000,24519.0
1625791057000,24519.0
1625791087000,24519.0
1625791117000,24519.0
1625791147000,24519.0
1625791177000,24519.0
1625791207000,24519.0
1625791237000,24519.0
1625791267000,24519.0
1625791297000,24519.0
1625791327000,24519.0
1625791357000,24519.0
1625791387000,24519.0
1625791417000,24519.0
1625791447000,24519.0
1625791477000,24519.0
1625791507000,24519.0
1625791537000,24519.0
1625791567000,24519.0
1625791597000,24519.0
1625791627000,24519.0
1625791657000,24519.0
1625791687000,24519.0
1625791717000,24519.0
1625791747000,24519.0
1625791777000,24519.0
1625791807000,24519.0
1625791837000,24519.0
1625791867000,24519.0
1625791897000,24519.0
1625791927000,24519.0
1625791957000,24519.0
1625791987000,24519.0
1625792017000,24519.0
1625792047000,24519.0
1625792077000,24519.0
1625792107000,24519.0
1625792137000,24519.0
1625792167000,24519.0
1625792197000,24519.0
1625792227000,24519.0
1625792257000,24519.0
1625792287000,24519.0
1625792317000,24519.0
1625792347000,24519.0
1625792377000,24519.0
1625792407000,24519.0
1625792437000,24519.0
1625792467000,24519.0
1625792497000,24519.0
1625792527000,24519.0
1625792557000,24519.0
1625792587000,24519.0
1625792617000,24519.0
1625792647000,24519.0
1625792677000,24519.0
1625792707000,24519.0
1625792737000,24519.0
1625792767000,24519.0
1625792797000,24519.0
1625792827000,24519.0
1625792857000,24519.0
1625792887000,24519.0
1625792917000,24519.0
1625792947000,24519.0
1625792977000,24519.0
1625793007000,24519.0
1625793037000,24519.0
1625793067000,24519.0
1625793097000,24519.0
1625793127000,24519.0
1625793157000,24519.0
1625793187000,24519.0
1625793217000,24519.0
1625793247000,24519.0
1625793277000,24519.0
1625793307000,24519.0
1625793337000,24519.0
1625793367000,24519.0
1625793397000,24519.0
1625793427000,24519.0
1625793457000,24519.0
1625793487000,24519.0
1625793517000,24519.0
1625793547000,24519.0
1625793577000,24519.0
1625793607000,24519.0
1625793637000,24519.0
1625793667000,24519.0
1625793697000,24519.0
1625793727000,24519.0
1625793757000,24519.0
1625793787000,24519.0
1625793817000,24519.0
1625793847000,24519.0
1625793877000,24519.0
1625793907000,24519.0
1625793937000,24519.0
1625793967000,24519.0
1625793997000,24519.0
1625794027000,24519.0
1625794057000,24519.0
1625794087000,24519.0
1625794117000,24519.0
1625794147000,24519.0
1625794177000,24519.0
1625794207000,24519.0
1625794237000,24519.0
1625794267000,24519.0
1625794297000,24519.0
1625794327000,24519.0
1625794357000,24519.0
1625794387000,24519.0
1625794417000,24519.0
1625794447000,24519.0
1625794477000,24519.0
1625794507000,24519.0
1625794537000,24519.0
1625794567000,24519.0
1625794597000,24519.0
1625794627000,24519.0
1625794657000,24519.0
1625794687000,24519.0
1625794717000,24519.0
1625794747000,24519.0
1625794777000,24519.0
1625794807000,24519.0
1625794837000,24519.0
1625794867000,24519.0
1625794897000,24519.0
1625794927000,24519.0
1625794957000,24519.0
1625794987000,24519.0
1625795017000,24519.0
1625795047000,24519.0
1625795077000,24519.0
1625795107000,24519.0
1625795137000,24519.0
1625795167000,24519.0
1625795197000,24519.0
1625795227000,24519.0
1625795257000,24519.0
1625795287000,24519.0
1625795317000,24519.0
1625795347000,24519.0
1625795377000,24519.0
1625795407000,24519.0
1625795437000,24519.0
1625795467000,24519.0
1625795497000,24519.0
1625795527000,24519.0
1625795557000,24519.0
1625795587000,24519.0
1625795617000,24519.0
1625795647000,24519.0
1625795677000,24519.0
1625795707000,24519.0
1625795737000,24519.0
1625795767000,24519.0
1625795797000,24519.0
1625795827000,24519.0
1625795857000,24519.0
1625795887000,24519.0
1625795917000,24519.0
1625795947000,24519.0
1625795977000,24519.0
1625796007000,24519.0
1625796037000,24519.0
1625796067000,24519.0
1625796097000,24519.0
1625796127000,24519.0
1625796157000,24519.0
1625796187000,24519.0
1625796217000,24519.0
1625796247000,24519.0
1625796277000,24519.0
1625796307000,24519.0
1625796337000,24519.0
1625796367000,24519.0
1625796397000,24519.0
1625796427000,24519.0
1625796457000,24519.0
1625796487000,24519.0
1625796517000,24519.0
1625796547000,24519.0
1625796577000,24519.0
1625796607000,24519.0
1625796637000,24519.0
1625796667000,24519.0
1625796697000,24519.0
1625796727000,24519.0
1625796757000,24519.0
1625796787000,24519.0
1625796817000,24519.0
1625796847000,24519.0
1625796877000,24519.0
1625796907000,24519.0
1625796937000,24519.0
1625796967000,24519.0
1625796997000,24519.0
1625797027000,24519.0
1625797057000,24519.0
1625797087000,24519.0
1625797117000,24519.0
1625797147000,24519.0
1625797177000,24519.0
1625797207000,24519.0
1625797237000,24519.0
1625797267000,24519.0
1625797297000,24519.0
1625797327000,24519.0
1625797357000,24519.0
1625797387000,24519.0
1625797417000,24519.0
1625797447000,24519.0
1625797477000,24519.0
1625797507000,24519.0
1625797537000,24519.0
1625797567000,24519.0
1625797597000,24519.0
1625797627000,24519.0
1625797657000,24519.0
1625797687000,24519.0
1625797717000,24519.0
1625797747000,24519.0
1625797777000,24519.0
1625797807000,24519.0
1625797837000,24519.0
1625797867000,24519.0
1625797897000,24519.0
1625797927000,24519.0
1625797957000,24519.0
1625797987000,24519.0
1625798017000,24519.0
1625798047000,24519.0
1625798077000,24519.0
1625798107000,24519.0
1625798137000,24519.0
1625798167000,24519.0
1625798197000,24519.0
1625798227000,24519.0
1625798257000,24519.0
1625798287000,24519.0
1625798317000,24519.0
1625798347000,24519.0
1625798377000,24519.0
1625798407000,24519.0
1625798437000,24519.0
1625798467000,24519.0
1625798497000,24519.0
1625798527000,24519.0
1625798557000,24519.0
1625798587000,24519.0
1625798617000,24519.0
1625798647000,24519.0
1625798677000,24519.0
1625798707000,24519.0
1625798737000,24519.0
1625798767000,24519.0
1625798797000,24519.0
1625798827000,24519.0
1625798857000,24519.0
1625798887000,24519.0
1625798917000,24519.0
1625798947000,24519.0
1625798977000,24519.0
1625799007000,24519.0
1625799037000,24519.0
1625799067000,24519.0
1625799097000,24519.0
1625799127000,24519.0
1625799157000,24519.0
1625799187000,24519.0
1625799217000,24519.0
1625799247000,24519.0
1625799277000,24519.0
1625799307000,24519.0
1625799337000,24519.0
1625799367000,24519.0
1625799397000,24519.0
1625799427000,24519.0
1625799457000,24519.0
1625799487000,24519.0
1625799517000,24519.0
1625799547000,24519.0
1625799577000,24519.0
1625799607000,24519.0
1625799637000,24519.0
1625799667000,24519.0
1625799697000,24519.0
1625799727000,24519.0
1625799757000,24519.0
1625799787000,24519.0
1625799817000,24519.0
1625799847000,24519.0
1625799877000,24519.0
1625799907000,24519.0
1625799937000,24519.0
1625799967000,24519.0
1625799997000,24519.0
1625800027000,24519.0
1625800057000,24519.0
1625800087000,24519.0
1625800117000,24519.0
1625800147000,24519.0
1625800177000,24519.0
1625800207000,24519.0
1625800237000,24519.0
1625800267000,24519.0
1625800297000,24519.0
1625800327000,24519.0
1625800357000,24519.0
1625800387000,24519.0
1625800417000,24519.0
1625800447000,24519.0
1625800477000,24519.0
1625800507000,24519.0
1625800537000,24519.0
1625800567000,24519.0
1625800597000,24519.0
1625800627000,24519.0
1625800657000,24519.0
1625800687000,24519.0
1625800717000,24519.0
1625800747000,24519.0
1625800777000,24519.0
1625800807000,24519.0
1625800837000,24519.0
1625800867000,24519.0
1625800897000,24519.0
1625800927000,24519.0
1625800957000,24519.0
1625800987000,24519.0
1625801017000,24519.0
1625801047000,24519.0
1625801077000,24519.0
1625801107000,24519.0
1625801137000,24519.0
1625801167000,24519.0
1625801197000,24519.0
1625801227000,24519.0
1625801257000,24519.0
1625801287000,24519.0
1625801317000,24519.0
1625801347000,24519.0
1625801377000,24519.0
1625801407000,24519.0
1625801437000,24519.0
1625801467000,24519.0
1625801497000,24519.0
1625801527000,24519.0
1625801557000,24519.0
1625801587000,24519.0
1625801617000,24519.0
1625801647000,24519.0
1625801677000,24519.0
1625801707000,24519.0
1625801737000,24519.0
1625801767000,24519.0
1625801797000,24519.0
1625801827000,24519.0
1625801857000,24519.0
1625801887000,24519.0
1625801917000,24519.0
1625801947000,24519.0
1625801977000,24519.0
1625802007000,24519.0
1625802037000,24519.0
1625802067000,24519.0
1625802097000,24519.0
1625802127000,24519.0
1625802157000,24519.0
1625802187000,24519.0
1625802217000,24519.0
1625802247000,24519.0
1625802277000,24519.0
1625802307000,24519.0
1625802337000,24519.0
1625802367000,24519.0
1625802397000,24519.0
1625802427000,24519.0
1625802457000,24519.0
1625802487000,24519.0
1625802517000,24519.0
1625802547000,24519.0
1625802577000,24519.0
1625802607000,24519.0
1625802637000,24519.0
1625802667000,24519.0
1625802697000,24519.0
1625802727000,24519.0
1625802757000,24519.0
1625802787000,24519.0
1625802817000,24519.0
1625802847000,24519.0
1625802877000,24519.0
1625802907000,24519.0
1625802937000,24519.0
1625802967000,24519.0
1625802997000,24519.0
1625803027000,24519.0
1625803057000,24519.0
1625803087000,24519.0
1625803117000,24519.0
1625803147000,24519.0
1625803177000,24519.0
1625803207000,24519.0
1625803237000,24519.0
1625803267000,24519.0
1625803297000,24519.0
1625803327000,24519.0
1625803357000,24519.0
1625803387000,24519.0
1625803417000,24519.0
1625803447000,24519.0
1625803477000,24519.0
1625803507000,24519.0
1625803537000,24519.0
1625803567000,24519.0
1625803597000,24519.0
1625803627000,24519.0
1625803657000,24519.0
1625803687000,24519.0
1625803717000,24519.0
1625803747000,24519.0
1625803777000,24519.0
1625803807000,24519.0
1625803837000,24519.0
1625803867000,24519.0
1625803897000,24519.0
1625803927000,24519.0
1625803957000,24519.0
1625803987000,24519.0
1625804017000,24519.0
1625804047000,24519.0
1625804077000,24519.0
1625804107000,24519.0
1625804137000,24519.0
1625804167000,24519.0
1625804197000,24519.0
1625804227000,24519.0
1625804257000,24519.0
1625804287000,24519.0
1625804317000,24519.0
1625804347000,24519.0
1625804377000,24519.0
1625804407000,24519.0
1625804437000,24519.0
1625804467000,24519.0
1625804497000,24519.0
1625804527000,24519.0
1625804557000,24519.0
1625804587000,24519.0
1625804617000,24519.0
1625804647000,24519.0
1625804677000,24519.0
1625804707000,24519.0
1625804737000,24519.0
1625804767000,24519.0
1625804797000,24519.0
1625804827000,24519.0
1625804857000,24519.0
1625804887000,24519.0
1625804917000,24519.0
1625804947000,24519.0
1625804977000,24519.0
1625805007000,24519.0
1625805037000,24519.0
1625805067000,24519.0
1625805097000,24519.0
1625805127000,24519.0
1625805157000,24519.0
1625805187000,24519.0
1625805217000,24519.0
1625805247000,24519.0
1625805277000,24519.0
1625805307000,24519.0
1625805337000,24519.0
1625805367000,24519.0
1625805397000,24519.0
1625805427000,24519.0
1625805457000,24519.0
1625805487000,24519.0
1625805517000,24519.0
1625805547000,24519.0
1625805577000,24519.0
1625805607000,24519.0
1625805637000,24519.0
1625805667000,24519.0
1625805697000,24519.0
1625805727000,24519.0
1625805757000,24519.0
1625805787000,24519.0
1625805817000,24519.0
1625805847000,24519.0
1625805877000,24519.0
1625805907000,24519.0
1625805937000,24519.0
1625805967000,24519.0
1625805997000,24519.0
1625806027000,24519.0
1625806057000,24519.0
1625806087000,24519.0
1625806117000,24519.0
1625806147000,24519.0
1625806177000,24519.0
1625806207000,24519.0
1625806237000,24519.0
1625806267000,24519.0
1625806297000,24519.0
1625806327000,24519.0
1625806357000,24519.0
1625806387000,24519.0
1625806417000,24519.0
1625806447000,24519.0
1625806477000,24519.0
1625806507000,24519.0
1625806537000,24519.0
1625806567000,24519.0
1625806597000,24519.0
1625806627000,24519.0
1625806657000,24519.0
1625806687000,24519.0
1625806717000,24519.0
1625806747000,24519.0
1625806777000,24519.0
1625806807000,24519.0
1625806837000,24519.0
1625806867000,24519.0
1625806897000,24519.0
1625806927000,24519.0
1625806957000,24519.0
1625806987000,24519.0
1625807017000,24519.0
1625807047000,24519.0
1625807077000,24519.0
1625807107000,24519.0
1625807137000,24519.0
1625807167000,24519.0
1625807197000,24519.0
1625807227000,24519.0
1625807257000,24519.0
1625807287000,24519.0
1625807317000,24519.0
1625807347000,24519.0
1625807377000,24519.0
1625807407000,24519.0
1625807437000,24519.0
1625807467000,24519.0
1625807497000,24519.0
1625807527000,24519.0
1625807557000,24519.0
1625807587000,24519.0
1625807617000,24519.0
1625807647000,24519.0
1625807677000,24519.0
1625807707000,24519.0
1625807737000,24519.0
1625807767000,24519.0
1625807797000,24519.0
1625807827000,24519.0
1625807857000,24519.0
1625807887000,24519.0
1625807917000,24519.0
1625807947000,24519.0
1625807977000,24519.0
1625808007000,24519.0
1625808037000,24519.0
1625808067000,24519.0
1625808097000,24519.0
1625808127000,24519.0
1625808157000,24519.0
1625808187000,24519.0
1625808217000,24519.0
1625808247000,24519.0
1625808277000,24519.0
1625808307000,24519.0
1625808337000,24519.0
1625808367000,24519.0
1625808397000,24519.0
1625808427000,24519.0
1625808457000,24519.0
1625808487000,24519.0
1625808517000,24519.0
1625808547000,24519.0
1625808577000,24519.0
1625808607000,24519.0
1625808637000,24519.0
1625808667000,24519.0
1625808697000,24519.0
1625808727000,24519.0
1625808757000,24519.0
1625808787000,24519.0
1625808817000,24519.0
1625808847000,24519.0
1625808877000,24519.0
1625808907000,24519.0
1625808937000,24519.0
1625808967000,24519.0
1625808997000,24519.0
1625809027000,24519.0
1625809057000,24519.0
1625809087000,24519.0
1625809117000,24519.0
1625809147000,24519.0
1625809177000,24519.0
1625809207000,24519.0
1625809237000,24519.0
1625809267000,24519.0
1625809297000,24519.0
1625809327000,24519.0
1625809357000,24519.0
1625809387000,24519.0
1625809417000,24519.0
1625809447000,24519.0
1625809477000,24519.0
1625809507000,24519.0
1625809537000,24519.0
1625809567000,24519.0
1625809597000,24519.0
1625809627000,24519.0
1625809657000,24519.0
1625809687000,24519.0
1625809717000,24519.0
1625809747000,24519.0
1625809777000,24519.0
1625809807000,24519.0
1625809837000,24519.0
1625809867000,24519.0
1625809897000,24519.0
1625809927000,24519.0
1625809957000,24519.0
1625809987000,24519.0
1625810017000,24519.0
1625810047000,24519.0
1625810077000,24519.0
1625810107000,24519.0
1625810137000,24519.0
1625810167000,24519.0
1625810197000,24519.0
1625810227000,24519.0
1625810257000,24519.0
1625810287000,24519.0
1625810317000,24519.0
1625810347000,24519.0
1625810377000,24519.0
1625810407000,24519.0
1625810437000,24519.0
1625810467000,24519.0
1625810497000,24519.0
1625810527000,24519.0
1625810557000,24519.0
1625810587000,24519.0
1625810617000,24519.0
1625810647000,24519.0
1625810677000,24519.0
1625810707000,24519.0
1625810737000,24519.0
1625810767000,24519.0
1625810797000,24519.0
1625810827000,24519.0
1625810857000,24519.0
1625810887000,24519.0
1625810917000,24519.0
1625810947000,24519.0
1625810977000,24519.0
1625811007000,24519.0
1625811037000,24519.0
1625811067000,24519.0
1625811097000,24519.0
1625811127000,24519.0
1625811157000,24519.0
1625811187000,24519.0
1625811217000,24519.0
1625811247000,24519.0
1625811277000,24519.0
1625811307000,24519.0
1625811337000,24519.0
1625811367000,24519.0
1625811397000,24519.0
1625811427000,24519.0
1625811457000,24519.0
1625811487000,24519.0
1625811517000,24519.0
1625811547000,24519.0
1625811577000,24519.0
1625811607000,24519.0
1625811637000,24519.0
1625811667000,24519.0
1625811697000,24519.0
1625811727000,24519.0
1625811757000,24519.0
1625811787000,24519.0
1625811817000,24519.0
1625811847000,24519.0
1625811877000,24519.0
1625811907000,24519.0
1625811937000,24519.0
1625811967000,24519.0
1625811997000,24519.0
1625812027000,24519.0
1625812057000,24519.0
1625812087000,24519.0
1625812117000,24519.0
1625812147000,24519.0
1625812177000,24519.0
1625812207000,24519.0
1625812237000,24519.0
1625812267000,24519.0
1625812297000,24519.0
1625812327000,24519.0
1625812357000,24519.0
1625812387000,24519.0
1625812417000,24519.0
1625812447000,24519.0
1625812477000,24519.0
1625812507000,24519.0
1625812537000,24519.0
1625812567000,24519.0
1625812597000,24519.0
1625812627000,24519.0
1625812657000,24519.0
1625812687000,24519.0
1625812717000,24519.0
1625812747000,24519.0
1625812777000,24519.0
1625812807000,24519.0
1625812837000,24519.0
1625812867000,24519.0
1625812897000,24519.0
1625812927000,24519.0
1625812957000,24519.0
1625812987000,24519.0
1625813017000,24519.0
1625813047000,24519.0
1625813077000,24519.0
1625813107000,24519.0
1625813137000,24519.0
1625813167000,24519.0
1625813197000,24519.0
1625813227000,24519.0
1625813257000,24519.0
1625813287000,24519.0
1625813317000,24519.0
1625813347000,24519.0
1625813377000,24519.0
1625813407000,24519.0
1625813437000,24519.0
1625813467000,24519.0
1625813497000,24519.0
1625813527000,24519.0
1625813557000,24519.0
1625813587000,24519.0
1625813617000,24519.0
1625813647000,24519.0
1625813677000,24519.0
1625813707000,24519.0
1625813737000,24519.0
1625813767000,24519.0
1625813797000,24519.0
1625813827000,24519.0
1625813857000,24519.0
1625813887000,24519.0
1625813917000,24519.0
1625813947000,24519.0
1625813977000,24519.0
1625814007000,24519.0
1625814037000,24519.0
1625814067000,24519.0
1625814097000,24519.0
1625814127000,24519.0
1625814157000,24519.0
1625814187000,24519.0
1625814217000,24519.0
1625814247000,24519.0
1625814277000,24519.0
1625814307000,24519.0
1625814337000,24519.0
1625814367000,24519.0
1625814397000,24519.0
1625814427000,24519.0
1625814457000,24519.0
1625814487000,24519.0
1625814517000,24519.0
1625814547000,24519.0
1625814577000,24519.0
1625814607000,24519.0
1625814637000,24519.0
1625814667000,24519.0
1625814697000,24519.0
1625814727000,24519.0
1625814757000,24519.0
1625814787000,24519.0
1625814817000,24519.0
1625814847000,24519.0
1625814877000,24519.0
1625814907000,24519.0
1625814937000,24519.0
1625814967000,24519.0
1625814997000,24519.0
1625815027000,24519.0
1625815057000,24519.0
1625815087000,24519.0
1625815117000,24519.0
1625815147000,24519.0
1625815177000,24519.0
1625815207000,24519.0
1625815237000,24519.0
1625815267000,24519.0
1625815297000,24519.0
1625815327000,24519.0
1625815357000,24519.0
1625815387000,24519.0
1625815417000,24519.0
1625815447000,24519.0
1625815477000,24519.0
1625815507000,24519.0
1625815537000,24519.0
1625815567000,24519.0
1625815597000,24519.0
1625815627000,24519.0
1625815657000,24519.0
1625815687000,24519.0
1625815717000,24519.0
1625815747000,24519.0
1625815777000,24519.0
1625815807000,24519.0
1625815837000,24519.0
1625815867000,24519.0
1625815897000,24519.0
1625815927000,24519.0
1625815957000,24519.0
1625815987000,24519.0
1625816017000,24519.0
1625816047000,24519.0
1625816077000,24519.0
1625816107000,24519.0
1625816137000,24519.0
1625816167000,24519.0
1625816197000,24519.0
1625816227000,24519.0
1625816257000,24519.0
1625816287000,24519.0
1625816317000,24519.0
1625816347000,24519.0
1625816377000,24519.0
1625816407000,24519.0
1625816437000,24519.0
1625816467000,24519.0
1625816497000,24519.0
1625816527000,24519.0
1625816557000,24519.0
1625816587000,24519.0
1625816617000,24519.0
1625816647000,24519.0
1625816677000,24519.0
1625816707000,24519.0
1625816737000,24519.0
1625816767000,24519.0
1625816797000,24519.0
1625816827000,24519.0
1625816857000,24519.0
1625816887000,24519.0
1625816917000,24519.0
1625816947000,24519.0
1625816977000,24519.0
1625817007000,24519.0
1625817037000,24519.0
1625817067000,24519.0
1625817097000,24519.0
1625817127000,24519.0
1625817157000,24519.0
1625817187000,24519.0
1625817217000,24519.0
1625817247000,24519.0
1625817277000,24519.0
1625817307000,24519.0
1625817337000,24519.0
1625817367000,24519.0
1625817397000,24519.0
1625817427000,24519.0
1625817457000,24519.0
1625817487000,24519.0
1625817517000,24519.0
1625817547000,24519.0
1625817577000,24519.0
1625817607000,24519.0
1625817637000,24519.0
1625817667000,24519.0
1625817697000,24519.0
1625817727000,24519.0
1625817757000,24519.0
1625817787000,24519.0
1625817817000,24519.0
1625817847000,24519.0
1625817877000,24519.0
1625817907000,24519.0
1625817937000,24519.0
1625817967000,24519.0
1625817997000,24519.0
1625818027000,24519.0
1625818057000,24519.0
1625818087000,24519.0
1625818117000,24519.0
1625818147000,24519.0
1625818177000,24519.0
1625818207000,24519.0
1625818237000,24519.0
1625818267000,24519.0
1625818297000,24519.0
1625818327000,24519.0
1625818357000,24519.0
1625818387000,24519.0
1625818417000,24519.0
1625818447000,24519.0
1625818477000,24519.0
1625818507000,24519.0
1625818537000,24519.0
1625818567000,24519.0
1625818597000,24519.0
1625818627000,24519.0
1625818657000,24519.0
1625818687000,24519.0
1625818717000,24519.0
1625818747000,24519.0
1625818777000,24519.0
1625818807000,24519.0
1625818837000,24519.0
1625818867000,24519.0
1625818897000,24519.0
1625818927000,24519.0
1625818957000,24519.0
1625818987000,24519.0
1625819017000,24519.0
1625819047000,24519.0
1625819077000,24519.0
1625819107000,24519.0
1625819137000,24519.0
1625819167000,24519.0
1625819197000,24519.0
1625819227000,24519.0
1625819257000,24519.0
1625819287000,24519.0
1625819317000,24519.0
1625819347000,24519.0
1625819377000,24519.0
1625819407000,24519.0
1625819437000,24519.0
1625819467000,24519.0
1625819497000,24519.0
1625819527000,24519.0
1625819557000,24519.0
1625819587000,24519.0
1625819617000,24519.0
1625819647000,24519.0
1625819677000,24519.0
1625819707000,24519.0
1625819737000,24519.0
1625819767000,24519.0
1625819797000,24519.0
1625819827000,24519.0
1625819857000,24519.0
1625819887000,24519.0
1625819917000,24519.0
1625819947000,24519.0
1625819977000,24519.0
1625820007000,24519.0
1625820037000,24519.0
1625820067000,24519.0
1625820097000,24519.0
1625820127000,24519.0
1625820157000,24519.0
1625820187000,24519.0
1625820217000,24519.0
1625820247000,24519.0
1625820277000,24519.0
1625820307000,24519.0
1625820337000,24519.0
1625820367000,24519.0
1625820397000,24519.0
1625820427000,24519.0
1625820457000,24519.0
1625820487000,24519.0
1625820517000,24519.0
1625820547000,24519.0
1625820577000,24519.0
1625820607000,24519.0
1625820637000,24519.0
1625820667000,24519.0
1625820697000,24519.0
1625820727000,24519.0
1625820757000,24519.0
1625820787000,24519.0
1625820817000,24519.0
1625820847000,24519.0
1625820877000,24519.0
1625820907000,24519.0
1625820937000,24519.0
1625820967000,24519.0
1625820997000,24519.0
1625821027000,24519.0
1625821057000,24519.0
1625821087000,24519.0
1625821117000,24519.0
1625821147000,24519.0
1625821177000,24519.0
1625821207000,24519.0
1625821237000,24519.0
1625821267000,24519.0
1625821297000,24519.0
1625821327000,24519.0
1625821357000,24519.0
1625821387000,24519.0
1625821417000,24519.0
1625821447000,24519.0
1625821477000,24519.0
1625821507000,24519.0
1625821537000,24519.0
1625821567000,24519.0
1625821597000,24519.0
1625821627000,24519.0
1625821657000,24519.0
1625821687000,24519.0
1625821717000,24519.0
1625821747000,24519.0
1625821777000,24519.0
1625821807000,24519.0
1625821837000,24519.0
1625821867000,24519.0
1625821897000,24519.0
1625821927000,24519.0
1625821957000,24519.0
1625821987000,24519.0
1625822017000,24519.0
1625822047000,24519.0
1625822077000,24519.0
1625822107000,24519.0
1625822137000,24519.0
1625822167000,24519.0
1625822197000,24519.0
1625822227000,24519.0
1625822257000,24519.0
1625822287000,24519.0
1625822317000,24519.0
1625822347000,24519.0
1625822377000,24519.0
1625822407000,24519.0
1625822437000,24519.0
1625822467000,24519.0
1625822497000,24519.0
1625822527000,24519.0
1625822557000,24519.0
1625822587000,24519.0
1625822617000,24519.0
1625822647000,24519.0
1625822677000,24519.0
1625822707000,24519.0
1625822737000,24519.0
1625822767000,24519.0
1625822797000,24519.0
1625822827000,24519.0
1625822857000,24519.0
1625822887000,24519.0
1625822917000,24519.0
1625822947000,24519.0
1625822977000,24519.0
1625823007000,24519.0
1625823037000,24519.0
1625823067000,24519.0
1625823097000,24519.0
1625823127000,24519.0
1625823157000,24519.0
1625823187000,24519.0
1625823217000,24519.0
1625823247000,24519.0
1625823277000,24519.0
1625823307000,24519.0
1625823337000,24519.0
1625823367000,24519.0
1625823397000,24519.0
1625823427000,24519.0
1625823457000,24519.0
1625823487000,24519.0
1625823517000,24519.0
1625823547000,24519.0
1625823577000,24519.0
1625823607000,24519.0
1625823637000,24519.0
1625823667000,24519.0
1625823697000,24519.0
1625823727000,24519.0
1625823757000,24519.0
1625823787000,24519.0
1625823817000,24519.0
1625823847000,24519.0
1625823877000,24519.0
1625823907000,24519.0
1625823937000,24519.0
1625823967000,24519.0
1625823997000,24519.0
1625824027000,24519.0
1625824057000,24519.0
1625824087000,24519.0
1625824117000,24519.0
1625824147000,24519.0
1625824177000,24519.0
1625824207000,24519.0
1625824237000,24519.0
1625824267000,24519.0
1625824297000,24519.0
1625824327000,24519.0
1625824357000,24519.0
1625824387000,24519.0
1625824417000,24519.0
1625824447000,24519.0
1625824477000,24519.0
1625824507000,24519.0
1625824537000,24519.0
1625824567000,24519.0
1625824597000,24519.0
1625824627000,24519.0
1625824657000,24519.0
1625824687000,24519.0
1625824717000,24519.0
1625824747000,24519.0
1625824777000,24519.0
1625824807000,24519.0
1625824837000,24519.0
1625824867000,24519.0
1625824897000,24519.0
1625824927000,24519.0
1625824957000,24519.0
1625824987000,24519.0
1625825017000,24519.0
1625825047000,24519.0
1625825077000,24519.0
1625825107000,24519.0
1625825137000,24519.0
1625825167000,24519.0
1625825197000,24519.0
1625825227000,24519.0
1625825257000,24519.0
1625825287000,24519.0
1625825317000,24519.0
1625825347000,24519.0
1625825377000,24519.0
1625825407000,24519.0
1625825437000,24519.0
1625825467000,24519.0
1625825497000,24519.0
1625825527000,24519.0
1625825557000,24519.0
1625825587000,24519.0
1625825617000,24519.0
1625825647000,24519.0
1625825677000,24519.0
1625825707000,24519.0
1625825737000,24519.0
1625825767000,24519.0
1625825797000,24519.0
1625825827000,24519.0
1625825857000,24519.0
1625825887000,24519.0
1625825917000,24519.0
1625825947000,24519.0
1625825977000,24519.0
1625826007000,24519.0
1625826037000,24519.0
1625826067000,24519.0
1625826097000,24519.0
1625826127000,24519.0
1625826157000,24519.0
1625826187000,24519.0
1625826217000,24519.0
1625826247000,24519.0
1625826277000,24519.0
1625826307000,24519.0
1625826337000,24519.0
1625826367000,24519.0
1625826397000,24519.0
1625826427000,24519.0
1625826457000,24519.0
1625826487000,24519.0
1625826517000,24519.0
1625826547000,24519.0
1625826577000,24519.0
1625826607000,24519.0
1625826637000,24519.0
1625826667000,24519.0
1625826697000,24519.0
1625826727000,24519.0
1625826757000,24519.0
1625826787000,24519.0
1625826817000,24519.0
1625826847000,24519.0
1625826877000,24519.0
1625826907000,24519.0
1625826937000,24519.0
1625826967000,24519.0
1625826997000,24519.0
1625827027000,24519.0
1625827057000,24519.0
1625827087000,24519.0
1625827117000,24519.0
1625827147000,24519.0
1625827177000,24519.0
1625827207000,24519.0
1625827237000,24519.0
1625827267000,24519.0
1625827297000,24519.0
1625827327000,24519.0
1625827357000,24519.0
1625827387000,24519.0
1625827417000,24519.0
1625827447000,24519.0
1625827477000,24519.0
1625827507000,24519.0
1625827537000,24519.0
1625827567000,24519.0
1625827597000,24519.0
1625827627000,24519.0
1625827657000,24519.0
1625827687000,24519.0
1625827717000,24519.0
1625827747000,24519.0
1625827777000,24519.0
1625827807000,24519.0
1625827837000,24519.0
1625827867000,24519.0
1625827897000,24519.0
1625827927000,24519.0
1625827957000,24519.0
1625827987000,24519.0
1625828017000,24519.0
1625828047000,24519.0
1625828077000,24519.0
1625828107000,24519.0
1625828137000,24519.0
1625828167000,24519.0
1625828197000,24519.0
1625828227000,24519.0
1625828257000,24519.0
1625828287000,24519.0
1625828317000,24519.0
1625828347000,24519.0
1625828377000,24519.0
1625828407000,24519.0
1625828437000,24519.0
1625828467000,24519.0
1625828497000,24519.0
1625828527000,24519.0
1625828557000,24519.0
1625828587000,24519.0
1625828617000,24519.0
1625828647000,24519.0
1625828677000,24519.0
1625828707000,24519.0
1625828737000,24519.0
1625828767000,24519.0
1625828797000,24519.0
1625828827000,24519.0
1625828857000,24519.0
1625828887000,24519.0
1625828917000,24519.0
1625828947000,24519.0
1625828977000,24519.0
1625829007000,24519.0
1625829037000,24519.0
1625829067000,24519.0
1625829097000,24519.0
1625829127000,24519.0
1625829157000,24519.0
1625829187000,24519.0
1625829217000,24519.0
1625829247000,24519.0
1625829277000,24519.0
1625829307000,24519.0
1625829337000,24519.0
1625829367000,24519.0
1625829397000,24519.0
1625829427000,24519.0
1625829457000,24519.0
1625829487000,24519.0
1625829517000,24519.0
1625829547000,24519.0
1625829577000,24519.0
1625829607000,24519.0
1625829637000,24519.0
1625829667000,24519.0
1625829697000,24519.0
1625829727000,24519.0
1625829757000,24519.0
1625829787000,24519.0
1625829817000,24519.0
1625829847000,24519.0
1625829877000,24519.0
1625829907000,24519.0
1625829937000,24519.0
1625829967000,24519.0
1625829997000,24519.0
1625830027000,24519.0
1625830057000,24519.0
1625830087000,24519.0
1625830117000,24519.0
1625830147000,24519.0
1625830177000,24519.0
1625830207000,24519.0
1625830237000,24519.0
1625830267000,24519.0
1625830297000,24519.0
1625830327000,24519.0
1625830357000,24519.0
1625830387000,24519.0
1625830417000,24519.0
1625830447000,24519.0
1625830477000,24519.0
1625830507000,24519.0
1625830537000,24519.0
1625830567000,24519.0
1625830597000,24519.0
1625830627000,24519.0
1625830657000,24519.0
1625830687000,24519.0
1625830717000,24519.0
1625830747000,24519.0
1625830777000,24519.0
1625830807000,24519.0
1625830837000,24519.0
1625830867000,24519.0
1625830897000,24519.0
1625830927000,24519.0
1625830957000,24519.0
1625830987000,24519.0
1625831017000,24519.0
1625831047000,24519.0
1625831077000,24519.0
1625831107000,24519.0
1625831137000,24519.0
1625831167000,24519.0
1625831197000,24519.0
1625831227000,24519.0
1625831257000,24519.0
1625831287000,24519.0
1625831317000,24519.0
1625831347000,24519.0
1625831377000,24519.0
1625831407000,24519.0
1625831437000,24519.0
1625831467000,24519.0
1625831497000,24519.0
1625831527000,24519.0
1625831557000,24519.0
1625831587000,24519.0
1625831617000,24519.0
1625831647000,24519.0
1625831677000,24519.0
1625831707000,24519.0
1625831737000,24519.0
1625831767000,24519.0
1625831797000,24519.0
1625831827000,24519.0
1625831857000,24519.0
1625831887000,24519.0
1625831917000,24519.0
1625831947000,24519.0
1625831977000,24519.0
1625832007000,24519.0
1625832037000,24519.0
1625832067000,24519.0
1625832097000,24519.0
1625832127000,24519.0
1625832157000,24519.0
1625832187000,24519.0
1625832217000,24519.0
1625832247000,24519.0
1625832277000,24519.0
1625832307000,24519.0
1625832337000,24519.0
1625832367000,24519.0
1625832397000,24519.0
1625832427000,24519.0
1625832457000,24519.0
1625832487000,24519.0
1625832517000,24519.0
1625832547000,24519.0
1625832577000,24519.0
1625832607000,24519.0
1625832637000,24519.0
1625832667000,24519.0
1625832697000,24519.0
1625832727000,24519.0
1625832757000,24519.0
1625832787000,24519.0
1625832817000,24519.0
1625832847000,24519.0
1625832877000,24519.0
1625832907000,24519.0
1625832937000,24519.0
1625832967000,24519.0
1625832997000,24519.0
1625833027000,24519.0
1625833057000,24519.0
1625833087000,24519.0
1625833117000,24519.0
1625833147000,24519.0
1625833177000,24519.0
1625833207000,24519.0
1625833237000,24519.0
1625833267000,24519.0
1625833297000,24519.0
1625833327000,24519.0
1625833357000,24519.0
1625833387000,24519.0
1625833417000,24519.0
1625833447000,24519.0
1625833477000,24519.0
1625833507000,24519.0
1625833537000,24519.0
1625833567000,24519.0
1625833597000,24519.0
1625833627000,24519.0
1625833657000,24519.0
1625833687000,24519.0
1625833717000,24519.0
1625833747000,24519.0
1625833777000,24519.0
1625833807000,24519.0
1625833837000,24519.0
1625833867000,24519.0
1625833897000,24519.0
1625833927000,24519.0
1625833957000,24519.0
1625833987000,24519.0
1625834017000,24519.0
1625834047000,24519.0
1625834077000,24519.0
1625834107000,24519.0
1625834137000,24519.0
1625834167000,24519.0
1625834197000,24519.0
1625834227000,24519.0
1625834257000,24519.0
1625834287000,24519.0
1625834317000,24519.0
1625834347000,24519.0
1625834377000,24519.0
1625834407000,24519.0
1625834437000,24519.0
1625834467000,24519.0
1625834497000,24519.0
1625834527000,24519.0
1625834557000,24519.0
1625834587000,24519.0
1625834617000,24519.0
1625834647000,24519.0
1625834677000,24519.0
1625834707000,24519.0
1625834737000,24519.0
1625834767000,24519.0
1625834797000,24519.0
1625834827000,24519.0
1625834857000,24519.0
1625834887000,24519.0
1625834917000,24519.0
1625834947000,24519.0
1625834977000,24519.0
1625835007000,24519.0
1625835037000,24519.0
1625835067000,24519.0
1625835097000,24519.0
1625835127000,24519.0
1625835157000,24519.0
1625835187000,24519.0
1625835217000,24519.0
1625835247000,24519.0
1625835277000,24519.0
1625835307000,24519.0
1625835337000,24519.0
1625835367000,24519.0
1625835397000,24519.0
1625835427000,24519.0
1625835457000,24519.0
1625835487000,24519.0
1625835517000,24519.0
1625835547000,24519.0
1625835577000,24519.0
1625835607000,24519.0
1625835637000,24519.0
1625835667000,24519.0
1625835697000,24519.0
1625835727000,24519.0
1625835757000,24519.0
1625835787000,24519.0
1625835817000,24519.0
1625835847000,24519.0
1625835877000,24519.0
1625835907000,24519.0
1625835937000,24519.0
1625835967000,24519.0
1625835997000,24519.0
1625836027000,24519.0
1625836057000,24519.0
1625836087000,24519.0
1625836117000,24519.0
1625836147000,24519.0
1625836177000,24519.0
1625836207000,24519.0
1625836237000,24519.0
1625836267000,24519.0
1625836297000,24519.0
1625836327000,24519.0
1625836357000,24519.0
1625836387000,24519.0
1625836417000,24519.0
1625836447000,24519.0
1625836477000,24519.0
1625836507000,24519.0
1625836537000,24519.0
1625836567000,24519.0
1625836597000,24519.0
1625836627000,24519.0
1625836657000,24519.0
1625836687000,24519.0
1625836717000,24519.0
1625836747000,24519.0
1625836777000,24519.0
1625836807000,24519.0
1625836837000,24519.0
1625836867000,24519.0
1625836897000,24519.0
1625836927000,24519.0
1625836957000,24519.0
1625836987000,24519.0
1625837017000,24519.0
1625837047000,24519.0
1625837077000,24519.0
1625837107000,24519.0
1625837137000,24519.0
1625837167000,24519.0
1625837197000,24519.0
1625837227000,24519.0
1625837257000,24519.0
1625837287000,24519.0
1625837317000,24519.0
1625837347000,24519.0
1625837377000,24519.0
1625837407000,24519.0
1625837437000,24519.0
1625837467000,24519.0
1625837497000,24519.0
1625837527000,24519.0
1625837557000,24519.0
1625837587000,24519.0
1625837617000,24519.0
1625837647000,24519.0
1625837677000,24519.0
1625837707000,24519.0
1625837737000,24519.0
1625837767000,24519.0
1625837797000,24519.0
1625837827000,24519.0
1625837857000,24519.0
1625837887000,24519.0
1625837917000,24519.0
1625837947000,24519.0
1625837977000,24519.0
1625838007000,24519.0
1625838037000,24519.0
1625838067000,24519.0
1625838097000,24519.0
1625838127000,24519.0
1625838157000,24519.0
1625838187000,24519.0
1625838217000,24519.0
1625838247000,24519.0
1625838277000,24519.0
1625838307000,24519.0
1625838337000,24519.0
1625838367000,24519.0
1625838397000,24519.0
1625838427000,24519.0
1625838457000,24519.0
1625838487000,24519.0
1625838517000,24519.0
1625838547000,24519.0
1625838577000,24519.0
1625838607000,24519.0
1625838637000,24519.0
1625838667000,24519.0
1625838697000,24519.0
1625838727000,24519.0
1625838757000,24519.0
1625838787000,24519.0
1625838817000,24519.0
1625838847000,24519.0
1625838877000,24519.0
1625838907000,24519.0
1625838937000,24519.0
1625838967000,24519.0
1625838997000,24519.0
1625839027000,24519.0
1625839057000,24519.0
1625839087000,24519.0
1625839117000,24519.0
1625839147000,24519.0
1625839177000,24519.0
1625839207000,24519.0
1625839237000,24519.0
1625839267000,24519.0
1625839297000,24519.0
1625839327000,24519.0
1625839357000,24519.0
1625839387000,24519.0
1625839417000,24519.0
1625839447000,24519.0
1625839477000,24519.0
1625839507000,24519.0
1625839537000,24519.0
1625839567000,24519.0
1625839597000,24519.0
1625839627000,24519.0
1625839657000,24519.0
1625839687000,24519.0
1625839717000,24519.0
1625839747000,24519.0
1625839777000,24519.0
1625839807000,24519.0
1625839837000,24519.0
1625839867000,24519.0
1625839897000,24519.0
1625839927000,24519.0
1625839957000,24519.0
1625839987000,24519.0
1625840017000,24519.0
1625840047000,24519.0
1625840077000,24519.0
1625840107000,24519.0
1625840137000,24519.0
1625840167000,24519.0
1625840197000,24519.0
1625840227000,24519.0
1625840257000,24519.0
1625840287000,24519.0
1625840317000,24519.0
1625840347000,24519.0
1625840377000,24519.0
1625840407000,24519.0
1625840437000,24519.0
1625840467000,24519.0
1625840497000,24519.0
1625840527000,24519.0
1625840557000,24519.0
1625840587000,24519.0
1625840617000,24519.0
1625840647000,24519.0
1625840677000,24519.0
1625840707000,24519.0
1625840737000,24519.0
1625840767000,24519.0
1625840797000,24519.0
1625840827000,24519.0
1625840857000,24519.0
1625840887000,24519.0
1625840917000,24519.0
1625840947000,24519.0
1625840977000,24519.0
1625841007000,24519.0
1625841037000,24519.0
1625841067000,24519.0
1625841097000,24519.0
1625841127000,24519.0
1625841157000,24519.0
1625841187000,24519.0
1625841217000,24519.0
1625841247000,24519.0
1625841277000,24519.0
1625841307000,24519.0
1625841337000,24519.0
1625841367000,24519.0
1625841397000,24519.0
1625841427000,24519.0
1625841457000,24519.0
1625841487000,24519.0
1625841517000,24519.0
1625841547000,24519.0
1625841577000,24519.0
1625841607000,24519.0
1625841637000,24519.0
1625841667000,24519.0
1625841697000,24519.0
1625841727000,24519.0
1625841757000,24519.0
1625841787000,24519.0
1625841817000,24519.0
1625841847000,24519.0
1625841877000,24519.0
1625841907000,24519.0
1625841937000,24519.0
1625841967000,24519.0
1625841997000,24519.0
1625842027000,24519.0
1625842057000,24519.0
1625842087000,24519.0
1625842117000,24519.0
1625842147000,24519.0
1625842177000,24519.0
1625842207000,24519.0
1625842237000,24519.0
1625842267000,24519.0
1625842297000,24519.0
1625842327000,24519.0
1625842357000,24519.0
1625842387000,24519.0
1625842417000,24519.0
1625842447000,24519.0
1625842477000,24519.0
1625842507000,24519.0
1625842537000,24519.0
1625842567000,24519.0
1625842597000,24519.0
1625842627000,24519.0
1625842657000,24519.0
1625842687000,24519.0
1625842717000,24519.0
1625842747000,24519.0
1625842777000,24519.0
1625842807000,24519.0
1625842837000,24519.0
1625842867000,24519.0
1625842897000,24519.0
1625842927000,24519.0
1625842957000,24519.0
1625842987000,24519.0
1625843017000,24519.0
1625843047000,24519.0
1625843077000,24519.0
1625843107000,24519.0
1625843137000,24519.0
1625843167000,24519.0
1625843197000,24519.0
1625843227000,24519.0
1625843257000,24519.0
1625843287000,24519.0
1625843317000,24519.0
1625843347000,24519.0
1625843377000,24519.0
1625843407000,24519.0
1625843437000,24519.0
1625843467000,24519.0
1625843497000,24519.0
1625843527000,24519.0
1625843557000,24519.0
1625843587000,24519.0
1625843617000,24519.0
1625843647000,24519.0
1625843677000,24519.0
1625843707000,24519.0
1625843737000,24519.0
1625843767000,24519.0
1625843797000,24519.0
1625843827000,24519.0
1625843857000,24519.0
1625843887000,24519.0
1625843917000,24519.0
1625843947000,24519.0
1625843977000,24519.0
1625844007000,24519.0
1625844037000,24519.0
1625844067000,24519.0
1625844097000,24519.0
1625844127000,24519.0
1625844157000,24519.0
1625844187000,24519.0
1625844217000,24519.0
1625844247000,24519.0
1625844277000,24519.0
1625844307000,24519.0
1625844337000,24519.0
1625844367000,24519.0
1625844397000,24519.0
1625844427000,24519.0
1625844457000,24519.0
1625844487000,24519.0
1625844517000,24519.0
1625844547000,24519.0
1625844577000,24519.0
1625844607000,24519.0
1625844637000,24519.0
1625844667000,24519.0
1625844697000,24519.0
1625844727000,24519.0
1625844757000,24519.0
1625844787000,24519.0
1625844817000,24519.0
1625844847000,24519.0
1625844877000,24519.0
1625844907000,24519.0
1625844937000,24519.0
1625844967000,24519.0
1625844997000,24519.0
1625845027000,24519.0
1625845057000,24519.0
1625845087000,24519.0
1625845117000,24519.0
1625845147000,24519.0
1625845177000,24519.0
1625845207000,24519.0
1625845237000,24519.0
1625845267000,24519.0
1625845297000,24519.0
1625845327000,24519.0
1625845357000,24519.0
1625845387000,24519.0
1625845417000,24519.0
1625845447000,24519.0
1625845477000,24519.0
1625845507000,24519.0
1625845537000,24519.0
1625845567000,24519.0
1625845597000,24519.0
1625845627000,24519.0
1625845657000,24519.0
1625845687000,24519.0
1625845717000,24519.0
1625845747000,24519.0
1625845777000,24519.0
1625845807000,24519.0
1625845837000,24519.0
1625845867000,24519.0
1625845897000,24519.0
1625845927000,24519.0
1625845957000,24519.0
1625845987000,24519.0
1625846017000,24519.0
1625846047000,24519.0
1625846077000,24519.0
1625846107000,24519.0
1625846137000,24519.0
1625846167000,24519.0
1625846197000,24519.0
1625846227000,24519.0
1625846257000,24519.0
1625846287000,24519.0
1625846317000,24519.0
1625846347000,24519.0
1625846377000,24519.0
1625846407000,24519.0
1625846437000,24519.0
1625846467000,24519.0
1625846497000,24519.0
1625846527000,24519.0
1625846557000,24519.0
1625846587000,24519.0
1625846617000,24519.0
1625846647000,24519.0
1625846677000,24519.0
1625846707000,24519.0
1625846737000,24519.0
1625846767000,24519.0
1625846797000,24519.0
1625846827000,24519.0
1625846857000,24519.0
1625846887000,24519.0
1625846917000,24519.0
1625846947000,24519.0
1625846977000,24519.0
1625847007000,24519.0
1625847037000,24519.0
1625847067000,24519.0
1625847097000,24519.0
1625847127000,24519.0
1625847157000,24519.0
1625847187000,24519.0
1625847217000,24519.0
1625847247000,24519.0
1625847277000,24519.0
1625847307000,24519.0
1625847337000,24519.0
1625847367000,24519.0
1625847397000,24519.0
1625847427000,24519.0
1625847457000,24519.0
1625847487000,24519.0
1625847517000,24519.0
1625847547000,24519.0
1625847577000,24519.0
1625847607000,24519.0
1625847637000,24519.0
1625847667000,24519.0
1625847697000,24519.0
1625847727000,24519.0
1625847757000,24519.0
1625847787000,24519.0
1625847817000,24519.0
1625847847000,24519.0
1625847877000,24519.0
1625847907000,24519.0
1625847937000,24519.0
1625847967000,24519.0
1625847997000,24519.0
1625848027000,24519.0
1625848057000,24519.0
1625848087000,24519.0
1625848117000,24519.0
1625848147000,24519.0
1625848177000,24519.0
1625848207000,24519.0
1625848237000,24519.0
1625848267000,24519.0
1625848297000,24519.0
1625848327000,24519.0
1625848357000,24519.0
1625848387000,24519.0
1625848417000,24519.0
1625848447000,24519.0
1625848477000,24519.0
1625848507000,24519.0
1625848537000,24519.0
1625848567000,24519.0
1625848597000,24519.0
1625848627000,24519.0
1625848657000,24519.0
1625848687000,24519.0
1625848717000,24519.0
1625848747000,24519.0
1625848777000,24519.0
1625848807000,24519.0
1625848837000,24519.0
1625848867000,24519.0
1625848897000,24519.0
1625848927000,24519.0
1625848957000,24519.0
1625848987000,24519.0
1625849017000,24519.0
1625849047000,24519.0
1625849077000,24519.0
1625849107000,24519.0
1625849137000,24519.0
1625849167000,24519.0
1625849197000,24519.0
1625849227000,24519.0
1625849257000,24519.0
1625849287000,24519.0
1625849317000,24519.0
1625849347000,24519.0
1625849377000,24519.0
1625849407000,24519.0
1625849437000,24519.0
1625849467000,24519.0
1625849497000,24519.0
1625849527000,24519.0
1625849557000,24519.0
1625849587000,24519.0
1625849617000,24519.0
1625849647000,24519.0
1625849677000,24519.0
1625849707000,24519.0
1625849737000,24519.0
1625849767000,24519.0
1625849797000,24519.0
1625849827000,24519.0
1625849857000,24519.0
1625849887000,24519.0
1625849917000,24519.0
1625849947000,24519.0
1625849977000,24519.0
1625850007000,24519.0
1625850037000,24519.0
1625850067000,24519.0
1625850097000,24519.0
1625850127000,24519.0
1625850157000,24519.0
1625850187000,24519.0
1625850217000,24519.0
1625850247000,24519.0
1625850277000,24519.0
1625850307000,24519.0
1625850337000,24519.0
1625850367000,24519.0
1625850397000,24519.0
1625850427000,24519.0
1625850457000,24519.0
1625850487000,24519.0
1625850517000,24519.0
1625850547000,24519.0
1625850577000,24519.0
1625850607000,24519.0
1625850637000,24519.0
1625850667000,24519.0
1625850697000,24519.0
1625850727000,24519.0
1625850757000,24519.0
1625850787000,24519.0
1625850817000,24519.0
1625850847000,24519.0
1625850877000,24519.0
1625850907000,24519.0
1625850937000,24519.0
1625850967000,24519.0
1625850997000,24519.0
1625851027000,24519.0
1625851057000,24519.0
1625851087000,24519.0
1625851117000,24519.0
1625851147000,24519.0
1625851177000,24519.0
1625851207000,24519.0
1625851237000,24519.0
1625851267000,24519.0
1625851297000,24519.0
1625851327000,24519.0
1625851357000,24519.0
1625851387000,24519.0
1625851417000,24519.0
1625851447000,24519.0
1625851477000,24519.0
1625851507000,24519.0
1625851537000,24519.0
1625851567000,24519.0
1625851597000,24519.0
1625851627000,24519.0
1625851657000,24519.0
1625851687000,24519.0
1625851717000,24519.0
1625851747000,24519.0
1625851777000,24519.0
1625851807000,24519.0
1625851837000,24519.0
1625851867000,24519.0
1625851897000,24519.0
1625851927000,24519.0
1625851957000,24519.0
1625851987000,24519.0
1625852017000,24519.0
1625852047000,24519.0
1625852077000,24519.0
1625852107000,24519.0
1625852137000,24519.0
1625852167000,24519.0
1625852197000,24519.0
1625852227000,24519.0
1625852257000,24519.0
1625852287000,24519.0
1625852317000,24519.0
1625852347000,24519.0
1625852377000,24519.0
1625852407000,24519.0
1625852437000,24519.0
1625852467000,24519.0
1625852497000,24519.0
1625852527000,24519.0
1625852557000,24519.0
1625852587000,24519.0
1625852617000,24519.0
1625852647000,24519.0
1625852677000,24519.0
1625852707000,24519.0
1625852737000,24519.0
1625852767000,24519.0
1625852797000,24519.0
1625852827000,24519.0
1625852857000,24519.0
1625852887000,24519.0
1625852917000,24519.0
1625852947000,24519.0
1625852977000,24519.0
1625853007000,24519.0
1625853037000,24519.0
1625853067000,24519.0
1625853097000,24519.0
1625853127000,24519.0
1625853157000,24519.0
1625853187000,24519.0
1625853217000,24519.0
1625853247000,24519.0
1625853277000,24519.0
1625853307000,24519.0
1625853337000,24519.0
1625853367000,24519.0
1625853397000,24519.0
1625853427000,24519.0
1625853457000,24519.0
1625853487000,24519.0
1625853517000,24519.0
1625853547000,24519.0
1625853577000,24519.0
1625853607000,24519.0
1625853637000,24519.0
1625853667000,24519.0
1625853697000,24519.0
1625853727000,24519.0
1625853757000,24519.0
1625853787000,24519.0
1625853817000,24519.0
1625853847000,24519.0
1625853877000,24519.0
1625853907000,24519.0
1625853937000,24519.0
1625853967000,24519.0
1625853997000,24519.0
1625854027000,24519.0
1625854057000,24519.0
1625854087000,24519.0
1625854117000,24519.0
1625854147000,24519.0
1625854177000,24519.0
1625854207000,24519.0
1625854237000,24519.0
1625854267000,24519.0
1625854297000,24519.0
1625854327000,24519.0
1625854357000,24519.0
1625854387000,24519.0
1625854417000,24519.0
1625854447000,24519.0
1625854477000,24519.0
1625854507000,24519.0
1625854537000,24519.0
1625854567000,24519.0
1625854597000,24519.0
1625854627000,24519.0
1625854657000,24519.0
1625854687000,24519.0
1625854717000,24519.0
1625854747000,24519.0
1625854777000,24519.0
1625854807000,24519.0
1625854837000,24519.0
1625854867000,24519.0
1625854897000,24519.0
1625854927000,24519.0
1625854957000,24519.0
1625854987000,24519.0
1625855017000,24519.0
1625855047000,24519.0
1625855077000,24519.0
1625855107000,24519.0
1625855137000,24519.0
1625855167000,24519.0
1625855197000,24519.0
1625855227000,24519.0
1625855257000,24519.0
1625855287000,24519.0
1625855317000,24519.0
1625855347000,24519.0
1625855377000,24519.0
1625855407000,24519.0
1625855437000,24519.0
1625855467000,24519.0
1625855497000,24519.0
1625855527000,24519.0
1625855557000,24519.0
1625855587000,24519.0
1625855617000,24519.0
1625855647000,24519.0
1625855677000,24519.0
1625855707000,24519.0
1625855737000,24519.0
1625855767000,24519.0
1625855797000,24519.0
1625855827000,24519.0
1625855857000,24519.0
1625855887000,24519.0
1625855917000,24519.0
1625855947000,24519.0
1625855977000,24519.0
1625856007000,24519.0
1625856037000,24519.0
1625856067000,24519.0
1625856097000,24519.0
1625856127000,24519.0
1625856157000,24519.0
1625856187000,24519.0
1625856217000,24519.0
1625856247000,24519.0
1625856277000,24519.0
1625856307000,24519.0
1625856337000,24519.0
1625856367000,24519.0
1625856397000,24519.0
1625856427000,24519.0
1625856457000,24519.0
1625856487000,24519.0
1625856517000,24519.0
1625856547000,24519.0
1625856577000,24519.0
1625856607000,24519.0
1625856637000,24519.0
1625856667000,24519.0
1625856697000,24519.0
1625856727000,24519.0
1625856757000,24519.0
1625856787000,24519.0
1625856817000,24519.0
1625856847000,24519.0
1625856877000,24519.0
1625856907000,24519.0
1625856937000,24519.0
1625856967000,24519.0
1625856997000,24519.0
1625857027000,24519.0
1625857057000,24519.0
1625857087000,24519.0
1625857117000,24519.0
1625857147000,24519.0
1625857177000,24519.0
1625857207000,24519.0
1625857237000,24519.0
1625857267000,24519.0
1625857297000,24519.0
1625857327000,24519.0
1625857357000,24519.0
1625857387000,24519.0
1625857417000,24519.0
1625857447000,24519.0
1625857477000,24519.0
1625857507000,24519.0
1625857537000,24519.0
1625857567000,24519.0
1625857597000,24519.0
1625857627000,24519.0
1625857657000,24519.0
1625857687000,24519.0
1625857717000,24519.0
1625857747000,24519.0
1625857777000,24519.0
1625857807000,24519.0
1625857837000,24519.0
1625857867000,24519.0
1625857897000,24519.0
1625857927000,24519.0
1625857957000,24519.0
1625857987000,24519.0
1625858017000,24519.0
1625858047000,24519.0
1625858077000,24519.0
1625858107000,24519.0
1625858137000,24519.0
1625858167000,24519.0
1625858197000,24519.0
1625858227000,24519.0
1625858257000,24519.0
1625858287000,24519.0
1625858317000,24519.0
1625858347000,24519.0
1625858377000,24519.0
1625858407000,24519.0
1625858437000,24519.0
1625858467000,24519.0
1625858497000,24519.0
1625858527000,24519.0
1625858557000,24519.0
1625858587000,24519.0
1625858617000,24519.0
1625858647000,24519.0
1625858677000,24519.0
1625858707000,24519.0
1625858737000,24519.0
1625858767000,24519.0
1625858797000,24519.0
1625858827000,24519.0
1625858857000,24519.0
1625858887000,24519.0
1625858917000,24519.0
1625858947000,24519.0
1625858977000,24519.0
1625859007000,24519.0
1625859037000,24519.0
1625859067000,24519.0
1625859097000,24519.0
1625859127000,24519.0
1625859157000,24519.0
1625859187000,24519.0
1625859217000,24519.0
1625859247000,24519.0
1625859277000,24519.0
1625859307000,24519.0
1625859337000,24519.0
1625859367000,24519.0
1625859397000,24519.0
1625859427000,24519.0
1625859457000,24519.0
1625859487000,24519.0
1625859517000,24519.0
1625859547000,24519.0
1625859577000,24519.0
1625859607000,24519.0
1625859637000,24519.0
1625859667000,24519.0
1625859697000,24519.0
1625859727000,24519.0
1625859757000,24519.0
1625859787000,24519.0
1625859817000,24519.0
1625859847000,24519.0
1625859877000,24519.0
1625859907000,24519.0
1625859937000,24519.0
1625859967000,24519.0
1625859997000,24519.0
1625860027000,24519.0
1625860057000,24519.0
1625860087000,24519.0
1625860117000,24519.0
1625860147000,24519.0
1625860177000,24519.0
1625860207000,24519.0
1625860237000,24519.0
1625860267000,24519.0
1625860297000,24519.0
1625860327000,24519.0
1625860357000,24519.0
1625860387000,24519.0
1625860417000,24519.0
1625860447000,24519.0
1625860477000,24519.0
1625860507000,24519.0
1625860537000,24519.0
1625860567000,24519.0
1625860597000,24519.0
1625860627000,24519.0
1625860657000,24519.0
1625860687000,24519.0
1625860717000,24519.0
1625860747000,24519.0
1625860777000,24519.0
1625860807000,24519.0
1625860837000,24519.0
1625860867000,24519.0
1625860897000,24519.0
1625860927000,24519.0
1625860957000,24519.0
1625860987000,24519.0
1625861017000,24519.0
1625861047000,24519.0
1625861077000,24519.0
1625861107000,24519.0
1625861137000,24519.0
1625861167000,24519.0
1625861197000,24519.0
1625861227000,24519.0
1625861257000,24519.0
1625861287000,24519.0
1625861317000,24519.0
1625861347000,24519.0
1625861377000,24519.0
1625861407000,24519.0
1625861437000,24519.0
1625861467000,24519.0
1625861497000,24519.0
1625861527000,24519.0
1625861557000,24519.0
1625861587000,24519.0
1625861617000,24519.0
1625861647000,24519.0
1625861677000,24519.0
1625861707000,24519.0
1625861737000,24519.0
1625861767000,24519.0
1625861797000,24519.0
1625861827000,24519.0
1625861857000,24519.0
1625861887000,24519.0
1625861917000,24519.0
1625861947000,24519.0
1625861977000,24519.0
1625862007000,24519.0
1625862037000,24519.0
1625862067000,24519.0
1625862097000,24519.0
1625862127000,24519.0
1625862157000,24519.0
1625862187000,24519.0
1625862217000,24519.0
1625862247000,24519.0
1625862277000,24519.0
1625862307000,24519.0
1625862337000,24519.0
1625862367000,24519.0
1625862397000,24519.0
1625862427000,24519.0
1625862457000,24519.0
1625862487000,24519.0
1625862517000,24519.0
1625862547000,24519.0
1625862577000,24519.0
1625862607000,24519.0
1625862637000,24519.0
1625862667000,24519.0
1625862697000,24519.0
1625862727000,24519.0
1625862757000,24519.0
1625862787000,24519.0
1625862817000,24519.0
1625862847000,24519.0
1625862877000,24519.0
1625862907000,24519.0
1625862937000,24519.0
1625862967000,24519.0
1625862997000,24519.0
1625863027000,24519.0
1625863057000,24519.0
1625863087000,24519.0
1625863117000,24519.0
1625863147000,24519.0
1625863177000,24519.0
1625863207000,24519.0
1625863237000,24519.0
1625863267000,24519.0
1625863297000,24519.0
1625863327000,24519.0
1625863357000,24519.0
1625863387000,24519.0
1625863417000,24519.0
1625863447000,24519.0
1625863477000,24519.0
1625863507000,24519.0
1625863537000,24519.0
1625863567000,24519.0
1625863597000,24519.0
1625863627000,24519.0
1625863657000,24519.0
1625863687000,24519.0
1625863717000,24519.0
1625863747000,24519.0
1625863777000,24519.0
1625863807000,24519.0
1625863837000,24519.0
1625863867000,24519.0
1625863897000,24519.0
1625863927000,24519.0
1625863957000,24519.0
1625863987000,24519.0
1625864017000,24519.0
1625864047000,24519.0
1625864077000,24519.0
1625864107000,24519.0
1625864137000,24519.0
1625864167000,24519.0
1625864197000,24519.0
1625864227000,24519.0
1625864257000,24519.0
1625864287000,24519.0
1625864317000,24519.0
1625864347000,24519.0
1625864377000,24519.0
1625864407000,24519.0
1625864437000,24519.0
1625864467000,24519.0
1625864497000,24519.0
1625864527000,24519.0
1625864557000,24519.0
1625864587000,24519.0
1625864617000,24519.0
1625864647000,24519.0
1625864677000,24519.0
1625864707000,24519.0
1625864737000,24519.0
1625864767000,24519.0
1625864797000,24519.0
1625864827000,24519.0
1625864857000,24519.0
1625864887000,24519.0
1625864917000,24519.0
1625864947000,24519.0
1625864977000,24519.0
1625865007000,24519.0
1625865037000,24519.0
1625865067000,24519.0
1625865097000,24519.0
1625865127000,24519.0
1625865157000,24519.0
1625865187000,24519.0
1625865217000,24519.0
1625865247000,24519.0
1625865277000,24519.0
1625865307000,24519.0
1625865337000,24519.0
1625865367000,24519.0
1625865397000,24519.0
1625865427000,24519.0
1625865457000,24519.0
1625865487000,24519.0
1625865517000,24519.0
1625865547000,24519.0
1625865577000,24519.0
1625865607000,24519.0
1625865637000,24519.0
1625865667000,24519.0
1625865697000,24519.0
1625865727000,24519.0
1625865757000,24519.0
1625865787000,24519.0
1625865817000,24519.0
1625865847000,24519.0
1625865877000,24519.0
1625865907000,24519.0
1625865937000,24519.0
1625865967000,24519.0
1625865997000,24519.0
1625866027000,24519.0
1625866057000,24519.0
1625866087000,24519.0
1625866117000,24519.0
1625866147000,24519.0
1625866177000,24519.0
1625866207000,24519.0
1625866237000,24519.0
1625866267000,24519.0
1625866297000,24519.0
1625866327000,24519.0
1625866357000,24519.0
1625866387000,24519.0
1625866417000,24519.0
1625866447000,24519.0
1625866477000,24519.0
1625866507000,24519.0
1625866537000,24519.0
1625866567000,24519.0
1625866597000,24519.0
1625866627000,24519.0
1625866657000,24519.0
1625866687000,24519.0
1625866717000,24519.0
1625866747000,24519.0
1625866777000,24519.0
1625866807000,24519.0
1625866837000,24519.0
1625866867000,24519.0
1625866897000,24519.0
1625866927000,24519.0
1625866957000,24519.0
1625866987000,24519.0
1625867017000,24519.0
1625867047000,24519.0
1625867077000,24519.0
1625867107000,24519.0
1625867137000,24519.0
1625867167000,24519.0
1625867197000,24519.0
1625867227000,24519.0
1625867257000,24519.0
1625867287000,24519.0
1625867317000,24519.0
1625867347000,24519.0
1625867377000,24519.0
1625867407000,24519.0
1625867437000,24519.0
1625867467000,24519.0
1625867497000,24519.0
1625867527000,24519.0
1625867557000,24519.0
1625867587000,24519.0
1625867617000,24519.0
1625867647000,24519.0
1625867677000,24519.0
1625867707000,24519.0
1625867737000,24519.0
1625867767000,24519.0
1625867797000,24519.0
1625867827000,24519.0
1625867857000,24519.0
1625867887000,24519.0
1625867917000,24519.0
1625867947000,24519.0
1625867977000,24519.0
1625868007000,24519.0
1625868037000,24519.0
1625868067000,24519.0
1625868097000,24519.0
1625868127000,24519.0
1625868157000,24519.0
1625868187000,24519.0
1625868217000,24519.0
1625868247000,24519.0
1625868277000,24519.0
1625868307000,24519.0
1625868337000,24519.0
1625868367000,24519.0
1625868397000,24519.0
1625868427000,24519.0
1625868457000,24519.0
1625868487000,24519.0
1625868517000,24519.0
1625868547000,24519.0
1625868577000,24519.0
1625868607000,24519.0
1625868637000,24519.0
1625868667000,24519.0
1625868697000,24519.0
1625868727000,24519.0
1625868757000,24519.0
1625868787000,24519.0
1625868817000,24519.0
1625868847000,24519.0
1625868877000,24519.0
1625868907000,24519.0
1625868937000,24519.0
1625868967000,24519.0
1625868997000,24519.0
1625869027000,24519.0
1625869057000,24519.0
1625869087000,24519.0
1625869117000,24519.0
1625869147000,24519.0
1625869177000,24519.0
1625869207000,24519.0
1625869237000,24519.0
1625869267000,24519.0
1625869297000,24519.0
1625869327000,24519.0
1625869357000,24519.0
1625869387000,24519.0
1625869417000,24519.0
1625869447000,24519.0
1625869477000,24519.0
1625869507000,24519.0
1625869537000,24519.0
1625869567000,24519.0
1625869597000,24519.0
1625869627000,24519.0
1625869657000,24519.0
1625869687000,24519.0
1625869717000,24519.0
1625869747000,24519.0
1625869777000,24519.0
1625869807000,24519.0
1625869837000,24519.0
1625869867000,24519.0
1625869897000,24519.0
1625869927000,24519.0
1625869957000,24519.0
1625869987000,24519.0
1625870017000,24519.0
1625870047000,24519.0
1625870077000,24519.0
1625870107000,24519.0
1625870137000,24519.0
1625870167000,24519.0
1625870197000,24519.0
1625870227000,24519.0
1625870257000,24519.0
1625870287000,24519.0
1625870317000,24519.0
1625870347000,24519.0
1625870377000,24519.0
1625870407000,24519.0
1625870437000,24519.0
1625870467000,24519.0
1625870497000,24519.0
1625870527000,24519.0
1625870557000,24519.0
1625870587000,24519.0
1625870617000,24519.0
1625870647000,24519.0
1625870677000,24519.0
1625870707000,24519.0
1625870737000,24519.0
1625870767000,24519.0
1625870797000,24519.0
1625870827000,24519.0
1625870857000,24519.0
1625870887000,24519.0
1625870917000,24519.0
1625870947000,24519.0
1625870977000,24519.0
1625871007000,24519.0
1625871037000,24519.0
1625871067000,24519.0
1625871097000,24519.0
1625871127000,24519.0
1625871157000,24519.0
1625871187000,24519.0
1625871217000,24519.0
1625871247000,24519.0
1625871277000,24519.0
1625871307000,24519.0
1625871337000,24519.0
1625871367000,24519.0
1625871397000,24519.0
1625871427000,24519.0
1625871457000,24519.0
1625871487000,24519.0
1625871517000,24519.0
1625871547000,24519.0
1625871577000,24519.0
1625871607000,24519.0
1625871637000,24519.0
1625871667000,24519.0
1625871697000,24519.0
1625871727000,24519.0
1625871757000,24519.0
1625871787000,24519.0
1625871817000,24519.0
1625871847000,24519.0
1625871877000,24519.0
1625871907000,24519.0
1625871937000,24519.0
1625871967000,24519.0
1625871997000,24519.0
1625872027000,24519.0
1625872057000,24519.0
1625872087000,24519.0
1625872117000,24519.0
1625872147000,24519.0
1625872177000,24519.0
1625872207000,24519.0
1625872237000,24519.0
1625872267000,24519.0
1625872297000,24519.0
1625872327000,24519.0
1625872357000,24519.0
1625872387000,24519.0
1625872417000,24519.0
1625872447000,24519.0
1625872477000,24519.0
1625872507000,24519.0
1625872537000,24519.0
1625872567000,24519.0
1625872597000,24519.0
1625872627000,24519.0
1625872657000,24519.0
1625872687000,24519.0
1625872717000,24519.0
1625872747000,24519.0
1625872777000,24519.0
1625872807000,24519.0
1625872837000,24519.0
1625872867000,24519.0
1625872897000,24519.0
1625872927000,24519.0
1625872957000,24519.0
1625872987000,24519.0
1625873017000,24519.0
1625873047000,24519.0
1625873077000,24519.0
1625873107000,24519.0
1625873137000,24519.0
1625873167000,24519.0
1625873197000,24519.0
1625873227000,24519.0
1625873257000,24519.0
1625873287000,24519.0
1625873317000,24519.0
1625873347000,24519.0
1625873377000,24519.0
1625873407000,24519.0
1625873437000,24519.0
1625873467000,24519.0
1625873497000,24519.0
1625873527000,24519.0
1625873557000,24519.0
1625873587000,24519.0
1625873617000,24519.0
1625873647000,24519.0
1625873677000,24519.0
1625873707000,24519.0
1625873737000,24519.0
1625873767000,24519.0
1625873797000,24519.0
1625873827000,24519.0
1625873857000,24519.0
1625873887000,24519.0
1625873917000,24519.0
1625873947000,24519.0
1625873977000,24519.0
1625874007000,24519.0
1625874037000,24519.0
1625874067000,24519.0
1625874097000,24519.0
1625874127000,24519.0
1625874157000,24519.0
1625874187000,24519.0
1625874217000,24519.0
1625874247000,24519.0
1625874277000,24519.0
1625874307000,24519.0
1625874337000,24519.0
1625874367000,24519.0
1625874397000,24519.0
1625874427000,24519.0
1625874457000,24519.0
1625874487000,24519.0
1625874517000,24519.0
1625874547000,24519.0
1625874577000,24519.0
1625874607000,24519.0
1625874637000,24519.0
1625874667000,24519.0
1625874697000,24519.0
1625874727000,24519.0
1625874757000,24519.0
1625874787000,24519.0
1625874817000,24519.0
1625874847000,24519.0
1625874877000,24519.0
1625874907000,24519.0
1625874937000,24519.0
1625874967000,24519.0
1625874997000,24519.0
1625875027000,24519.0
1625875057000,24519.0
1625875087000,24519.0
1625875117000,24519.0
1625875147000,24519.0
1625875177000,24519.0
1625875207000,24519.0
1625875237000,24519.0
1625875267000,24519.0
1625875297000,24519.0
1625875327000,24519.0
1625875357000,24519.0
1625875387000,24519.0
1625875417000,24519.0
1625875447000,24519.0
1625875477000,24519.0
1625875507000,24519.0
1625875537000,24519.0
1625875567000,24519.0
1625875597000,24519.0
1625875627000,24519.0
1625875657000,24519.0
1625875687000,24519.0
1625875717000,24519.0
1625875747000,24519.0
1625875777000,24519.0
1625875807000,24519.0
1625875837000,24519.0
1625875867000,24519.0
1625875897000,24519.0
1625875927000,24519.0
1625875957000,24519.0
1625875987000,24519.0
1625876017000,24519.0
1625876047000,24519.0
1625876077000,24519.0
1625876107000,24519.0
1625876137000,24519.0
1625876167000,24519.0
1625876197000,24519.0
1625876227000,24519.0
1625876257000,24519.0
1625876287000,24519.0
1625876317000,24519.0
1625876347000,24519.0
1625876377000,24519.0
1625876407000,24519.0
1625876437000,24519.0
1625876467000,24519.0
1625876497000,24519.0
1625876527000,24519.0
1625876557000,24519.0
1625876587000,24519.0
1625876617000,24519.0
1625876647000,24519.0
1625876677000,24519.0
1625876707000,24519.0
1625876737000,24519.0
1625876767000,24519.0
1625876797000,24519.0
1625876827000,24519.0
1625876857000,24519.0
1625876887000,24519.0
1625876917000,24519.0
1625876947000,24519.0
1625876977000,24519.0
1625877007000,24519.0
1625877037000,24519.0
1625877067000,24519.0
1625877097000,24519.0
1625877127000,24519.0
1625877157000,24519.0
1625877187000,24519.0
1625877217000,24519.0
1625877247000,24519.0
1625877277000,24519.0
1625877307000,24519.0
1625877337000,24519.0
1625877367000,24519.0
1625877397000,24519.0
1625877427000,24519.0
1625877457000,24519.0
1625877487000,24519.0
1625877517000,24519.0
1625877547000,24519.0
1625877577000,24519.0
1625877607000,24519.0
1625877637000,24519.0
1625877667000,24519.0
1625877697000,24519.0
1625877727000,24519.0
1625877757000,24519.0
1625877787000,24519.0
1625877817000,24519.0
1625877847000,24519.0
1625877877000,24519.0
1625877907000,24519.0
1625877937000,24519.0
1625877967000,24519.0
1625877997000,24519.0
1625878027000,24519.0
1625878057000,24519.0
1625878087000,24519.0
1625878117000,24519.0
1625878147000,24519.0
1625878177000,24519.0
1625878207000,24519.0
1625878237000,24519.0
1625878267000,24519.0
1625878297000,24519.0
1625878327000,24519.0
1625878357000,24519.0
1625878387000,24519.0
1625878417000,24519.0
1625878447000,24519.0
1625878477000,24519.0
1625878507000,24519.0
1625878537000,24519.0
1625878567000,24519.0
1625878597000,24519.0
1625878627000,24519.0
1625878657000,24519.0
1625878687000,24519.0
1625878717000,24519.0
1625878747000,24519.0
1625878777000,24519.0
1625878807000,24519.0
1625878837000,24519.0
1625878867000,24519.0
1625878897000,24519.0
1625878927000,24519.0
1625878957000,24519.0
1625878987000,24519.0
1625879017000,24519.0
1625879047000,24519.0
1625879077000,24519.0
1625879107000,24519.0
1625879137000,24519.0
1625879167000,24519.0
1625879197000,24519.0
1625879227000,24519.0
1625879257000,24519.0
1625879287000,24519.0
1625879317000,24519.0
1625879347000,24519.0
1625879377000,24519.0
1625879407000,24519.0
1625879437000,24519.0
1625879467000,24519.0
1625879497000,24519.0
1625879527000,24519.0
1625879557000,24519.0
1625879587000,24519.0
1625879617000,24519.0
1625879647000,24519.0
1625879677000,24519.0
1625879707000,24519.0
1625879737000,24519.0
1625879767000,24519.0
1625879797000,24519.0
1625879827000,24519.0
1625879857000,24519.0
1625879887000,24519.0
1625879917000,24519.0
1625879947000,24519.0
1625879977000,24519.0
1625880007000,24519.0
1625880037000,24519.0
1625880067000,24519.0
1625880097000,24519.0
1625880127000,24519.0
1625880157000,24519.0
1625880187000,24519.0
1625880217000,24519.0
1625880247000,24519.0
1625880277000,24519.0
1625880307000,24519.0
1625880337000,24519.0
1625880367000,24519.0
1625880397000,24519.0
1625880427000,24519.0
1625880457000,24519.0
1625880487000,24519.0
1625880517000,24519.0
1625880547000,24519.0
1625880577000,24519.0
1625880607000,24519.0
1625880637000,24519.0
1625880667000,24519.0
1625880697000,24519.0
1625880727000,24519.0
1625880757000,24519.0
1625880787000,24519.0
1625880817000,24519.0
1625880847000,24519.0
1625880877000,24519.0
1625880907000,24519.0
1625880937000,24519.0
1625880967000,24519.0
1625880997000,24519.0
1625881027000,24519.0
1625881057000,24519.0
1625881087000,24519.0
1625881117000,24519.0
1625881147000,24519.0
1625881177000,24519.0
1625881207000,24519.0
1625881237000,24519.0
1625881267000,24519.0
1625881297000,24519.0
1625881327000,24519.0
1625881357000,24519.0
1625881387000,24519.0
1625881417000,24519.0
1625881447000,24519.0
1625881477000,24519.0
1625881507000,24519.0
1625881537000,24519.0
1625881567000,24519.0
1625881597000,24519.0
1625881627000,24519.0
1625881657000,24519.0
1625881687000,24519.0
1625881717000,24519.0
1625881747000,24519.0
1625881777000,24519.0
1625881807000,24519.0
1625881837000,24519.0
1625881867000,24519.0
1625881897000,24519.0
1625881927000,24519.0
1625881957000,24519.0
1625881987000,24519.0
1625882017000,24519.0
1625882047000,24519.0
1625882077000,24519.0
1625882107000,24519.0
1625882137000,24519.0
1625882167000,24519.0
1625882197000,24519.0
1625882227000,24519.0
1625882257000,24519.0
1625882287000,24519.0
1625882317000,24519.0
1625882347000,24519.0
1625882377000,24519.0
1625882407000,24519.0
1625882437000,24519.0
1625882467000,24519.0
1625882497000,24519.0
1625882527000,24519.0
1625882557000,24519.0
1625882587000,24519.0
1625882617000,24519.0
1625882647000,24519.0
1625882677000,24519.0
1625882707000,24519.0
1625882737000,24519.0
1625882767000,24519.0
1625882797000,24519.0
1625882827000,24519.0
1625882857000,24519.0
1625882887000,24519.0
1625882917000,24519.0
1625882947000,24519.0
1625882977000,24519.0
1625883007000,24519.0
1625883037000,24519.0
1625883067000,24519.0
1625883097000,24519.0
1625883127000,24519.0
1625883157000,24519.0
1625883187000,24519.0
1625883217000,24519.0
1625883247000,24519.0
1625883277000,24519.0
1625883307000,24519.0
1625883337000,24519.0
1625883367000,24519.0
1625883397000,24519.0
1625883427000,24519.0
1625883457000,24519.0
1625883487000,24519.0
1625883517000,24519.0
1625883547000,24519.0
1625883577000,24519.0
1625883607000,24519.0
1625883637000,24519.0
1625883667000,24519.0
1625883697000,24519.0
1625883727000,24519.0
1625883757000,24519.0
1625883787000,24519.0
1625883817000,24519.0
1625883847000,24519.0
1625883877000,24519.0
1625883907000,24519.0
1625883937000,24519.0
1625883967000,24519.0
1625883997000,24519.0
1625884027000,24519.0
1625884057000,24519.0
1625884087000,24519.0
1625884117000,24519.0
1625884147000,24519.0
1625884177000,24519.0
1625884207000,24519.0
1625884237000,24519.0
1625884267000,24519.0
1625884297000,24519.0
1625884327000,24519.0
1625884357000,24519.0
1625884387000,24519.0
1625884417000,24519.0
1625884447000,24519.0
1625884477000,24519.0
1625884507000,24519.0
1625884537000,24519.0
1625884567000,24519.0
1625884597000,24519.0
1625884627000,24519.0
1625884657000,24519.0
1625884687000,24519.0
1625884717000,24519.0
1625884747000,24519.0
1625884777000,24519.0
1625884807000,24519.0
1625884837000,24519.0
1625884867000,24519.0
1625884897000,24519.0
1625884927000,24519.0
1625884957000,24519.0
1625884987000,24519.0
1625885017000,24519.0
1625885047000,24519.0
1625885077000,24519.0
1625885107000,24519.0
1625885137000,24519.0
1625885167000,24519.0
1625885197000,24519.0
1625885227000,24519.0
1625885257000,24519.0
1625885287000,24519.0
1625885317000,24519.0
1625885347000,24519.0
1625885377000,24519.0
1625885407000,24519.0
1625885437000,24519.0
1625885467000,24519.0
1625885497000,24519.0
1625885527000,24519.0
1625885557000,24519.0
1625885587000,24519.0
1625885617000,24519.0
1625885647000,24519.0
1625885677000,24519.0
1625885707000,24519.0
1625885737000,24519.0
1625885767000,24519.0
1625885797000,24519.0
1625885827000,24519.0
1625885857000,24519.0
1625885887000,24519.0
1625885917000,24519.0
1625885947000,24519.0
1625885977000,24519.0
1625886007000,24519.0
1625886037000,24519.0
1625886067000,24519.0
1625886097000,24519.0
1625886127000,24519.0
1625886157000,24519.0
1625886187000,24519.0
1625886217000,24519.0
1625886247000,24519.0
1625886277000,24519.0
1625886307000,24519.0
1625886337000,24519.0
1625886367000,24519.0
1625886397000,24519.0
1625886427000,24519.0
1625886457000,24519.0
1625886487000,24519.0
1625886517000,24519.0
1625886547000,24519.0
1625886577000,24519.0
1625886607000,24519.0
1625886637000,24519.0
1625886667000,24519.0
1625886697000,24519.0
1625886727000,24519.0
1625886757000,24519.0
1625886787000,24519.0
1625886817000,24519.0
1625886847000,24519.0
1625886877000,24519.0
1625886907000,24519.0
1625886937000,24519.0
1625886967000,24519.0
1625886997000,24519.0
1625887027000,24519.0
1625887057000,24519.0
1625887087000,24519.0
1625887117000,24519.0
1625887147000,24519.0
1625887177000,24519.0
1625887207000,24519.0
1625887237000,24519.0
1625887267000,24519.0
1625887297000,24519.0
1625887327000,24519.0
1625887357000,24519.0
1625887387000,24519.0
1625887417000,24519.0
1625887447000,24519.0
1625887477000,24519.0
1625887507000,24519.0
1625887537000,24519.0
1625887567000,24519.0
1625887597000,24519.0
1625887627000,24519.0
1625887657000,24519.0
1625887687000,24519.0
1625887717000,24519.0
1625887747000,24519.0
1625887777000,24519.0
1625887807000,24519.0
1625887837000,24519.0
1625887867000,24519.0
1625887897000,24519.0
1625887927000,24519.0
1625887957000,24519.0
1625887987000,24519.0
1625888017000,24519.0
1625888047000,24519.0
1625888077000,24519.0
1625888107000,24519.0
1625888137000,24519.0
1625888167000,24519.0
1625888197000,24519.0
1625888227000,24519.0
1625888257000,24519.0
1625888287000,24519.0
1625888317000,24519.0
1625888347000,24519.0
1625888377000,24519.0
1625888407000,24519.0
1625888437000,24519.0
1625888467000,24519.0
1625888497000,24519.0
1625888527000,24519.0
1625888557000,24519.0
1625888587000,24519.0
1625888617000,24519.0
1625888647000,24519.0
1625888677000,24519.0
1625888707000,24519.0
1625888737000,24519.0
1625888767000,24519.0
1625888797000,24519.0
1625888827000,24519.0
1625888857000,24519.0
1625888887000,24519.0
1625888917000,24519.0
1625888947000,24519.0
1625888977000,24519.0
1625889007000,24519.0
1625889037000,24519.0
1625889067000,24519.0
1625889097000,24519.0
1625889127000,24519.0
1625889157000,24519.0
1625889187000,24519.0
1625889217000,24519.0
1625889247000,24519.0
1625889277000,24519.0
1625889307000,24519.0
1625889337000,24519.0
1625889367000,24519.0
1625889397000,24519.0
1625889427000,24519.0
1625889457000,24519.0
1625889487000,24519.0
1625889517000,24519.0
1625889547000,24519.0
1625889577000,24519.0
1625889607000,24519.0
1625889637000,24519.0
1625889667000,24519.0
1625889697000,24519.0
1625889727000,24519.0
1625889757000,24519.0
1625889787000,24519.0
1625889817000,24519.0
1625889847000,24519.0
1625889877000,24519.0
1625889907000,24519.0
1625889937000,24519.0
1625889967000,24519.0
1625889997000,24519.0
1625890027000,24519.0
1625890057000,24519.0
1625890087000,24519.0
1625890117000,24519.0
1625890147000,24519.0
1625890177000,24519.0
1625890207000,24519.0
1625890237000,24519.0
1625890267000,24519.0
1625890297000,24519.0
1625890327000,24519.0
1625890357000,24519.0
1625890387000,24519.0
1625890417000,24519.0
1625890447000,24519.0
1625890477000,24519.0
1625890507000,24519.0
1625890537000,24519.0
1625890567000,24519.0
1625890597000,24519.0
1625890627000,24519.0
1625890657000,24519.0
1625890687000,24519.0
1625890717000,24519.0
1625890747000,24519.0
1625890777000,24519.0
1625890807000,24519.0
1625890837000,24519.0
1625890867000,24519.0
1625890897000,24519.0
1625890927000,24519.0
1625890957000,24519.0
1625890987000,24519.0
1625891017000,24519.0
1625891047000,24519.0
1625891077000,24519.0
1625891107000,24519.0
1625891137000,24519.0
1625891167000,24519.0
1625891197000,24519.0
1625891227000,24519.0
1625891257000,24519.0
1625891287000,24519.0
1625891317000,24519.0
1625891347000,24519.0
1625891377000,24519.0
1625891407000,24519.0
1625891437000,24519.0
1625891467000,24519.0
1625891497000,24519.0
1625891527000,24519.0
1625891557000,24519.0
1625891587000,24519.0
1625891617000,24519.0
1625891647000,24519.0
1625891677000,24519.0
1625891707000,24519.0
1625891737000,24519.0
1625891767000,24519.0
1625891797000,24519.0
1625891827000,24519.0
1625891857000,24519.0
1625891887000,24519.0
1625891917000,24519.0
1625891947000,24519.0
1625891977000,24519.0
1625892007000,24519.0
1625892037000,24519.0
1625892067000,24519.0
1625892097000,24519.0
1625892127000,24519.0
1625892157000,24519.0
1625892187000,24519.0
1625892217000,24519.0
1625892247000,24519.0
1625892277000,24519.0
1625892307000,24519.0
1625892337000,24519.0
1625892367000,24519.0
1625892397000,24519.0
1625892427000,24519.0
1625892457000,24519.0
1625892487000,24519.0
1625892517000,24519.0
1625892547000,24519.0
1625892577000,24519.0
1625892607000,24519.0
1625892637000,24519.0
1625892667000,24519.0
1625892697000,24519.0
1625892727000,24519.0
1625892757000,24519.0
1625892787000,24519.0
1625892817000,24519.0
1625892847000,24519.0
1625892877000,24519.0
1625892907000,24519.0
1625892937000,24519.0
1625892967000,24519.0
1625892997000,24519.0
1625893027000,24519.0
1625893057000,24519.0
1625893087000,24519.0
1625893117000,24519.0
1625893147000,24519.0
1625893177000,24519.0
1625893207000,24519.0
1625893237000,24519.0
1625893267000,24519.0
1625893297000,24519.0
1625893327000,24519.0
1625893357000,24519.0
1625893387000,24519.0
1625893417000,24519.0
1625893447000,24519.0
1625893477000,24519.0
1625893507000,24519.0
1625893537000,24519.0
1625893567000,24519.0
1625893597000,24519.0
1625893627000,24519.0
1625893657000,24519.0
1625893687000,24519.0
1625893717000,24519.0
1625893747000,24519.0
1625893777000,24519.0
1625893807000,24519.0
1625893837000,24519.0
1625893867000,24519.0
1625893897000,24519.0
1625893927000,24519.0
1625893957000,24519.0
1625893987000,24519.0
1625894017000,24519.0
1625894047000,24519.0
1625894077000,24519.0
1625894107000,24519.0
1625894137000,24519.0
1625894167000,24519.0
1625894197000,24519.0
1625894227000,24519.0
1625894257000,24519.0
1625894287000,24519.0
1625894317000,24519.0
1625894347000,24519.0
1625894377000,24519.0
1625894407000,24519.0
1625894437000,24519.0
1625894467000,24519.0
1625894497000,24519.0
1625894527000,24519.0
1625894557000,24519.0
1625894587000,24519.0
1625894617000,24519.0
1625894647000,24519.0
1625894677000,24519.0
1625894707000,24519.0
1625894737000,24519.0
1625894767000,24519.0
1625894797000,24519.0
1625894827000,24519.0
1625894857000,24519.0
1625894887000,24519.0
1625894917000,24519.0
1625894947000,24519.0
1625894977000,24519.0
1625895007000,24519.0
1625895037000,24519.0
1625895067000,24519.0
1625895097000,24519.0
1625895127000,24519.0
1625895157000,24519.0
1625895187000,24519.0
1625895217000,24519.0
1625895247000,24519.0
1625895277000,24519.0
1625895307000,24519.0
1625895337000,24519.0
1625895367000,24519.0
1625895397000,24519.0
1625895427000,24519.0
1625895457000,24519.0
1625895487000,24519.0
1625895517000,24519.0
1625895547000,24519.0
1625895577000,24519.0
1625895607000,24519.0
1625895637000,24519.0
1625895667000,24519.0
1625895697000,24519.0
1625895727000,24519.0
1625895757000,24519.0
1625895787000,24519.0
1625895817000,24519.0
1625895847000,24519.0
1625895877000,24519.0
1625895907000,24519.0
1625895937000,24519.0
1625895967000,24519.0
1625895997000,24519.0
1625896027000,24519.0
1625896057000,24519.0
1625896087000,24519.0
1625896117000,24519.0
1625896147000,24519.0
1625896177000,24519.0
1625896207000,24519.0
1625896237000,24519.0
1625896267000,24519.0
1625896297000,24519.0
1625896327000,24519.0
1625896357000,24519.0
1625896387000,24519.0
1625896417000,24519.0
1625896447000,24519.0
1625896477000,24519.0
1625896507000,24519.0
1625896537000,24519.0
1625896567000,24519.0
1625896597000,24519.0
1625896627000,24519.0
1625896657000,24519.0
1625896687000,24519.0
1625896717000,24519.0
1625896747000,24519.0
1625896777000,24519.0
1625896807000,24519.0
1625896837000,24519.0
1625896867000,24519.0
1625896897000,24519.0
1625896927000,24519.0
1625896957000,24519.0
1625896987000,24519.0
1625897017000,24519.0
1625897047000,24519.0
1625897077000,24519.0
1625897107000,24519.0
1625897137000,24519.0
1625897167000,24519.0
1625897197000,24519.0
1625897227000,24519.0
1625897257000,24519.0
1625897287000,24519.0
1625897317000,24519.0
1625897347000,24519.0
1625897377000,24519.0
1625897407000,24519.0
1625897437000,24519.0
1625897467000,24519.0
1625897497000,24519.0
1625897527000,24519.0
1625897557000,24519.0
1625897587000,24519.0
1625897617000,24519.0
1625897647000,24519.0
1625897677000,24519.0
1625897707000,24519.0
1625897737000,24519.0
1625897767000,24519.0
1625897797000,24519.0
1625897827000,24519.0
1625897857000,24519.0
1625897887000,24519.0
1625897917000,24519.0
1625897947000,24519.0
1625897977000,24519.0
1625898007000,24519.0
1625898037000,24519.0
1625898067000,24519.0
1625898097000,24519.0
1625898127000,24519.0
1625898157000,24519.0
1625898187000,24519.0
1625898217000,24519.0
1625898247000,24519.0
1625898277000,24519.0
1625898307000,24519.0
1625898337000,24519.0
1625898367000,24519.0
1625898397000,24519.0
1625898427000,24519.0
1625898457000,24519.0
1625898487000,24519.0
1625898517000,24519.0
1625898547000,24519.0
1625898577000,24519.0
1625898607000,24519.0
1625898637000,24519.0
1625898667000,24519.0
1625898697000,24519.0
1625898727000,24519.0
1625898757000,24519.0
1625898787000,24519.0
1625898817000,24519.0
1625898847000,24519.0
1625898877000,24519.0
1625898907000,24519.0
1625898937000,24519.0
1625898967000,24519.0
1625898997000,24519.0
1625899027000,24519.0
1625899057000,24519.0
1625899087000,24519.0
1625899117000,24519.0
1625899147000,24519.0
1625899177000,24519.0
1625899207000,24519.0
1625899237000,24519.0
1625899267000,24519.0
1625899297000,24519.0
1625899327000,24519.0
1625899357000,24519.0
1625899387000,24519.0
1625899417000,24519.0
1625899447000,24519.0
1625899477000,24519.0
1625899507000,24519.0
1625899537000,24519.0
1625899567000,24519.0
1625899597000,24519.0
1625899627000,24519.0
1625899657000,24519.0
1625899687000,24519.0
1625899717000,24519.0
1625899747000,24519.0
1625899777000,24519.0
1625899807000,24519.0
1625899837000,24519.0
1625899867000,24519.0
1625899897000,24519.0
1625899927000,24519.0
1625899957000,24519.0
1625899987000,24519.0
1625900017000,24519.0
1625900047000,24519.0
1625900077000,24519.0
1625900107000,24519.0
1625900137000,24519.0
1625900167000,24519.0
1625900197000,24519.0
1625900227000,24519.0
1625900257000,24519.0
1625900287000,24519.0
1625900317000,24519.0
1625900347000,24519.0
1625900377000,24519.0
1625900407000,24519.0
1625900437000,24519.0
1625900467000,24519.0
1625900497000,24519.0
1625900527000,24519.0
1625900557000,24519.0
1625900587000,24519.0
1625900617000,24519.0
1625900647000,24519.0
1625900677000,24519.0
1625900707000,24519.0
1625900737000,24519.0
1625900767000,24519.0
1625900797000,24519.0
1625900827000,24519.0
1625900857000,24519.0
1625900887000,24519.0
1625900917000,24519.0
1625900947000,24519.0
1625900977000,24519.0
1625901007000,24519.0
1625901037000,24519.0
1625901067000,24519.0
1625901097000,24519.0
1625901127000,24519.0
1625901157000,24519.0
1625901187000,24519.0
1625901217000,24519.0
1625901247000,24519.0
1625901277000,24519.0
1625901307000,24519.0
1625901337000,24519.0
1625901367000,24519.0
1625901397000,24519.0
1625901427000,24519.0
1625901457000,24519.0
1625901487000,24519.0
1625901517000,24519.0
1625901547000,24519.0
1625901577000,24519.0
1625901607000,24519.0
1625901637000,24519.0
1625901667000,24519.0
1625901697000,24519.0
1625901727000,24519.0
1625901757000,24519.0
1625901787000,24519.0
1625901817000,24519.0
1625901847000,24519.0
1625901877000,24519.0
1625901907000,24519.0
1625901937000,24519.0
1625901967000,24519.0
1625901997000,24519.0
1625902027000,24519.0
1625902057000,24519.0
1625902087000,24519.0
1625902117000,24519.0
1625902147000,24519.0
1625902177000,24519.0
1625902207000,24519.0
1625902237000,24519.0
1625902267000,24519.0
1625902297000,24519.0
1625902327000,24519.0
1625902357000,24519.0
1625902387000,24519.0
1625902417000,24519.0
1625902447000,24519.0
1625902477000,24519.0
1625902507000,24519.0
1625902537000,24519.0
1625902567000,24519.0
1625902597000,24519.0
1625902627000,24519.0
1625902657000,24519.0
1625902687000,24519.0
1625902717000,24519.0
1625902747000,24519.0
1625902777000,24519.0
1625902807000,24519.0
1625902837000,24519.0
1625902867000,24519.0
1625902897000,24519.0
1625902927000,24519.0
1625902957000,24519.0
1625902987000,24519.0
1625903017000,24519.0
1625903047000,24519.0
1625903077000,24519.0
1625903107000,24519.0
1625903137000,24519.0
1625903167000,24519.0
1625903197000,24519.0
1625903227000,24519.0
1625903257000,24519.0
1625903287000,24519.0
1625903317000,24519.0
1625903347000,24519.0
1625903377000,24519.0
1625903407000,24519.0
1625903437000,24519.0
1625903467000,24519.0
1625903497000,24519.0
1625903527000,24519.0
1625903557000,24519.0
1625903587000,24519.0
1625903617000,24519.0
1625903647000,24519.0
1625903677000,24519.0
1625903707000,24519.0
1625903737000,24519.0
1625903767000,24519.0
1625903797000,24519.0
1625903827000,24519.0
1625903857000,24519.0
1625903887000,24519.0
1625903917000,24519.0
1625903947000,24519.0
1625903977000,24519.0
1625904007000,24519.0
1625904037000,24519.0
1625904067000,24519.0
1625904097000,24519.0
1625904127000,24519.0
1625904157000,24519.0
1625904187000,24519.0
1625904217000,24519.0
1625904247000,24519.0
1625904277000,24519.0
1625904307000,24519.0
1625904337000,24519.0
1625904367000,24519.0
1625904397000,24519.0
1625904427000,24519.0
1625904457000,24519.0
1625904487000,24519.0
1625904517000,24519.0
1625904547000,24519.0
1625904577000,24519.0
1625904607000,24519.0
1625904637000,24519.0
1625904667000,24519.0
1625904697000,24519.0
1625904727000,24519.0
1625904757000,24519.0
1625904787000,24519.0
1625904817000,24519.0
1625904847000,24519.0
1625904877000,24519.0
1625904907000,24519.0
1625904937000,24519.0
1625904967000,24519.0
1625904997000,24519.0
1625905027000,24519.0
1625905057000,24519.0
1625905087000,24519.0
1625905117000,24519.0
1625905147000,24519.0
1625905177000,24519.0
1625905207000,24519.0
1625905237000,24519.0
1625905267000,24519.0
1625905297000,24519.0
1625905327000,24519.0
1625905357000,24519.0
1625905387000,24519.0
1625905417000,24519.0
1625905447000,24519.0
1625905477000,24519.0
1625905507000,24519.0
1625905537000,24519.0
1625905567000,24519.0
1625905597000,24519.0
1625905627000,24519.0
1625905657000,24519.0
1625905687000,24519.0
1625905717000,24519.0
1625905747000,24519.0
1625905777000,24519.0
1625905807000,24519.0
1625905837000,24519.0
1625905867000,24519.0
1625905897000,24519.0
1625905927000,24519.0
1625905957000,24519.0
1625905987000,24519.0
1625906017000,24519.0
1625906047000,24519.0
1625906077000,24519.0
1625906107000,24519.0
1625906137000,24519.0
1625906167000,24519.0
1625906197000,24519.0
1625906227000,24519.0
1625906257000,24519.0
1625906287000,24519.0
1625906317000,24519.0
1625906347000,24519.0
1625906377000,24519.0
1625906407000,24519.0
1625906437000,24519.0
1625906467000,24519.0
1625906497000,24519.0
1625906527000,24519.0
1625906557000,24519.0
1625906587000,24519.0
1625906617000,24519.0
1625906647000,24519.0
1625906677000,24519.0
1625906707000,24519.0
1625906737000,24519.0
1625906767000,24519.0
1625906797000,24519.0
1625906827000,24519.0
1625906857000,24519.0
1625906887000,24519.0
1625906917000,24519.0
1625906947000,24519.0
1625906977000,24519.0
1625907007000,24519.0
1625907037000,24519.0
1625907067000,24519.0
1625907097000,24519.0
1625907127000,24519.0
1625907157000,24519.0
1625907187000,24519.0
1625907217000,24519.0
1625907247000,24519.0
1625907277000,24519.0
1625907307000,24519.0
1625907337000,24519.0
1625907367000,24519.0
1625907397000,24519.0
1625907427000,24519.0
1625907457000,24519.0
1625907487000,24519.0
1625907517000,24519.0
1625907547000,24519.0
1625907577000,24519.0
1625907607000,24519.0
1625907637000,24519.0
1625907667000,24519.0
1625907697000,24519.0
1625907727000,24519.0
1625907757000,24519.0
1625907787000,24519.0
1625907817000,24519.0
1625907847000,24519.0
1625907877000,24519.0
1625907907000,24519.0
1625907937000,24519.0
1625907967000,24519.0
1625907997000,24519.0
1625908027000,24519.0
1625908057000,24519.0
1625908087000,24519.0
1625908117000,24519.0
1625908147000,24519.0
1625908177000,24519.0
1625908207000,24519.0
1625908237000,24519.0
1625908267000,24519.0
1625908297000,24519.0
1625908327000,24519.0
1625908357000,24519.0
1625908387000,24519.0
1625908417000,24519.0
1625908447000,24519.0
1625908477000,24519.0
1625908507000,24519.0
1625908537000,24519.0
1625908567000,24519.0
1625908597000,24519.0
1625908627000,24519.0
1625908657000,24519.0
1625908687000,24519.0
1625908717000,24519.0
1625908747000,24519.0
1625908777000,24519.0
1625908807000,24519.0
1625908837000,24519.0
1625908867000,24519.0
1625908897000,24519.0
1625908927000,24519.0
1625908957000,24519.0
1625908987000,24519.0
1625909017000,24519.0
1625909047000,24519.0
1625909077000,24519.0
1625909107000,24519.0
1625909137000,24519.0
1625909167000,24519.0
1625909197000,24519.0
1625909227000,24519.0
1625909257000,24519.0
1625909287000,24519.0
1625909317000,24519.0
1625909347000,24519.0
1625909377000,24519.0
1625909407000,24519.0
1625909437000,24519.0
1625909467000,24519.0
1625909497000,24519.0
1625909527000,24519.0
1625909557000,24519.0
1625909587000,24519.0
1625909617000,24519.0
1625909647000,24519.0
1625909677000,24519.0
1625909707000,24519.0
1625909737000,24519.0
1625909767000,24519.0
1625909797000,24519.0
1625909827000,24519.0
1625909857000,24519.0
1625909887000,24519.0
1625909917000,24519.0
1625909947000,24519.0
1625909977000,24519.0
1625910007000,24519.0
1625910037000,24519.0
1625910067000,24519.0
1625910097000,24519.0
1625910127000,24519.0
1625910157000,24519.0
1625910187000,24519.0
1625910217000,24519.0
1625910247000,24519.0
1625910277000,24519.0
1625910307000,24519.0
1625910337000,24519.0
1625910367000,24519.0
1625910397000,24519.0
1625910427000,24519.0
1625910457000,24519.0
1625910487000,24519.0
1625910517000,24519.0
1625910547000,24519.0
1625910577000,24519.0
1625910607000,24519.0
1625910637000,24519.0
1625910667000,24519.0
1625910697000,24519.0
1625910727000,24519.0
1625910757000,24519.0
1625910787000,24519.0
1625910817000,24519.0
1625910847000,24519.0
1625910877000,24519.0
1625910907000,24519.0
1625910937000,24519.0
1625910967000,24519.0
1625910997000,24519.0
1625911027000,24519.0
1625911057000,24519.0
1625911087000,24519.0
1625911117000,24519.0
1625911147000,24519.0
1625911177000,24519.0
1625911207000,24519.0
1625911237000,24519.0
1625911267000,24519.0
1625911297000,24519.0
1625911327000,24519.0
1625911357000,24519.0
1625911387000,24519.0
1625911417000,24519.0
1625911447000,24519.0
1625911477000,24519.0
1625911507000,24519.0
1625911537000,24519.0
1625911567000,24519.0
1625911597000,24519.0
1625911627000,24519.0
1625911657000,24519.0
1625911687000,24519.0
1625911717000,24519.0
1625911747000,24519.0
1625911777000,24519.0
1625911807000,24519.0
1625911837000,24519.0
1625911867000,24519.0
1625911897000,24519.0
1625911927000,24519.0
1625911957000,24519.0
1625911987000,24519.0
1625912017000,24519.0
1625912047000,24519.0
1625912077000,24519.0
1625912107000,24519.0
1625912137000,24519.0
1625912167000,24519.0
1625912197000,24519.0
1625912227000,24519.0
1625912257000,24519.0
1625912287000,24519.0
1625912317000,24519.0
1625912347000,24519.0
1625912377000,24519.0
1625912407000,24519.0
1625912437000,24519.0
1625912467000,24519.0
1625912497000,24519.0
1625912527000,24519.0
1625912557000,24519.0
1625912587000,24519.0
1625912617000,24519.0
1625912647000,24519.0
1625912677000,24519.0
1625912707000,24519.0
1625912737000,24519.0
1625912767000,24519.0
1625912797000,24519.0
1625912827000,24519.0
1625912857000,24519.0
1625912887000,24519.0
1625912917000,24519.0
1625912947000,24519.0
1625912977000,24519.0
1625913007000,24519.0
1625913037000,24519.0
1625913067000,24519.0
1625913097000,24519.0
1625913127000,24519.0
1625913157000,24519.0
1625913187000,24519.0
1625913217000,24519.0
1625913247000,24519.0
1625913277000,24519.0
1625913307000,24519.0
1625913337000,24519.0
1625913367000,24519.0
1625913397000,24519.0
1625913427000,24519.0
1625913457000,24519.0
1625913487000,24519.0
1625913517000,24519.0
1625913547000,24519.0
1625913577000,24519.0
1625913607000,24519.0
1625913637000,24519.0
1625913667000,24519.0
1625913697000,24519.0
1625913727000,24519.0
1625913757000,24519.0
1625913787000,24519.0
1625913817000,24519.0
1625913847000,24519.0
1625913877000,24519.0
1625913907000,24519.0
1625913937000,24519.0
1625913967000,24519.0
1625913997000,24519.0
1625914027000,24519.0
1625914057000,24519.0
1625914087000,24519.0
1625914117000,24519.0
1625914147000,24519.0
1625914177000,24519.0
1625914207000,24519.0
1625914237000,24519.0
1625914267000,24519.0
1625914297000,24519.0
1625914327000,24519.0
1625914357000,24519.0
1625914387000,24519.0
1625914417000,24519.0
1625914447000,24519.0
1625914477000,24519.0
1625914507000,24519.0
1625914537000,24519.0
1625914567000,24519.0
1625914597000,24519.0
1625914627000,24519.0
1625914657000,24519.0
1625914687000,24519.0
1625914717000,24519.0
1625914747000,24519.0
1625914777000,24519.0
1625914807000,24519.0
1625914837000,24519.0
1625914867000,24519.0
1625914897000,24519.0
1625914927000,24519.0
1625914957000,24519.0
1625914987000,24519.0
1625915017000,24519.0
1625915047000,24519.0
1625915077000,24519.0
1625915107000,24519.0
1625915137000,24519.0
1625915167000,24519.0
1625915197000,24519.0
1625915227000,24519.0
1625915257000,24519.0
1625915287000,24519.0
1625915317000,24519.0
1625915347000,24519.0
1625915377000,24519.0
1625915407000,24519.0
1625915437000,24519.0
1625915467000,24519.0
1625915497000,24519.0
1625915527000,24519.0
1625915557000,24519.0
1625915587000,24519.0
1625915617000,24519.0
1625915647000,24519.0
1625915677000,24519.0
1625915707000,24519.0
1625915737000,24519.0
1625915767000,24519.0
1625915797000,24519.0
1625915827000,24519.0
1625915857000,24519.0
1625915887000,24519.0
1625915917000,24519.0
1625915947000,24519.0
1625915977000,24519.0
1625916007000,24519.0
1625916037000,24519.0
1625916067000,24519.0
1625916097000,24519.0
1625916127000,24519.0
1625916157000,24519.0
1625916187000,24519.0
1625916217000,24519.0
1625916247000,24519.0
1625916277000,24519.0
1625916307000,24519.0
1625916337000,24519.0
1625916367000,24519.0
1625916397000,24519.0
1625916427000,24519.0
1625916457000,24519.0
1625916487000,24519.0
1625916517000,24519.0
1625916547000,24519.0
1625916577000,24519.0
1625916607000,24519.0
1625916637000,24519.0
1625916667000,24519.0
1625916697000,24519.0
1625916727000,24519.0
1625916757000,24519.0
1625916787000,24519.0
1625916817000,24519.0
1625916847000,24519.0
1625916877000,24519.0
1625916907000,24519.0
1625916937000,24519.0
1625916967000,24519.0
1625916997000,24519.0
1625917027000,24519.0
1625917057000,24519.0
1625917087000,24519.0
1625917117000,24519.0
1625917147000,24519.0
1625917177000,24519.0
1625917207000,24519.0
1625917237000,24519.0
1625917267000,24519.0
1625917297000,24519.0
1625917327000,24519.0
1625917357000,24519.0
1625917387000,24519.0
1625917417000,24519.0
1625917447000,24519.0
1625917477000,24519.0
1625917507000,24519.0
1625917537000,24519.0
1625917567000,24519.0
1625917597000,24519.0
1625917627000,24519.0
1625917657000,24519.0
1625917687000,24519.0
1625917717000,24519.0
1625917747000,24519.0
1625917777000,24519.0
1625917807000,24519.0
1625917837000,24519.0
1625917867000,24519.0
1625917897000,24519.0
1625917927000,24519.0
1625917957000,24519.0
1625917987000,24519.0
1625918017000,24519.0
1625918047000,24519.0
1625918077000,24519.0
1625918107000,24519.0
1625918137000,24519.0
1625918167000,24519.0
1625918197000,24519.0
1625918227000,24519.0
1625918257000,24519.0
1625918287000,24519.0
1625918317000,24519.0
1625918347000,24519.0
1625918377000,24519.0
1625918407000,24519.0
1625918437000,24519.0
1625918467000,24519.0
1625918497000,24519.0
1625918527000,24519.0
1625918557000,24519.0
1625918587000,24519.0
1625918617000,24519.0
1625918647000,24519.0
1625918677000,24519.0
1625918707000,24519.0
1625918737000,24519.0
1625918767000,24519.0
1625918797000,24519.0
1625918827000,24519.0
1625918857000,24519.0
1625918887000,24519.0
1625918917000,24519.0
1625918947000,24519.0
1625918977000,24519.0
1625919007000,24519.0
1625919037000,24519.0
1625919067000,24519.0
1625919097000,24519.0
1625919127000,24519.0
1625919157000,24519.0
1625919187000,24519.0
1625919217000,24519.0
1625919247000,24519.0
1625919277000,24519.0
1625919307000,24519.0
1625919337000,24519.0
1625919367000,24519.0
1625919397000,24519.0
1625919427000,24519.0
1625919457000,24519.0
1625919487000,24519.0
1625919517000,24519.0
1625919547000,24519.0
1625919577000,24519.0
1625919607000,24519.0
1625919637000,24519.0
1625919667000,24519.0
1625919697000,24519.0
1625919727000,24519.0
1625919757000,24519.0
1625919787000,24519.0
1625919817000,24519.0
1625919847000,24519.0
1625919877000,24519.0
1625919907000,24519.0
1625919937000,24519.0
1625919967000,24519.0
1625919997000,24519.0
1625920027000,24519.0
1625920057000,24519.0
1625920087000,24519.0
1625920117000,24519.0
1625920147000,24519.0
1625920177000,24519.0
1625920207000,24519.0
1625920237000,24519.0
1625920267000,24519.0
1625920297000,24519.0
1625920327000,24519.0
1625920357000,24519.0
1625920387000,24519.0
1625920417000,24519.0
1625920447000,24519.0
1625920477000,24519.0
1625920507000,24519.0
1625920537000,24519.0
1625920567000,24519.0
1625920597000,24519.0
1625920627000,24519.0
1625920657000,24519.0
1625920687000,24519.0
1625920717000,24519.0
1625920747000,24519.0
1625920777000,24519.0
1625920807000,24519.0
1625920837000,24519.0
1625920867000,24519.0
1625920897000,24519.0
1625920927000,24519.0
1625920957000,24519.0
1625920987000,24519.0
1625921017000,24519.0
1625921047000,24519.0
1625921077000,24519.0
1625921107000,24519.0
1625921137000,24519.0
1625921167000,24519.0
1625921197000,24519.0
1625921227000,24519.0
1625921257000,24519.0
1625921287000,24519.0
1625921317000,24519.0
1625921347000,24519.0
1625921377000,24519.0
1625921407000,24519.0
1625921437000,24519.0
1625921467000,24519.0
1625921497000,24519.0
1625921527000,24519.0
1625921557000,24519.0
1625921587000,24519.0
1625921617000,24519.0
1625921647000,24519.0
1625921677000,24519.0
1625921707000,24519.0
1625921737000,24519.0
1625921767000,24519.0
1625921797000,24519.0
1625921827000,24519.0
1625921857000,24519.0
1625921887000,24519.0
1625921917000,24519.0
1625921947000,24519.0
1625921977000,24519.0
1625922007000,24519.0
1625922037000,24519.0
1625922067000,24519.0
1625922097000,24519.0
1625922127000,24519.0
1625922157000,24519.0
1625922187000,24519.0
1625922217000,24519.0
1625922247000,24519.0
1625922277000,24519.0
1625922307000,24519.0
1625922337000,24519.0
1625922367000,24519.0
1625922397000,24519.0
1625922427000,24519.0
1625922457000,24519.0
1625922487000,24519.0
1625922517000,24519.0
1625922547000,24519.0
1625922577000,24519.0
1625922607000,24519.0
1625922637000,24519.0
1625922667000,24519.0
1625922697000,24519.0
1625922727000,24519.0
1625922757000,24519.0
1625922787000,24519.0
1625922817000,24519.0
1625922847000,24519.0
1625922877000,24519.0
1625922907000,24519.0
1625922937000,24519.0
1625922967000,24519.0
1625922997000,24519.0
1625923027000,24519.0
1625923057000,24519.0
1625923087000,24519.0
1625923117000,24519.0
1625923147000,24519.0
1625923177000,24519.0
1625923207000,24519.0
1625923237000,24519.0
1625923267000,24519.0
1625923297000,24519.0
1625923327000,24519.0
1625923357000,24519.0
1625923387000,24519.0
1625923417000,24519.0
1625923447000,24519.0
1625923477000,24519.0
1625923507000,24519.0
1625923537000,24519.0
1625923567000,24519.0
1625923597000,24519.0
1625923627000,24519.0
1625923657000,24519.0
1625923687000,24519.0
1625923717000,24519.0
1625923747000,24519.0
1625923777000,24519.0
1625923807000,24519.0
1625923837000,24519.0
1625923867000,24519.0
1625923897000,24519.0
1625923927000,24519.0
1625923957000,24519.0
1625923987000,24519.0
1625924017000,24519.0
1625924047000,24519.0
1625924077000,24519.0
1625924107000,24519.0
1625924137000,24519.0
1625924167000,24519.0
1625924197000,24519.0
1625924227000,24519.0
1625924257000,24519.0
1625924287000,24519.0
1625924317000,24519.0
1625924347000,24519.0
1625924377000,24519.0
1625924407000,24519.0
1625924437000,24519.0
1625924467000,24519.0
1625924497000,24519.0
1625924527000,24519.0
1625924557000,24519.0
1625924587000,24519.0
1625924617000,24519.0
1625924647000,24519.0
1625924677000,24519.0
1625924707000,24519.0
1625924737000,24519.0
1625924767000,24519.0
1625924797000,24519.0
1625924827000,24519.0
1625924857000,24519.0
1625924887000,24519.0
1625924917000,24519.0
1625924947000,24519.0
1625924977000,24519.0
1625925007000,24519.0
1625925037000,24519.0
1625925067000,24519.0
1625925097000,24519.0
1625925127000,24519.0
1625925157000,24519.0
1625925187000,24519.0
1625925217000,24519.0
1625925247000,24519.0
1625925277000,24519.0
1625925307000,24519.0
1625925337000,24519.0
1625925367000,24519.0
1625925397000,24519.0
1625925427000,24519.0
1625925457000,24519.0
1625925487000,24519.0
1625925517000,24519.0
1625925547000,24519.0
1625925577000,24519.0
1625925607000,24519.0
1625925637000,24519.0
1625925667000,24519.0
1625925697000,24519.0
1625925727000,24519.0
1625925757000,24519.0
1625925787000,24519.0
1625925817000,24519.0
1625925847000,24519.0
1625925877000,24519.0
1625925907000,24519.0
1625925937000,24519.0
1625925967000,24519.0
1625925997000,24519.0
1625926027000,24519.0
1625926057000,24519.0
1625926087000,24519.0
1625926117000,24519.0
1625926147000,24519.0
1625926177000,24519.0
1625926207000,24519.0
1625926237000,24519.0
1625926267000,24519.0
1625926297000,24519.0
1625926327000,24519.0
1625926357000,24519.0
1625926387000,24519.0
1625926417000,24519.0
1625926447000,24519.0
1625926477000,24519.0
1625926507000,24519.0
1625926537000,24519.0
1625926567000,24519.0
1625926597000,24519.0
1625926627000,24519.0
1625926657000,24519.0
1625926687000,24519.0
1625926717000,24519.0
1625926747000,24519.0
1625926777000,24519.0
1625926807000,24519.0
1625926837000,24519.0
1625926867000,24519.0
1625926897000,24519.0
1625926927000,24519.0
1625926957000,24519.0
1625926987000,24519.0
1625927017000,24519.0
1625927047000,24519.0
1625927077000,24519.0
1625927107000,24519.0
1625927137000,24519.0
1625927167000,24519.0
1625927197000,24519.0
1625927227000,24519.0
1625927257000,24519.0
1625927287000,24519.0
1625927317000,24519.0
1625927347000,24519.0
1625927377000,24519.0
1625927407000,24519.0
1625927437000,24519.0
1625927467000,24519.0
1625927497000,24519.0
1625927527000,24519.0
1625927557000,24519.0
1625927587000,24519.0
1625927617000,24519.0
1625927647000,24519.0
1625927677000,24519.0
1625927707000,24519.0
1625927737000,24519.0
1625927767000,24519.0
1625927797000,24519.0
1625927827000,24519.0
1625927857000,24519.0
1625927887000,24519.0
1625927917000,24519.0
1625927947000,24519.0
1625927977000,24519.0
1625928007000,24519.0
1625928037000,24519.0
1625928067000,24519.0
1625928097000,24519.0
1625928127000,24519.0
1625928157000,24519.0
1625928187000,24519.0
1625928217000,24519.0
1625928247000,24519.0
1625928277000,24519.0
1625928307000,24519.0
1625928337000,24519.0
1625928367000,24519.0
1625928397000,24519.0
1625928427000,24519.0
1625928457000,24519.0
1625928487000,24519.0
1625928517000,24519.0
1625928547000,24519.0
1625928577000,24519.0
1625928607000,24519.0
1625928637000,24519.0
1625928667000,24519.0
1625928697000,24519.0
1625928727000,24519.0
1625928757000,24519.0
1625928787000,24519.0
1625928817000,24519.0
1625928847000,24519.0
1625928877000,24519.0
1625928907000,24519.0
1625928937000,24519.0
1625928967000,24519.0
1625928997000,24519.0
1625929027000,24519.0
1625929057000,24519.0
1625929087000,24519.0
1625929117000,24519.0
1625929147000,24519.0
1625929177000,24519.0
1625929207000,24519.0
1625929237000,24519.0
1625929267000,24519.0
1625929297000,24519.0
1625929327000,24519.0
1625929357000,24519.0
1625929387000,24519.0
1625929417000,24519.0
1625929447000,24519.0
1625929477000,24519.0
1625929507000,24519.0
1625929537000,24519.0
1625929567000,24519.0
1625929597000,24519.0
1625929627000,24519.0
1625929657000,24519.0
1625929687000,24519.0
1625929717000,24519.0
1625929747000,24519.0
1625929777000,24519.0
1625929807000,24519.0
1625929837000,24519.0
1625929867000,24519.0
1625929897000,24519.0
1625929927000,24519.0
1625929957000,24519.0
1625929987000,24519.0
1625930017000,24519.0
1625930047000,24519.0
1625930077000,24519.0
1625930107000,24519.0
1625930137000,24519.0
1625930167000,24519.0
1625930197000,24519.0
1625930227000,24519.0
1625930257000,24519.0
1625930287000,24519.0
1625930317000,24519.0
1625930347000,24519.0
1625930377000,24519.0
1625930407000,24519.0
1625930437000,24519.0
1625930467000,24519.0
1625930497000,24519.0
1625930527000,24519.0
1625930557000,24519.0
1625930587000,24519.0
1625930617000,24519.0
1625930647000,24519.0
1625930677000,24519.0
1625930707000,24519.0
1625930737000,24519.0
1625930767000,24519.0
1625930797000,24519.0
1625930827000,24519.0
1625930857000,24519.0
1625930887000,24519.0
1625930917000,24519.0
1625930947000,24519.0
1625930977000,24519.0
1625931007000,24519.0
1625931037000,24519.0
1625931067000,24519.0
1625931097000,24519.0
1625931127000,24519.0
1625931157000,24519.0
1625931187000,24519.0
1625931217000,24519.0
1625931247000,24519.0
1625931277000,24519.0
1625931307000,24519.0
1625931337000,24519.0
1625931367000,24519.0
1625931397000,24519.0
1625931427000,24519.0
1625931457000,24519.0
1625931487000,24519.0
1625931517000,24519.0
1625931547000,24519.0
1625931577000,24519.0
1625931607000,24519.0
1625931637000,24519.0
1625931667000,24519.0
1625931697000,24519.0
1625931727000,24519.0
1625931757000,24519.0
1625931787000,24519.0
1625931817000,24519.0
1625931847000,24519.0
1625931877000,24519.0
1625931907000,24519.0
1625931937000,24519.0
1625931967000,24519.0
1625931997000,24519.0
1625932027000,24519.0
1625932057000,24519.0
1625932087000,24519.0
1625932117000,24519.0
1625932147000,24519.0
1625932177000,24519.0
1625932207000,24519.0
1625932237000,24519.0
1625932267000,24519.0
1625932297000,24519.0
1625932327000,24519.0
1625932357000,24519.0
1625932387000,24519.0
1625932417000,24519.0
1625932447000,24519.0
1625932477000,24519.0
1625932507000,24519.0
1625932537000,24519.0
1625932567000,24519.0
1625932597000,24519.0
1625932627000,24519.0
1625932657000,24519.0
1625932687000,24519.0
1625932717000,24519.0
1625932747000,24519.0
1625932777000,24519.0
1625932807000,24519.0
1625932837000,24519.0
1625932867000,24519.0
1625932897000,24519.0
1625932927000,24519.0
1625932957000,24519.0
1625932987000,24519.0
1625933017000,24519.0
1625933047000,24519.0
1625933077000,24519.0
1625933107000,24519.0
1625933137000,24519.0
1625933167000,24519.0
1625933197000,24519.0
1625933227000,24519.0
1625933257000,24519.0
1625933287000,24519.0
1625933317000,24519.0
1625933347000,24519.0
1625933377000,24519.0
1625933407000,24519.0
1625933437000,24519.0
1625933467000,24519.0
1625933497000,24519.0
1625933527000,24519.0
1625933557000,24519.0
1625933587000,24519.0
1625933617000,24519.0
1625933647000,24519.0
1625933677000,24519.0
1625933707000,24519.0
1625933737000,24519.0
1625933767000,24519.0
1625933797000,24519.0
1625933827000,24519.0
1625933857000,24519.0
1625933887000,24519.0
1625933917000,24519.0
1625933947000,24519.0
1625933977000,24519.0
1625934007000,24519.0
1625934037000,24519.0
1625934067000,24519.0
1625934097000,24519.0
1625934127000,24519.0
1625934157000,24519.0
1625934187000,24519.0
1625934217000,24519.0
1625934247000,24519.0
1625934277000,24519.0
1625934307000,24519.0
1625934337000,24519.0
1625934367000,24519.0
1625934397000,24519.0
1625934427000,24519.0
1625934457000,24519.0
1625934487000,24519.0
1625934517000,24519.0
1625934547000,24519.0
1625934577000,24519.0
1625934607000,24519.0
1625934637000,24519.0
1625934667000,24519.0
1625934697000,24519.0
1625934727000,24519.0
1625934757000,24519.0
1625934787000,24519.0
1625934817000,24519.0
1625934847000,24519.0
1625934877000,24519.0
1625934907000,24519.0
1625934937000,24519.0
1625934967000,24519.0
1625934997000,24519.0
1625935027000,24519.0
1625935057000,24519.0
1625935087000,24519.0
1625935117000,24519.0
1625935147000,24519.0
1625935177000,24519.0
1625935207000,24519.0
1625935237000,24519.0
1625935267000,24519.0
1625935297000,24519.0
1625935327000,24519.0
1625935357000,24519.0
1625935387000,24519.0
1625935417000,24519.0
1625935447000,24519.0
1625935477000,24519.0
1625935507000,24519.0
1625935537000,24519.0
1625935567000,24519.0
1625935597000,24519.0
1625935627000,24519.0
1625935657000,24519.0
1625935687000,24519.0
1625935717000,24519.0
1625935747000,24519.0
1625935777000,24519.0
1625935807000,24519.0
1625935837000,24519.0
1625935867000,24519.0
1625935897000,24519.0
1625935927000,24519.0
1625935957000,24519.0
1625935987000,24519.0
1625936017000,24519.0
1625936047000,24519.0
1625936077000,24519.0
1625936107000,24519.0
1625936137000,24519.0
1625936167000,24519.0
1625936197000,24519.0
1625936227000,24519.0
1625936257000,24519.0
1625936287000,24519.0
1625936317000,24519.0
1625936347000,24519.0
1625936377000,24519.0
1625936407000,24519.0
1625936437000,24519.0
1625936467000,24519.0
1625936497000,24519.0
1625936527000,24519.0
1625936557000,24519.0
1625936587000,24519.0
1625936617000,24519.0
1625936647000,24519.0
1625936677000,24519.0
1625936707000,24519.0
1625936737000,24519.0
1625936767000,24519.0
1625936797000,24519.0
1625936827000,24519.0
1625936857000,24519.0
1625936887000,24519.0
1625936917000,24519.0
1625936947000,24519.0
1625936977000,24519.0
1625937007000,24519.0
1625937037000,24519.0
1625937067000,24519.0
1625937097000,24519.0
1625937127000,24519.0
1625937157000,24519.0
1625937187000,24519.0
1625937217000,24519.0
1625937247000,24519.0
1625937277000,24519.0
1625937307000,24519.0
1625937337000,24519.0
1625937367000,24519.0
1625937397000,24519.0
1625937427000,24519.0
1625937457000,24519.0
1625937487000,24519.0
1625937517000,24519.0
1625937547000,24519.0
1625937577000,24519.0
1625937607000,24519.0
1625937637000,24519.0
1625937667000,24519.0
1625937697000,24519.0
1625937727000,24519.0
1625937757000,24519.0
1625937787000,24519.0
1625937817000,24519.0
1625937847000,24519.0
1625937877000,24519.0
1625937907000,24519.0
1625937937000,24519.0
1625937967000,24519.0
1625937997000,24519.0
1625938027000,24519.0
1625938057000,24519.0
1625938087000,24519.0
1625938117000,24519.0
1625938147000,24519.0
1625938177000,24519.0
1625938207000,24519.0
1625938237000,24519.0
1625938267000,24519.0
1625938297000,24519.0
1625938327000,24519.0
1625938357000,24519.0
1625938387000,24519.0
1625938417000,24519.0
1625938447000,24519.0
1625938477000,24519.0
1625938507000,24519.0
1625938537000,24519.0
1625938567000,24519.0
1625938597000,24519.0
1625938627000,24519.0
1625938657000,24519.0
1625938687000,24519.0
1625938717000,24519.0
1625938747000,24519.0
1625938777000,24519.0
1625938807000,24519.0
1625938837000,24519.0
1625938867000,24519.0
1625938897000,24519.0
1625938927000,24519.0
1625938957000,24519.0
1625938987000,24519.0
1625939017000,24519.0
1625939047000,24519.0
1625939077000,24519.0
1625939107000,24519.0
1625939137000,24519.0
1625939167000,24519.0
1625939197000,24519.0
1625939227000,24519.0
1625939257000,24519.0
1625939287000,24519.0
1625939317000,24519.0
1625939347000,24519.0
1625939377000,24519.0
1625939407000,24519.0
1625939437000,24519.0
1625939467000,24519.0
1625939497000,24519.0
1625939527000,24519.0
1625939557000,24519.0
1625939587000,24519.0
1625939617000,24519.0
1625939647000,24519.0
1625939677000,24519.0
1625939707000,24519.0
1625939737000,24519.0
1625939767000,24519.0
1625939797000,24519.0
1625939827000,24519.0
1625939857000,24519.0
1625939887000,24519.0
1625939917000,24519.0
1625939947000,24519.0
1625939977000,24519.0
1625940007000,24519.0
1625940037000,24519.0
1625940067000,24519.0
1625940097000,24519.0
1625940127000,24519.0
1625940157000,24519.0
1625940187000,24519.0
1625940217000,24519.0
1625940247000,24519.0
1625940277000,24519.0
1625940307000,24519.0
1625940337000,24519.0
1625940367000,24519.0
1625940397000,24519.0
1625940427000,24519.0
1625940457000,24519.0
1625940487000,24519.0
1625940517000,24519.0
1625940547000,24519.0
1625940577000,24519.0
1625940607000,24519.0
1625940637000,24519.0
1625940667000,24519.0
1625940697000,24519.0
1625940727000,24519.0
1625940757000,24519.0
1625940787000,24519.0
1625940817000,24519.0
1625940847000,24519.0
1625940877000,24519.0
1625940907000,24519.0
1625940937000,24519.0
1625940967000,24519.0
1625940997000,24519.0
1625941027000,24519.0
1625941057000,24519.0
1625941087000,24519.0
1625941117000,24519.0
1625941147000,24519.0
1625941177000,24519.0
1625941207000,24519.0
1625941237000,24519.0
1625941267000,24519.0
1625941297000,24519.0
1625941327000,24519.0
1625941357000,24519.0
1625941387000,24519.0
1625941417000,24519.0
1625941447000,24519.0
1625941477000,24519.0
1625941507000,24519.0
1625941537000,24519.0
1625941567000,24519.0
1625941597000,24519.0
1625941627000,24519.0
1625941657000,24519.0
1625941687000,24519.0
1625941717000,24519.0
1625941747000,24519.0
1625941777000,24519.0
1625941807000,24519.0
1625941837000,24519.0
1625941867000,24519.0
1625941897000,24519.0
1625941927000,24519.0
1625941957000,24519.0
1625941987000,24519.0
1625942017000,24519.0
1625942047000,24519.0
1625942077000,24519.0
1625942107000,24519.0
1625942137000,24519.0
1625942167000,24519.0
1625942197000,24519.0
1625942227000,24519.0
1625942257000,24519.0
1625942287000,24519.0
1625942317000,24519.0
1625942347000,24519.0
1625942377000,24519.0
1625942407000,24519.0
1625942437000,24519.0
1625942467000,24519.0
1625942497000,24519.0
1625942527000,24519.0
1625942557000,24519.0
1625942587000,24519.0
1625942617000,24519.0
1625942647000,24519.0
1625942677000,24519.0
1625942707000,24519.0
1625942737000,24519.0
1625942767000,24519.0
1625942797000,24519.0
1625942827000,24519.0
1625942857000,24519.0
1625942887000,24519.0
1625942917000,24519.0
1625942947000,24519.0
1625942977000,24519.0
1625943007000,24519.0
1625943037000,24519.0
1625943067000,24519.0
1625943097000,24519.0
1625943127000,24519.0
1625943157000,24519.0
1625943187000,24519.0
1625943217000,24519.0
1625943247000,24519.0
1625943277000,24519.0
1625943307000,24519.0
1625943337000,24519.0
1625943367000,24519.0
1625943397000,24519.0
1625943427000,24519.0
1625943457000,24519.0
1625943487000,24519.0
1625943517000,24519.0
1625943547000,24519.0
1625943577000,24519.0
1625943607000,24519.0
1625943637000,24519.0
1625943667000,24519.0
1625943697000,24519.0
1625943727000,24519.0
1625943757000,24519.0
1625943787000,24519.0
1625943817000,24519.0
1625943847000,24519.0
1625943877000,24519.0
1625943907000,24519.0
1625943937000,24519.0
1625943967000,24519.0
1625943997000,24519.0
1625944027000,24519.0
1625944057000,24519.0
1625944087000,24519.0
1625944117000,24519.0
1625944147000,24519.0
1625944177000,24519.0
1625944207000,24519.0
1625944237000,24519.0
1625944267000,24519.0
1625944297000,24519.0
1625944327000,24519.0
1625944357000,24519.0
1625944387000,24519.0
1625944417000,24519.0
1625944447000,24519.0
1625944477000,24519.0
1625944507000,24519.0
1625944537000,24519.0
1625944567000,24519.0
1625944597000,24519.0
1625944627000,24519.0
1625944657000,24519.0
1625944687000,24519.0
1625944717000,24519.0
1625944747000,24519.0
1625944777000,24519.0
1625944807000,24519.0
1625944837000,24519.0
1625944867000,24519.0
1625944897000,24519.0
1625944927000,24519.0
1625944957000,24519.0
1625944987000,24519.0
1625945017000,24519.0
1625945047000,24519.0
1625945077000,24519.0
1625945107000,24519.0
1625945137000,24519.0
1625945167000,24519.0
1625945197000,24519.0
1625945227000,24519.0
1625945257000,24519.0
1625945287000,24519.0
1625945317000,24519.0
1625945347000,24519.0
1625945377000,24519.0
1625945407000,24519.0
1625945437000,24519.0
1625945467000,24519.0
1625945497000,24519.0
1625945527000,24519.0
1625945557000,24519.0
1625945587000,24519.0
1625945617000,24519.0
1625945647000,24519.0
1625945677000,24519.0
1625945707000,24519.0
1625945737000,24519.0
1625945767000,24519.0
1625945797000,24519.0
1625945827000,24519.0
1625945857000,24519.0
1625945887000,24519.0
1625945917000,24519.0
1625945947000,24519.0
1625945977000,24519.0
1625946007000,24519.0
1625946037000,24519.0
1625946067000,24519.0
1625946097000,24519.0
1625946127000,24519.0
1625946157000,24519.0
1625946187000,24519.0
1625946217000,24519.0
1625946247000,24519.0
1625946277000,24519.0
1625946307000,24519.0
1625946337000,24519.0
1625946367000,24519.0
1625946397000,24519.0
1625946427000,24519.0
1625946457000,24519.0
1625946487000,24519.0
1625946517000,24519.0
1625946547000,24519.0
1625946577000,24519.0
1625946607000,24519.0
1625946637000,24519.0
1625946667000,24519.0
1625946697000,24519.0
1625946727000,24519.0
1625946757000,24519.0
1625946787000,24519.0
1625946817000,24519.0
1625946847000,24519.0
1625946877000,24519.0
1625946907000,24519.0
1625946937000,24519.0
1625946967000,24519.0
1625946997000,24519.0
1625947027000,24519.0
1625947057000,24519.0
1625947087000,24519.0
1625947117000,24519.0
1625947147000,24519.0
1625947177000,24519.0
1625947207000,24519.0
1625947237000,24519.0
1625947267000,24519.0
1625947297000,24519.0
1625947327000,24519.0
1625947357000,24519.0
1625947387000,24519.0
1625947417000,24519.0
1625947447000,24519.0
1625947477000,24519.0
1625947507000,24519.0
1625947537000,24519.0
1625947567000,24519.0
1625947597000,24519.0
1625947627000,24519.0
1625947657000,24519.0
1625947687000,24519.0
1625947717000,24519.0
1625947747000,24519.0
1625947777000,24519.0
1625947807000,24519.0
1625947837000,24519.0
1625947867000,24519.0
1625947897000,24519.0
1625947927000,24519.0
1625947957000,24519.0
1625947987000,24519.0
1625948017000,24519.0
1625948047000,24519.0
1625948077000,24519.0
1625948107000,24519.0
1625948137000,24519.0
1625948167000,24519.0
1625948197000,24519.0
1625948227000,24519.0
1625948257000,24519.0
1625948287000,24519.0
1625948317000,24519.0
1625948347000,24519.0
1625948377000,24519.0
1625948407000,24519.0
1625948437000,24519.0
1625948467000,24519.0
1625948497000,24519.0
1625948527000,24519.0
1625948557000,24519.0
1625948587000,24519.0
1625948617000,24519.0
1625948647000,24519.0
1625948677000,24519.0
1625948707000,24519.0
1625948737000,24519.0
1625948767000,24519.0
1625948797000,24519.0
1625948827000,24519.0
1625948857000,24519.0
1625948887000,24519.0
1625948917000,24519.0
1625948947000,24519.0
1625948977000,24519.0
1625949007000,24519.0
1625949037000,24519.0
1625949067000,24519.0
1625949097000,24519.0
1625949127000,24519.0
1625949157000,24519.0
1625949187000,24519.0
1625949217000,24519.0
1625949247000,24519.0
1625949277000,24519.0
1625949307000,24519.0
1625949337000,24519.0
1625949367000,24519.0
1625949397000,24519.0
1625949427000,24519.0
1625949457000,24519.0
1625949487000,24519.0
1625949517000,24519.0
1625949547000,24519.0
1625949577000,24519.0
1625949607000,24519.0
1625949637000,24519.0
1625949667000,24519.0
1625949697000,24519.0
1625949727000,24519.0
1625949757000,24519.0
1625949787000,24519.0
1625949817000,24519.0
1625949847000,24519.0
1625949877000,24519.0
1625949907000,24519.0
1625949937000,24519.0
1625949967000,24519.0
1625949997000,24519.0
1625950027000,24519.0
1625950057000,24519.0
1625950087000,24519.0
1625950117000,24519.0
1625950147000,24519.0
1625950177000,24519.0
1625950207000,24519.0
1625950237000,24519.0
1625950267000,24519.0
1625950297000,24519.0
1625950327000,24519.0
1625950357000,24519.0
1625950387000,24519.0
1625950417000,24519.0
1625950447000,24519.0
1625950477000,24519.0
1625950507000,24519.0
1625950537000,24519.0
1625950567000,24519.0
1625950597000,24519.0
1625950627000,24519.0
1625950657000,24519.0
1625950687000,24519.0
1625950717000,24519.0
1625950747000,24519.0
1625950777000,24519.0
1625950807000,24519.0
1625950837000,24519.0
1625950867000,24519.0
1625950897000,24519.0
1625950927000,24519.0
1625950957000,24519.0
1625950987000,24519.0
1625951017000,24519.0
1625951047000,24519.0
1625951077000,24519.0
1625951107000,24519.0
1625951137000,24519.0
1625951167000,24519.0
1625951197000,24519.0
1625951227000,24519.0
1625951257000,24519.0
1625951287000,24519.0
1625951317000,24519.0
1625951347000,24519.0
1625951377000,24519.0
1625951407000,24519.0
1625951437000,24519.0
1625951467000,24519.0
1625951497000,24519.0
1625951527000,24519.0
1625951557000,24519.0
1625951587000,24519.0
1625951617000,24519.0
1625951647000,24519.0
1625951677000,24519.0
1625951707000,24519.0
1625951737000,24519.0
1625951767000,24519.0
1625951797000,24519.0
1625951827000,24519.0
1625951857000,24519.0
1625951887000,24519.0
1625951917000,24519.0
1625951947000,24519.0
1625951977000,24519.0
1625952007000,24519.0
1625952037000,24519.0
1625952067000,24519.0
1625952097000,24519.0
1625952127000,24519.0
1625952157000,24519.0
1625952187000,24519.0
1625952217000,24519.0
1625952247000,24519.0
1625952277000,24519.0
1625952307000,24519.0
1625952337000,24519.0
1625952367000,24519.0
1625952397000,24519.0
1625952427000,24519.0
1625952457000,24519.0
1625952487000,24519.0
1625952517000,24519.0
1625952547000,24519.0
1625952577000,24519.0
1625952607000,24519.0
1625952637000,24519.0
1625952667000,24519.0
1625952697000,24519.0
1625952727000,24519.0
1625952757000,24519.0
1625952787000,24519.0
1625952817000,24519.0
1625952847000,24519.0
1625952877000,24519.0
1625952907000,24519.0
1625952937000,24519.0
1625952967000,24519.0
1625952997000,24519.0
1625953027000,24519.0
1625953057000,24519.0
1625953087000,24519.0
1625953117000,24519.0
1625953147000,24519.0
1625953177000,24519.0
1625953207000,24519.0
1625953237000,24519.0
1625953267000,24519.0
1625953297000,24519.0
1625953327000,24519.0
1625953357000,24519.0
1625953387000,24519.0
1625953417000,24519.0
1625953447000,24519.0
1625953477000,24519.0
1625953507000,24519.0
1625953537000,24519.0
1625953567000,24519.0
1625953597000,24519.0
1625953627000,24519.0
1625953657000,24519.0
1625953687000,24519.0
1625953717000,24519.0
1625953747000,24519.0
1625953777000,24519.0
1625953807000,24519.0
1625953837000,24519.0
1625953867000,24519.0
1625953897000,24519.0
1625953927000,24519.0
1625953957000,24519.0
1625953987000,24519.0
1625954017000,24519.0
1625954047000,24519.0
1625954077000,24519.0
1625954107000,24519.0
1625954137000,24519.0
1625954167000,24519.0
1625954197000,24519.0
1625954227000,24519.0
1625954257000,24519.0
1625954287000,24519.0
1625954317000,24519.0
1625954347000,24519.0
1625954377000,24519.0
1625954407000,24519.0
1625954437000,24519.0
1625954467000,24519.0
1625954497000,24519.0
1625954527000,24519.0
1625954557000,24519.0
1625954587000,24519.0
1625954617000,24519.0
1625954647000,24519.0
1625954677000,24519.0
1625954707000,24519.0
1625954737000,24519.0
1625954767000,24519.0
1625954797000,24519.0
1625954827000,24519.0
1625954857000,24519.0
1625954887000,24519.0
1625954917000,24519.0
1625954947000,24519.0
1625954977000,24519.0
1625955007000,24519.0
1625955037000,24519.0
1625955067000,24519.0
1625955097000,24519.0
1625955127000,24519.0
1625955157000,24519.0
1625955187000,24519.0
1625955217000,24519.0
1625955247000,24519.0
1625955277000,24519.0
1625955307000,24519.0
1625955337000,24519.0
1625955367000,24519.0
1625955397000,24519.0
1625955427000,24519.0
1625955457000,24519.0
1625955487000,24519.0
1625955517000,24519.0
1625955547000,24519.0
1625955577000,24519.0
1625955607000,24519.0
1625955637000,24519.0
1625955667000,24519.0
1625955697000,24519.0
1625955727000,24519.0
1625955757000,24519.0
1625955787000,24519.0
1625955817000,24519.0
1625955847000,24519.0
1625955877000,24519.0
1625955907000,24519.0
1625955937000,24519.0
1625955967000,24519.0
1625955997000,24519.0
1625956027000,24519.0
1625956057000,24519.0
1625956087000,24519.0
1625956117000,24519.0
1625956147000,24519.0
1625956177000,24519.0
1625956207000,24519.0
1625956237000,24519.0
1625956267000,24519.0
1625956297000,24519.0
1625956327000,24519.0
1625956357000,24519.0
1625956387000,24519.0
1625956417000,24519.0
1625956447000,24519.0
1625956477000,24519.0
1625956507000,24519.0
1625956537000,24519.0
1625956567000,24519.0
1625956597000,24519.0
1625956627000,24519.0
1625956657000,24519.0
1625956687000,24519.0
1625956717000,24519.0
1625956747000,24519.0
1625956777000,24519.0
1625956807000,24519.0
1625956837000,24519.0
1625956867000,24519.0
1625956897000,24519.0
1625956927000,24519.0
1625956957000,24519.0
1625956987000,24519.0
1625957017000,24519.0
1625957047000,24519.0
1625957077000,24519.0
1625957107000,24519.0
1625957137000,24519.0
1625957167000,24519.0
1625957197000,24519.0
1625957227000,24519.0
1625957257000,24519.0
1625957287000,24519.0
1625957317000,24519.0
1625957347000,24519.0
1625957377000,24519.0
1625957407000,24519.0
1625957437000,24519.0
1625957467000,24519.0
1625957497000,24519.0
1625957527000,24519.0
1625957557000,24519.0
1625957587000,24519.0
1625957617000,24519.0
1625957647000,24519.0
1625957677000,24519.0
1625957707000,24519.0
1625957737000,24519.0
1625957767000,24519.0
1625957797000,24519.0
1625957827000,24519.0
1625957857000,24519.0
1625957887000,24519.0
1625957917000,24519.0
1625957947000,24519.0
1625957977000,24519.0
1625958007000,24519.0
1625958037000,24519.0
1625958067000,24519.0
1625958097000,24519.0
1625958127000,24519.0
1625958157000,24519.0
1625958187000,24519.0
1625958217000,24519.0
1625958247000,24519.0
1625958277000,24519.0
1625958307000,24519.0
1625958337000,24519.0
1625958367000,24519.0
1625958397000,24519.0
1625958427000,24519.0
1625958457000,24519.0
1625958487000,24519.0
1625958517000,24519.0
1625958547000,24519.0
1625958577000,24519.0
1625958607000,24519.0
1625958637000,24519.0
1625958667000,24519.0
1625958697000,24519.0
1625958727000,24519.0
1625958757000,24519.0
1625958787000,24519.0
1625958817000,24519.0
1625958847000,24519.0
1625958877000,24519.0
1625958907000,24519.0
1625958937000,24519.0
1625958967000,24519.0
1625958997000,24519.0
1625959027000,24519.0
1625959057000,24519.0
1625959087000,24519.0
1625959117000,24519.0
1625959147000,24519.0
1625959177000,24519.0
1625959207000,24519.0
1625959237000,24519.0
1625959267000,24519.0
1625959297000,24519.0
1625959327000,24519.0
1625959357000,24519.0
1625959387000,24519.0
1625959417000,24519.0
1625959447000,24519.0
1625959477000,24519.0
1625959507000,24519.0
1625959537000,24519.0
1625959567000,24519.0
1625959597000,24519.0
1625959627000,24519.0
1625959657000,24519.0
1625959687000,24519.0
1625959717000,24519.0
1625959747000,24519.0
1625959777000,24519.0
1625959807000,24519.0
1625959837000,24519.0
1625959867000,24519.0
1625959897000,24519.0
1625959927000,24519.0
1625959957000,24519.0
1625959987000,24519.0
1625960017000,24519.0
1625960047000,24519.0
1625960077000,24519.0
1625960107000,24519.0
1625960137000,24519.0
1625960167000,24519.0
1625960197000,24519.0
1625960227000,24519.0
1625960257000,24519.0
1625960287000,24519.0
1625960317000,24519.0
1625960347000,24519.0
1625960377000,24519.0
1625960407000,24519.0
1625960437000,24519.0
1625960467000,24519.0
1625960497000,24519.0
1625960527000,24519.0
1625960557000,24519.0
1625960587000,24519.0
1625960617000,24519.0
1625960647000,24519.0
1625960677000,24519.0
1625960707000,24519.0
1625960737000,24519.0
1625960767000,24519.0
1625960797000,24519.0
1625960827000,24519.0
1625960857000,24519.0
1625960887000,24519.0
1625960917000,24519.0
1625960947000,24519.0
1625960977000,24519.0
1625961007000,24519.0
1625961037000,24519.0
1625961067000,24519.0
1625961097000,24519.0
1625961127000,24519.0
1625961157000,24519.0
1625961187000,24519.0
1625961217000,24519.0
1625961247000,24519.0
1625961277000,24519.0
1625961307000,24519.0
1625961337000,24519.0
1625961367000,24519.0
1625961397000,24519.0
1625961427000,24519.0
1625961457000,24519.0
1625961487000,24519.0
1625961517000,24519.0
1625961547000,24519.0
1625961577000,24519.0
1625961607000,24519.0
1625961637000,24519.0
1625961667000,24519.0
1625961697000,24519.0
1625961727000,24519.0
1625961757000,24519.0
1625961787000,24519.0
1625961817000,24519.0
1625961847000,24519.0
1625961877000,24519.0
1625961907000,24519.0
1625961937000,24519.0
1625961967000,24519.0
1625961997000,24519.0
1625962027000,24519.0
1625962057000,24519.0
1625962087000,24519.0
1625962117000,24519.0
1625962147000,24519.0
1625962177000,24519.0
1625962207000,24519.0
1625962237000,24519.0
1625962267000,24519.0
1625962297000,24519.0
1625962327000,24519.0
1625962357000,24519.0
1625962387000,24519.0
1625962417000,24519.0
1625962447000,24519.0
1625962477000,24519.0
1625962507000,24519.0
1625962537000,24519.0
1625962567000,24519.0
1625962597000,24519.0
1625962627000,24519.0
1625962657000,24519.0
1625962687000,24519.0
1625962717000,24519.0
1625962747000,24519.0
1625962777000,24519.0
1625962807000,24519.0
1625962837000,24519.0
1625962867000,24519.0
1625962897000,24519.0
1625962927000,24519.0
1625962957000,24519.0
1625962987000,24519.0
1625963017000,24519.0
1625963047000,24519.0
1625963077000,24519.0
1625963107000,24519.0
1625963137000,24519.0
1625963167000,24519.0
1625963197000,24519.0
1625963227000,24519.0
1625963257000,24519.0
1625963287000,24519.0
1625963317000,24519.0
1625963347000,24519.0
1625963377000,24519.0
1625963407000,24519.0
1625963437000,24519.0
1625963467000,24519.0
1625963497000,24519.0
1625963527000,24519.0
1625963557000,24519.0
1625963587000,24519.0
1625963617000,24519.0
1625963647000,24519.0
1625963677000,24519.0
1625963707000,24519.0
1625963737000,24519.0
1625963767000,24519.0
1625963797000,24519.0
1625963827000,24519.0
1625963857000,24519.0
1625963887000,24519.0
1625963917000,24519.0
1625963947000,24519.0
1625963977000,24519.0
1625964007000,24519.0
1625964037000,24519.0
1625964067000,24519.0
1625964097000,24519.0
1625964127000,24519.0
1625964157000,24519.0
1625964187000,24519.0
1625964217000,24519.0
1625964247000,24519.0
1625964277000,24519.0
1625964307000,24519.0
1625964337000,24519.0
1625964367000,24519.0
1625964397000,24519.0
1625964427000,24519.0
1625964457000,24519.0
1625964487000,24519.0
1625964517000,24519.0
1625964547000,24519.0
1625964577000,24519.0
1625964607000,24519.0
1625964637000,24519.0
1625964667000,24519.0
1625964697000,24519.0
1625964727000,24519.0
1625964757000,24519.0
1625964787000,24519.0
1625964817000,24519.0
1625964847000,24519.0
1625964877000,24519.0
1625964907000,24519.0
1625964937000,24519.0
1625964967000,24519.0
1625964997000,24519.0
1625965027000,24519.0
1625965057000,24519.0
1625965087000,24519.0
1625965117000,24519.0
1625965147000,24519.0
1625965177000,24519.0
1625965207000,24519.0
1625965237000,24519.0
1625965267000,24519.0
1625965297000,24519.0
1625965327000,24519.0
1625965357000,24519.0
1625965387000,24519.0
1625965417000,24519.0
1625965447000,24519.0
1625965477000,24519.0
1625965507000,24519.0
1625965537000,24519.0
1625965567000,24519.0
1625965597000,24519.0
1625965627000,24519.0
1625965657000,24519.0
1625965687000,24519.0
1625965717000,24519.0
1625965747000,24519.0
1625965777000,24519.0
1625965807000,24519.0
1625965837000,24519.0
1625965867000,24519.0
1625965897000,24519.0
1625965927000,24519.0
1625965957000,24519.0
1625965987000,24519.0
1625966017000,24519.0
1625966047000,24519.0
1625966077000,24519.0
1625966107000,24519.0
1625966137000,24519.0
1625966167000,24519.0
1625966197000,24519.0
1625966227000,24519.0
1625966257000,24519.0
1625966287000,24519.0
1625966317000,24519.0
1625966347000,24519.0
1625966377000,24519.0
1625966407000,24519.0
1625966437000,24519.0
1625966467000,24519.0
1625966497000,24519.0
1625966527000,24519.0
1625966557000,24519.0
1625966587000,24519.0
1625966617000,24519.0
1625966647000,24519.0
1625966677000,24519.0
1625966707000,24519.0
1625966737000,24519.0
1625966767000,24519.0
1625966797000,24519.0
1625966827000,24519.0
1625966857000,24519.0
1625966887000,24519.0
1625966917000,24519.0
1625966947000,24519.0
1625966977000,24519.0
1625967007000,24519.0
1625967037000,24519.0
1625967067000,24519.0
1625967097000,24519.0
1625967127000,24519.0
1625967157000,24519.0
1625967187000,24519.0
1625967217000,24519.0
1625967247000,24519.0
1625967277000,24519.0
1625967307000,24519.0
1625967337000,24519.0
1625967367000,24519.0
1625967397000,24519.0
1625967427000,24519.0
1625967457000,24519.0
1625967487000,24519.0
1625967517000,24519.0
1625967547000,24519.0
1625967577000,24519.0
1625967607000,24519.0
1625967637000,24519.0
1625967667000,24519.0
1625967697000,24519.0
1625967727000,24519.0
1625967757000,24519.0
1625967787000,24519.0
1625967817000,24519.0
1625967847000,24519.0
1625967877000,24519.0
1625967907000,24519.0
1625967937000,24519.0
1625967967000,24519.0
1625967997000,24519.0
1625968027000,24519.0
1625968057000,24519.0
1625968087000,24519.0
1625968117000,24519.0
1625968147000,24519.0
1625968177000,24519.0
1625968207000,24519.0
1625968237000,24519.0
1625968267000,24519.0
1625968297000,24519.0
1625968327000,24519.0
1625968357000,24519.0
1625968387000,24519.0
1625968417000,24519.0
1625968447000,24519.0
1625968477000,24519.0
1625968507000,24519.0
1625968537000,24519.0
1625968567000,24519.0
1625968597000,24519.0
1625968627000,24519.0
1625968657000,24519.0
1625968687000,24519.0
1625968717000,24519.0
1625968747000,24519.0
1625968777000,24519.0
1625968807000,24519.0
1625968837000,24519.0
1625968867000,24519.0
1625968897000,24519.0
1625968927000,24519.0
1625968957000,24519.0
1625968987000,24519.0
1625969017000,24519.0
1625969047000,24519.0
1625969077000,24519.0
1625969107000,24519.0
1625969137000,24519.0
1625969167000,24519.0
1625969197000,24519.0
1625969227000,24519.0
1625969257000,24519.0
1625969287000,24519.0
1625969317000,24519.0
1625969347000,24519.0
1625969377000,24519.0
1625969407000,24519.0
1625969437000,24519.0
1625969467000,24519.0
1625969497000,24519.0
1625969527000,24519.0
1625969557000,24519.0
1625969587000,24519.0
1625969617000,24519.0
1625969647000,24519.0
1625969677000,24519.0
1625969707000,24519.0
1625969737000,24519.0
1625969767000,24519.0
1625969797000,24519.0
1625969827000,24519.0
1625969857000,24519.0
1625969887000,24519.0
1625969917000,24519.0
1625969947000,24519.0
1625969977000,24519.0
1625970007000,24519.0
1625970037000,24519.0
1625970067000,24519.0
1625970097000,24519.0
1625970127000,24519.0
1625970157000,24519.0
1625970187000,24519.0
1625970217000,24519.0
1625970247000,24519.0
1625970277000,24519.0
1625970307000,24519.0
1625970337000,24519.0
1625970367000,24519.0
1625970397000,24519.0
1625970427000,24519.0
1625970457000,24519.0
1625970487000,24519.0
1625970517000,24519.0
1625970547000,24519.0
1625970577000,24519.0
1625970607000,24519.0
1625970637000,24519.0
1625970667000,24519.0
1625970697000,24519.0
1625970727000,24519.0
1625970757000,24519.0
1625970787000,24519.0
1625970817000,24519.0
1625970847000,24519.0
1625970877000,24519.0
1625970907000,24519.0
1625970937000,24519.0
1625970967000,24519.0
1625970997000,24519.0
1625971027000,24519.0
1625971057000,24519.0
1625971087000,24519.0
1625971117000,24519.0
1625971147000,24519.0
1625971177000,24519.0
1625971207000,24519.0
1625971237000,24519.0
1625971267000,24519.0
1625971297000,24519.0
1625971327000,24519.0
1625971357000,24519.0
1625971387000,24519.0
1625971417000,24519.0
1625971447000,24519.0
1625971477000,24519.0
1625971507000,24519.0
1625971537000,24519.0
1625971567000,24519.0
1625971597000,24519.0
1625971627000,24519.0
1625971657000,24519.0
1625971687000,24519.0
1625971717000,24519.0
1625971747000,24519.0
1625971777000,24519.0
1625971807000,24519.0
1625971837000,24519.0
1625971867000,24519.0
1625971897000,24519.0
1625971927000,24519.0
1625971957000,24519.0
1625971987000,24519.0
1625972017000,24519.0
1625972047000,24519.0
1625972077000,24519.0
1625972107000,24519.0
1625972137000,24519.0
1625972167000,24519.0
1625972197000,24519.0
1625972227000,24519.0
1625972257000,24519.0
1625972287000,24519.0
1625972317000,24519.0
1625972347000,24519.0
1625972377000,24519.0
1625972407000,24519.0
1625972437000,24519.0
1625972467000,24519.0
1625972497000,24519.0
1625972527000,24519.0
1625972557000,24519.0
1625972587000,24519.0
1625972617000,24519.0
1625972647000,24519.0
1625972677000,24519.0
1625972707000,24519.0
1625972737000,24519.0
1625972767000,24519.0
1625972797000,24519.0
1625972827000,24519.0
1625972857000,24519.0
1625972887000,24519.0
1625972917000,24519.0
1625972947000,24519.0
1625972977000,24519.0
1625973007000,24519.0
1625973037000,24519.0
1625973067000,24519.0
1625973097000,24519.0
1625973127000,24519.0
1625973157000,24519.0
1625973187000,24519.0
1625973217000,24519.0
1625973247000,24519.0
1625973277000,24519.0
1625973307000,24519.0
1625973337000,24519.0
1625973367000,24519.0
1625973397000,24519.0
1625973427000,24519.0
1625973457000,24519.0
1625973487000,24519.0
1625973517000,24519.0
1625973547000,24519.0
1625973577000,24519.0
1625973607000,24519.0
1625973637000,24519.0
1625973667000,25179.0
1625973697000,25179.0
1625973727000,25179.0
1625973757000,25179.0
1625973787000,25179.0
1625973817000,25179.0
1625973847000,25179.0
1625973877000,25179.0
1625973907000,25179.0
1625973937000,25179.0
1625973967000,25179.0
1625973997000,25179.0
1625974027000,25179.0
1625974057000,25179.0
1625974087000,25179.0
1625974117000,25179.0
1625974147000,25179.0
1625974177000,25179.0
1625974207000,25179.0
1625974237000,25179.0
1625974267000,25179.0
1625974297000,25179.0
1625974327000,25509.0
1625974357000,25509.0
1625974387000,25509.0
1625974417000,25509.0
1625974447000,25509.0
1625974477000,25509.0
1625974507000,25509.0
1625974537000,25509.0
1625974567000,25509.0
1625974597000,25509.0
1625974627000,25509.0
1625974657000,25509.0
1625974687000,25509.0
1625974717000,25509.0
1625974747000,25509.0
1625974777000,25509.0
1625974807000,25509.0
1625974837000,25509.0
1625974867000,25509.0
1625974897000,25509.0
1625974927000,25509.0
1625974957000,25509.0
1625974987000,25509.0
1625975017000,25509.0
1625975047000,25509.0
1625975077000,25509.0
1625975107000,25509.0
1625975137000,25509.0
1625975167000,25509.0
1625975197000,25509.0
1625975227000,25509.0
1625975257000,25509.0
1625975287000,25509.0
1625975317000,25509.0
1625975347000,25509.0
1625975377000,25509.0
1625975407000,25509.0
1625975437000,25509.0
1625975467000,25509.0
1625975497000,25509.0
1625975527000,25509.0
1625975557000,25509.0
1625975587000,25509.0
1625975617000,25509.0
1625975647000,25509.0
1625975677000,25509.0
1625975707000,25509.0
1625975737000,25509.0
1625975767000,25509.0
1625975797000,25509.0
1625975827000,25509.0
1625975857000,25509.0
1625975887000,25509.0
1625975917000,25509.0
1625975947000,25509.0
1625975977000,25509.0
1625976007000,25509.0
1625976037000,25509.0
1625976067000,25509.0
1625976097000,25509.0
1625976127000,25509.0
1625976157000,25509.0
1625976187000,25509.0
1625976217000,25509.0
1625976247000,25509.0
1625976277000,25509.0
1625976307000,25509.0
1625976337000,25509.0
1625976367000,25509.0
1625976397000,25509.0
1625976427000,25509.0
1625976457000,25509.0
1625976487000,25509.0
1625976517000,25509.0
1625976547000,25509.0
1625976577000,25509.0
1625976607000,25509.0
1625976637000,25509.0
1625976667000,25509.0
1625976697000,25509.0
1625976727000,25509.0
1625976757000,25509.0
1625976787000,25509.0
1625976817000,25509.0
1625976847000,25509.0
1625976877000,25509.0
1625976907000,25509.0
1625976937000,25509.0
1625976967000,25509.0
1625976997000,25509.0
1625977027000,25509.0
1625977057000,25509.0
1625977087000,25509.0
1625977117000,25509.0
1625977147000,25509.0
1625977177000,25509.0
1625977207000,25509.0
1625977237000,25509.0
1625977267000,25509.0
1625977297000,25509.0
1625977327000,25509.0
1625977357000,25509.0
1625977387000,25509.0
1625977417000,25509.0
1625977447000,25509.0
1625977477000,25509.0
1625977507000,25509.0
1625977537000,25509.0
1625977567000,25509.0
1625977597000,25509.0
1625977627000,25509.0
1625977657000,25509.0
1625977687000,25509.0
1625977717000,25509.0
1625977747000,25509.0
1625977777000,25509.0
1625977807000,25509.0
1625977837000,25509.0
1625977867000,25509.0
1625977897000,25509.0
1625977927000,25509.0
1625977957000,25509.0
1625977987000,25509.0
1625978017000,25509.0
1625978047000,25509.0
1625978077000,25509.0
1625978107000,25509.0
1625978137000,25509.0
1625978167000,25509.0
1625978197000,25509.0
1625978227000,25509.0
1625978257000,25509.0
1625978287000,25509.0
1625978317000,25509.0
1625978347000,25509.0
1625978377000,25509.0
1625978407000,25509.0
1625978437000,25509.0
1625978467000,25509.0
1625978497000,25509.0
1625978527000,25509.0
1625978557000,25509.0
1625978587000,25509.0
1625978617000,25509.0
1625978647000,25509.0
1625978677000,25509.0
1625978707000,25509.0
1625978737000,25509.0
1625978767000,25509.0
1625978797000,25509.0
1625978827000,25509.0
1625978857000,25509.0
1625978887000,25509.0
1625978917000,25509.0
1625978947000,25509.0
1625978977000,25509.0
1625979007000,25509.0
1625979037000,25509.0
1625979067000,25509.0
1625979097000,25509.0
1625979127000,25509.0
1625979157000,25509.0
1625979187000,25509.0
1625979217000,25509.0
1625979247000,25509.0
1625979277000,25509.0
1625979307000,25509.0
1625979337000,25509.0
1625979367000,25509.0
1625979397000,25509.0
1625979427000,25509.0
1625979457000,25509.0
1625979487000,25509.0
1625979517000,25509.0
1625979547000,25509.0
1625979577000,25509.0
1625979607000,25509.0
1625979637000,25509.0
1625979667000,25509.0
1625979697000,25509.0
1625979727000,25509.0
1625979757000,25509.0
1625979787000,25509.0
1625979817000,25509.0
1625979847000,25509.0
1625979877000,25509.0
1625979907000,25509.0
1625979937000,25509.0
1625979967000,25509.0
1625979997000,25509.0
1625980027000,25509.0
1625980057000,25509.0
1625980087000,25509.0
1625980117000,25509.0
1625980147000,25509.0
1625980177000,25509.0
1625980207000,25509.0
1625980237000,25509.0
1625980267000,25509.0
1625980297000,25509.0
1625980327000,25509.0
1625980357000,25509.0
1625980387000,25509.0
1625980417000,25509.0
1625980447000,25509.0
1625980477000,25509.0
1625980507000,25509.0
1625980537000,25509.0
1625980567000,25509.0
1625980597000,25509.0
1625980627000,25509.0
1625980657000,25509.0
1625980687000,25509.0
1625980717000,25509.0
1625980747000,25509.0
1625980777000,25509.0
1625980807000,25509.0
1625980837000,25509.0
1625980867000,25509.0
1625980897000,25509.0
1625980927000,25509.0
1625980957000,25509.0
1625980987000,25509.0
1625981017000,25509.0
1625981047000,25509.0
1625981077000,25509.0
1625981107000,25509.0
1625981137000,25509.0
1625981167000,25509.0
1625981197000,25509.0
1625981227000,25509.0
1625981257000,25509.0
1625981287000,25509.0
1625981317000,25509.0
1625981347000,25509.0
1625981377000,25509.0
1625981407000,25509.0
1625981437000,25509.0
1625981467000,25509.0
1625981497000,25509.0
1625981527000,25509.0
1625981557000,25509.0
1625981587000,25509.0
1625981617000,25509.0
1625981647000,25509.0
1625981677000,25509.0
1625981707000,25509.0
1625981737000,25509.0
1625981767000,25509.0
1625981797000,25509.0
1625981827000,25509.0
1625981857000,25509.0
1625981887000,25509.0
1625981917000,25509.0
1625981947000,25509.0
1625981977000,25509.0
1625982007000,25509.0
1625982037000,25509.0
1625982067000,25509.0
1625982097000,25509.0
1625982127000,25509.0
1625982157000,25509.0
1625982187000,25509.0
1625982217000,25509.0
1625982247000,25509.0
1625982277000,25509.0
1625982307000,25509.0
1625982337000,25509.0
1625982367000,25509.0
1625982397000,25509.0
1625982427000,25509.0
1625982457000,25509.0
1625982487000,25509.0
1625982517000,25509.0
1625982547000,25509.0
1625982577000,25509.0
1625982607000,25509.0
1625982637000,25509.0
1625982667000,25509.0
1625982697000,25509.0
1625982727000,25509.0
1625982757000,25509.0
1625982787000,25509.0
1625982817000,25509.0
1625982847000,25509.0
1625982877000,25509.0
1625982907000,25509.0
1625982937000,25509.0
1625982967000,25509.0
1625982997000,25509.0
1625983027000,25509.0
1625983057000,25509.0
1625983087000,25509.0
1625983117000,25509.0
1625983147000,25509.0
1625983177000,25509.0
1625983207000,25509.0
1625983237000,25509.0
1625983267000,25509.0
1625983297000,25509.0
1625983327000,25509.0
1625983357000,25509.0
1625983387000,25509.0
1625983417000,25509.0
1625983447000,25509.0
1625983477000,25509.0
1625983507000,25509.0
1625983537000,25509.0
1625983567000,25509.0
1625983597000,25509.0
1625983627000,25509.0
1625983657000,25509.0
1625983687000,25509.0
1625983717000,25509.0
1625983747000,25509.0
1625983777000,25509.0
1625983807000,25509.0
1625983837000,25509.0
1625983867000,25509.0
1625983897000,25509.0
1625983927000,25509.0
1625983957000,25509.0
1625983987000,25509.0
1625984017000,25509.0
1625984047000,25509.0
1625984077000,25509.0
1625984107000,25509.0
1625984137000,25509.0
1625984167000,25509.0
1625984197000,25509.0
1625984227000,25509.0
1625984257000,25509.0
1625984287000,25509.0
1625984317000,25509.0
1625984347000,25509.0
1625984377000,25509.0
1625984407000,25509.0
1625984437000,25509.0
1625984467000,25509.0
1625984497000,25509.0
1625984527000,25509.0
1625984557000,25509.0
1625984587000,25509.0
1625984617000,25509.0
1625984647000,25509.0
1625984677000,25509.0
1625984707000,25509.0
1625984737000,25509.0
1625984767000,25509.0
1625984797000,25509.0
1625984827000,25509.0
1625984857000,25509.0
1625984887000,25509.0
1625984917000,25509.0
1625984947000,25509.0
1625984977000,25509.0
1625985007000,25509.0
1625985037000,25509.0
1625985067000,25509.0
1625985097000,25509.0
1625985127000,25509.0
1625985157000,25509.0
1625985187000,25509.0
1625985217000,25509.0
1625985247000,25509.0
1625985277000,25509.0
1625985307000,25509.0
1625985337000,25509.0
1625985367000,25509.0
1625985397000,25509.0
1625985427000,25509.0
1625985457000,25509.0
1625985487000,25509.0
1625985517000,25509.0
1625985547000,25509.0
1625985577000,25509.0
1625985607000,25509.0
1625985637000,25509.0
1625985667000,25509.0
1625985697000,25509.0
1625985727000,25509.0
1625985757000,25509.0
1625985787000,25509.0
1625985817000,25509.0
1625985847000,25509.0
1625985877000,25509.0
1625985907000,25509.0
1625985937000,25509.0
1625985967000,25509.0
1625985997000,25509.0
1625986027000,25509.0
1625986057000,25509.0
1625986087000,25509.0
1625986117000,25509.0
1625986147000,25509.0
1625986177000,25509.0
1625986207000,25509.0
1625986237000,25509.0
1625986267000,25509.0
1625986297000,25509.0
1625986327000,25509.0
1625986357000,25509.0
1625986387000,25509.0
1625986417000,25509.0
1625986447000,25509.0
1625986477000,25509.0
1625986507000,25509.0
1625986537000,25509.0
1625986567000,25509.0
1625986597000,25509.0
1625986627000,25509.0
1625986657000,25509.0
1625986687000,25509.0
1625986717000,25509.0
1625986747000,25509.0
1625986777000,25509.0
1625986807000,25509.0
1625986837000,25509.0
1625986867000,25509.0
1625986897000,25509.0
1625986927000,25509.0
1625986957000,25509.0
1625986987000,25509.0
1625987017000,25509.0
1625987047000,25509.0
1625987077000,25509.0
1625987107000,25509.0
1625987137000,25509.0
1625987167000,25509.0
1625987197000,25509.0
1625987227000,25509.0
1625987257000,25509.0
1625987287000,25509.0
1625987317000,25509.0
1625987347000,25509.0
1625987377000,25509.0
1625987407000,25509.0
1625987437000,25509.0
1625987467000,25509.0
1625987497000,25509.0
1625987527000,25509.0
1625987557000,25509.0
1625987587000,25509.0
1625987617000,25509.0
1625987647000,25509.0
1625987677000,25509.0
1625987707000,25509.0
1625987737000,25509.0
1625987767000,25509.0
1625987797000,25509.0
1625987827000,25509.0
1625987857000,25509.0
1625987887000,25509.0
1625987917000,25509.0
1625987947000,25509.0
1625987977000,25509.0
1625988007000,25509.0
1625988037000,25509.0
1625988067000,25509.0
1625988097000,25509.0
1625988127000,25509.0
1625988157000,25509.0
1625988187000,25509.0
1625988217000,25509.0
1625988247000,25509.0
1625988277000,25509.0
1625988307000,25509.0
1625988337000,25509.0
1625988367000,25509.0
1625988397000,25509.0
1625988427000,25509.0
1625988457000,25509.0
1625988487000,25509.0
1625988517000,25509.0
1625988547000,25509.0
1625988577000,25509.0
1625988607000,25509.0
1625988637000,25509.0
1625988667000,25509.0
1625988697000,25509.0
1625988727000,25509.0
1625988757000,25509.0
1625988787000,25509.0
1625988817000,25509.0
1625988847000,25509.0
1625988877000,25509.0
1625988907000,25509.0
1625988937000,25509.0
1625988967000,25509.0
1625988997000,25509.0
1625989027000,25509.0
1625989057000,25509.0
1625989087000,25509.0
1625989117000,25509.0
1625989147000,25509.0
1625989177000,25509.0
1625989207000,25509.0
1625989237000,25509.0
1625989267000,25509.0
1625989297000,25509.0
1625989327000,25509.0
1625989357000,25509.0
1625989387000,25509.0
1625989417000,25509.0
1625989447000,25509.0
1625989477000,25509.0
1625989507000,25509.0
1625989537000,25509.0
1625989567000,25509.0
1625989597000,25509.0
1625989627000,25509.0
1625989657000,25509.0
1625989687000,25509.0
1625989717000,25509.0
1625989747000,25509.0
1625989777000,25509.0
1625989807000,25509.0
1625989837000,25509.0
1625989867000,25509.0
1625989897000,25509.0
1625989927000,25509.0
1625989957000,25509.0
1625989987000,25509.0
1625990017000,25509.0
1625990047000,25509.0
1625990077000,25509.0
1625990107000,25509.0
1625990137000,25509.0
1625990167000,25509.0
1625990197000,25509.0
1625990227000,25509.0
1625990257000,25509.0
1625990287000,25509.0
1625990317000,25509.0
1625990347000,25509.0
1625990377000,25509.0
1625990407000,25509.0
1625990437000,25509.0
1625990467000,25509.0
1625990497000,25509.0
1625990527000,25509.0
1625990557000,25509.0
1625990587000,25509.0
1625990617000,25509.0
1625990647000,25509.0
1625990677000,25509.0
1625990707000,25509.0
1625990737000,25509.0
1625990767000,25509.0
1625990797000,25509.0
1625990827000,25509.0
1625990857000,25509.0
1625990887000,25509.0
1625990917000,25509.0
1625990947000,25509.0
1625990977000,25509.0
1625991007000,25509.0
1625991037000,25509.0
1625991067000,25509.0
1625991097000,25509.0
1625991127000,25509.0
1625991157000,25509.0
1625991187000,25509.0
1625991217000,25509.0
1625991247000,25509.0
1625991277000,25509.0
1625991307000,25509.0
1625991337000,25509.0
1625991367000,25509.0
1625991397000,25509.0
1625991427000,25509.0
1625991457000,25509.0
1625991487000,25509.0
1625991517000,25509.0
1625991547000,25509.0
1625991577000,25509.0
1625991607000,25509.0
1625991637000,25509.0
1625991667000,25509.0
1625991697000,25509.0
1625991727000,25509.0
1625991757000,25509.0
1625991787000,25509.0
1625991817000,25509.0
1625991847000,25509.0
1625991877000,25509.0
1625991907000,25509.0
1625991937000,25509.0
1625991967000,25509.0
1625991997000,25509.0
1625992027000,25509.0
1625992057000,25509.0
1625992087000,25509.0
1625992117000,25509.0
1625992147000,25509.0
1625992177000,25509.0
1625992207000,25509.0
1625992237000,25509.0
1625992267000,25509.0
1625992297000,25509.0
1625992327000,25509.0
1625992357000,25509.0
1625992387000,25509.0
1625992417000,25509.0
1625992447000,25509.0
1625992477000,25509.0
1625992507000,25509.0
1625992537000,25509.0
1625992567000,25509.0
1625992597000,25509.0
1625992627000,25509.0
1625992657000,25509.0
1625992687000,25509.0
1625992717000,25509.0
1625992747000,25509.0
1625992777000,25509.0
1625992807000,25509.0
1625992837000,25509.0
1625992867000,25509.0
1625992897000,25509.0
1625992927000,25509.0
1625992957000,25509.0
1625992987000,25509.0
1625993017000,25509.0
1625993047000,25509.0
1625993077000,25509.0
1625993107000,25509.0
1625993137000,25509.0
1625993167000,25509.0
1625993197000,25509.0
1625993227000,25509.0
1625993257000,25509.0
1625993287000,25509.0
1625993317000,25509.0
1625993347000,25509.0
1625993377000,25509.0
1625993407000,25509.0
1625993437000,25509.0
1625993467000,25509.0
1625993497000,25509.0
1625993527000,25509.0
1625993557000,25509.0
1625993587000,25509.0
1625993617000,25509.0
1625993647000,25509.0
1625993677000,25509.0
1625993707000,25509.0
1625993737000,25509.0
1625993767000,25509.0
1625993797000,25509.0
1625993827000,25509.0
1625993857000,25509.0
1625993887000,25509.0
1625993917000,25509.0
1625993947000,25509.0
1625993977000,25509.0
1625994007000,25509.0
1625994037000,25509.0
1625994067000,25509.0
1625994097000,25509.0
1625994127000,25509.0
1625994157000,25509.0
1625994187000,25509.0
1625994217000,25509.0
1625994247000,25509.0
1625994277000,25509.0
1625994307000,25509.0
1625994337000,25509.0
1625994367000,25509.0
1625994397000,25509.0
1625994427000,25509.0
1625994457000,25509.0
1625994487000,25509.0
1625994517000,25509.0
1625994547000,25509.0
1625994577000,25509.0
1625994607000,25509.0
1625994637000,25509.0
1625994667000,25509.0
1625994697000,25509.0
1625994727000,25509.0
1625994757000,25509.0
1625994787000,25509.0
1625994817000,25509.0
1625994847000,25509.0
1625994877000,25509.0
1625994907000,25509.0
1625994937000,25509.0
1625994967000,25509.0
1625994997000,25509.0
1625995027000,25509.0
1625995057000,25509.0
1625995087000,25509.0
1625995117000,25509.0
1625995147000,25509.0
1625995177000,25509.0
1625995207000,25509.0
1625995237000,25509.0
1625995267000,25509.0
1625995297000,25509.0
1625995327000,25509.0
1625995357000,25509.0
1625995387000,25509.0
1625995417000,25509.0
1625995447000,25509.0
1625995477000,25509.0
1625995507000,25509.0
1625995537000,25509.0
1625995567000,25509.0
1625995597000,25509.0
1625995627000,25509.0
1625995657000,25509.0
1625995687000,25509.0
1625995717000,25509.0
1625995747000,25509.0
1625995777000,25509.0
1625995807000,25509.0
1625995837000,25509.0
1625995867000,25509.0
1625995897000,25509.0
1625995927000,25509.0
1625995957000,25509.0
1625995987000,25509.0
1625996017000,25509.0
1625996047000,25509.0
1625996077000,25509.0
1625996107000,25509.0
1625996137000,25509.0
1625996167000,25509.0
1625996197000,25509.0
1625996227000,25509.0
1625996257000,25509.0
1625996287000,25509.0
1625996317000,25509.0
1625996347000,25509.0
1625996377000,25509.0
1625996407000,25509.0
1625996437000,25509.0
1625996467000,25509.0
1625996497000,25509.0
1625996527000,25509.0
1625996557000,25509.0
1625996587000,25509.0
1625996617000,25509.0
1625996647000,25509.0
1625996677000,25509.0
1625996707000,25509.0
1625996737000,25509.0
1625996767000,25509.0
1625996797000,25509.0
1625996827000,25509.0
1625996857000,25509.0
1625996887000,25509.0
1625996917000,25509.0
1625996947000,25509.0
1625996977000,25509.0
1625997007000,25509.0
1625997037000,25509.0
1625997067000,25509.0
1625997097000,25509.0
1625997127000,25509.0
1625997157000,25509.0
1625997187000,25509.0
1625997217000,25509.0
1625997247000,25509.0
1625997277000,25509.0
1625997307000,25509.0
1625997337000,25509.0
1625997367000,25509.0
1625997397000,25509.0
1625997427000,25509.0
1625997457000,25509.0
1625997487000,25509.0
1625997517000,25509.0
1625997547000,25509.0
1625997577000,25509.0
1625997607000,25509.0
1625997637000,25509.0
1625997667000,25509.0
1625997697000,25509.0
1625997727000,25509.0
1625997757000,25509.0
1625997787000,25509.0
1625997817000,25509.0
1625997847000,25509.0
1625997877000,25509.0
1625997907000,25509.0
1625997937000,25509.0
1625997967000,25509.0
1625997997000,25509.0
1625998027000,25509.0
1625998057000,25509.0
1625998087000,25509.0
1625998117000,25509.0
1625998147000,25509.0
1625998177000,25509.0
1625998207000,25509.0
1625998237000,25509.0
1625998267000,25509.0
1625998297000,25509.0
1625998327000,25509.0
1625998357000,25509.0
1625998387000,25509.0
1625998417000,25509.0
1625998447000,25509.0
1625998477000,25509.0
1625998507000,25509.0
1625998537000,25509.0
1625998567000,25509.0
1625998597000,25509.0
1625998627000,25509.0
1625998657000,25509.0
1625998687000,25509.0
1625998717000,25509.0
1625998747000,25509.0
1625998777000,25509.0
1625998807000,25509.0
1625998837000,25509.0
1625998867000,25509.0
1625998897000,25509.0
1625998927000,25509.0
1625998957000,25509.0
1625998987000,25509.0
1625999017000,25509.0
1625999047000,25509.0
1625999077000,25509.0
1625999107000,25509.0
1625999137000,25509.0
1625999167000,25509.0
1625999197000,25509.0
1625999227000,25509.0
1625999257000,25509.0
1625999287000,25509.0
1625999317000,25509.0
1625999347000,25509.0
1625999377000,25509.0
1625999407000,25509.0
1625999437000,25509.0
1625999467000,25509.0
1625999497000,25509.0
1625999527000,25509.0
1625999557000,25509.0
1625999587000,25509.0
1625999617000,25509.0
1625999647000,25509.0
1625999677000,25509.0
1625999707000,25509.0
1625999737000,25509.0
1625999767000,25509.0
1625999797000,25509.0
1625999827000,25509.0
1625999857000,25509.0
1625999887000,25509.0
1625999917000,25509.0
1625999947000,25509.0
1625999977000,25509.0
1626000007000,25509.0
1626000037000,25509.0
1626000067000,25509.0
1626000097000,25509.0
1626000127000,25509.0
1626000157000,25509.0
1626000187000,25509.0
1626000217000,25509.0
1626000247000,25509.0
1626000277000,25509.0
1626000307000,25509.0
1626000337000,25509.0
1626000367000,25509.0
1626000397000,25509.0
1626000427000,25509.0
1626000457000,25509.0
1626000487000,25509.0
1626000517000,25509.0
1626000547000,25509.0
1626000577000,25509.0
1626000607000,25509.0
1626000637000,25509.0
1626000667000,25509.0
1626000697000,25509.0
1626000727000,25509.0
1626000757000,25509.0
1626000787000,25509.0
1626000817000,25509.0
1626000847000,25509.0
1626000877000,25509.0
1626000907000,25509.0
1626000937000,25509.0
1626000967000,25509.0
1626000997000,25509.0
1626001027000,25509.0
1626001057000,25509.0
1626001087000,25509.0
1626001117000,25509.0
1626001147000,25509.0
1626001177000,25509.0
1626001207000,25509.0
1626001237000,25509.0
1626001267000,25509.0
1626001297000,25509.0
1626001327000,25509.0
1626001357000,25509.0
1626001387000,25509.0
1626001417000,25509.0
1626001447000,25509.0
1626001477000,25509.0
1626001507000,25509.0
1626001537000,25509.0
1626001567000,25509.0
1626001597000,25509.0
1626001627000,25509.0
1626001657000,25509.0
1626001687000,25509.0
1626001717000,25509.0
1626001747000,25509.0
1626001777000,25509.0
1626001807000,25509.0
1626001837000,25509.0
1626001867000,25509.0
1626001897000,25509.0
1626001927000,25509.0
1626001957000,25509.0
1626001987000,25509.0
1626002017000,25509.0
1626002047000,25509.0
1626002077000,25509.0
1626002107000,25509.0
1626002137000,25509.0
1626002167000,25509.0
1626002197000,25509.0
1626002227000,25509.0
1626002257000,25509.0
1626002287000,25509.0
1626002317000,25509.0
1626002347000,25509.0
1626002377000,25509.0
1626002407000,25509.0
1626002437000,25509.0
1626002467000,25509.0
1626002497000,25509.0
1626002527000,25509.0
1626002557000,25509.0
1626002587000,25509.0
1626002617000,25509.0
1626002647000,25509.0
1626002677000,25509.0
1626002707000,25509.0
1626002737000,25509.0
1626002767000,25509.0
1626002797000,25509.0
1626002827000,25509.0
1626002857000,25509.0
1626002887000,25509.0
1626002917000,25509.0
1626002947000,25509.0
1626002977000,25509.0
1626003007000,25509.0
1626003037000,25509.0
1626003067000,25509.0
1626003097000,25509.0
1626003127000,25509.0
1626003157000,25509.0
1626003187000,25509.0
1626003217000,25509.0
1626003247000,25509.0
1626003277000,25509.0
1626003307000,25509.0
1626003337000,25509.0
1626003367000,25509.0
1626003397000,25509.0
1626003427000,25509.0
1626003457000,25509.0
1626003487000,25509.0
1626003517000,25509.0
1626003547000,25509.0
1626003577000,25509.0
1626003607000,25509.0
1626003637000,25509.0
1626003667000,25509.0
1626003697000,25509.0
1626003727000,25509.0
1626003757000,25509.0
1626003787000,25509.0
1626003817000,25509.0
1626003847000,25509.0
1626003877000,25509.0
1626003907000,25509.0
1626003937000,25509.0
1626003967000,25509.0
1626003997000,25509.0
1626004027000,25509.0
1626004057000,25509.0
1626004087000,25509.0
1626004117000,25509.0
1626004147000,25509.0
1626004177000,25509.0
1626004207000,25509.0
1626004237000,25509.0
1626004267000,25509.0
1626004297000,25509.0
1626004327000,25509.0
1626004357000,25509.0
1626004387000,25509.0
1626004417000,25509.0
1626004447000,25509.0
1626004477000,25509.0
1626004507000,25509.0
1626004537000,25509.0
1626004567000,25509.0
1626004597000,25509.0
1626004627000,25509.0
1626004657000,25509.0
1626004687000,25509.0
1626004717000,25509.0
1626004747000,25509.0
1626004777000,25509.0
1626004807000,25509.0
1626004837000,25509.0
1626004867000,25509.0
1626004897000,25509.0
1626004927000,25509.0
1626004957000,25509.0
1626004987000,25509.0
1626005017000,25509.0
1626005047000,25509.0
1626005077000,25509.0
1626005107000,25509.0
1626005137000,25509.0
1626005167000,25509.0
1626005197000,25509.0
1626005227000,25509.0
1626005257000,25509.0
1626005287000,25509.0
1626005317000,25509.0
1626005347000,25509.0
1626005377000,25509.0
1626005407000,25509.0
1626005437000,25509.0
1626005467000,25509.0
1626005497000,25509.0
1626005527000,25509.0
1626005557000,25509.0
1626005587000,25509.0
1626005617000,25509.0
1626005647000,25509.0
1626005677000,25509.0
1626005707000,25509.0
1626005737000,25509.0
1626005767000,25509.0
1626005797000,25509.0
1626005827000,25509.0
1626005857000,25509.0
1626005887000,25509.0
1626005917000,25509.0
1626005947000,25509.0
1626005977000,25509.0
1626006007000,25509.0
1626006037000,25509.0
1626006067000,25509.0
1626006097000,25509.0
1626006127000,25509.0
1626006157000,25509.0
1626006187000,25509.0
1626006217000,25509.0
1626006247000,25509.0
1626006277000,25509.0
1626006307000,25509.0
1626006337000,25509.0
1626006367000,25509.0
1626006397000,25509.0
1626006427000,25509.0
1626006457000,25509.0
1626006487000,25509.0
1626006517000,25509.0
1626006547000,25509.0
1626006577000,25509.0
1626006607000,25509.0
1626006637000,25509.0
1626006667000,25509.0
1626006697000,25509.0
1626006727000,25509.0
1626006757000,25509.0
1626006787000,25509.0
1626006817000,25509.0
1626006847000,25509.0
1626006877000,25509.0
1626006907000,25509.0
1626006937000,25509.0
1626006967000,25509.0
1626006997000,25509.0
1626007027000,25509.0
1626007057000,25509.0
1626007087000,25509.0
1626007117000,25509.0
1626007147000,25509.0
1626007177000,25509.0
1626007207000,25509.0
1626007237000,25509.0
1626007267000,25509.0
1626007297000,25509.0
1626007327000,25509.0
1626007357000,25509.0
1626007387000,25509.0
1626007417000,25509.0
1626007447000,25509.0
1626007477000,25509.0
1626007507000,25509.0
1626007537000,25509.0
1626007567000,25509.0
1626007597000,25509.0
1626007627000,25509.0
1626007657000,25509.0
1626007687000,25509.0
1626007717000,25509.0
1626007747000,25509.0
1626007777000,25509.0
1626007807000,25509.0
1626007837000,25509.0
1626007867000,25509.0
1626007897000,25509.0
1626007927000,25509.0
1626007957000,25509.0
1626007987000,25509.0
1626008017000,25509.0
1626008047000,25509.0
1626008077000,25509.0
1626008107000,25509.0
1626008137000,25509.0
1626008167000,25509.0
1626008197000,25509.0
1626008227000,25509.0
1626008257000,25509.0
1626008287000,25509.0
1626008317000,25509.0
1626008347000,25509.0
1626008377000,25509.0
1626008407000,25509.0
1626008437000,25509.0
1626008467000,25509.0
1626008497000,25509.0
1626008527000,25509.0
1626008557000,25509.0
1626008587000,25509.0
1626008617000,25509.0
1626008647000,25509.0
1626008677000,25509.0
1626008707000,25509.0
1626008737000,25509.0
1626008767000,25509.0
1626008797000,25509.0
1626008827000,25509.0
1626008857000,25509.0
1626008887000,25509.0
1626008917000,25509.0
1626008947000,25509.0
1626008977000,25509.0
1626009007000,25509.0
1626009037000,25509.0
1626009067000,25509.0
1626009097000,25509.0
1626009127000,25509.0
1626009157000,25509.0
1626009187000,25509.0
1626009217000,25509.0
1626009247000,25509.0
1626009277000,25509.0
1626009307000,25509.0
1626009337000,25509.0
1626009367000,25509.0
1626009397000,25509.0
1626009427000,25509.0
1626009457000,25509.0
1626009487000,25509.0
1626009517000,25509.0
1626009547000,25509.0
1626009577000,25509.0
1626009607000,25509.0
1626009637000,25509.0
1626009667000,25509.0
1626009697000,25509.0
1626009727000,25509.0
1626009757000,25509.0
1626009787000,25509.0
1626009817000,25509.0
1626009847000,25509.0
1626009877000,25509.0
1626009907000,25509.0
1626009937000,25509.0
1626009967000,25509.0
1626009997000,25509.0
1626010027000,25509.0
1626010057000,25509.0
1626010087000,25509.0
1626010117000,25509.0
1626010147000,25509.0
1626010177000,25509.0
1626010207000,25509.0
1626010237000,25509.0
1626010267000,25509.0
1626010297000,25509.0
1626010327000,25509.0
1626010357000,25509.0
1626010387000,25509.0
1626010417000,25509.0
1626010447000,25509.0
1626010477000,25509.0
1626010507000,25509.0
1626010537000,25509.0
1626010567000,25509.0
1626010597000,25509.0
1626010627000,25509.0
1626010657000,25509.0
1626010687000,25509.0
1626010717000,25509.0
1626010747000,25509.0
1626010777000,25509.0
1626010807000,25509.0
1626010837000,25509.0
1626010867000,25509.0
1626010897000,25509.0
1626010927000,25509.0
1626010957000,25509.0
1626010987000,25509.0
1626011017000,25509.0
1626011047000,25509.0
1626011077000,25509.0
1626011107000,25509.0
1626011137000,25509.0
1626011167000,25509.0
1626011197000,25509.0
1626011227000,25509.0
1626011257000,25509.0
1626011287000,25509.0
1626011317000,25509.0
1626011347000,25509.0
1626011377000,25509.0
1626011407000,25509.0
1626011437000,25509.0
1626011467000,25509.0
1626011497000,25509.0
1626011527000,25509.0
1626011557000,25509.0
1626011587000,25509.0
1626011617000,25509.0
1626011647000,25509.0
1626011677000,25509.0
1626011707000,25509.0
1626011737000,25509.0
1626011767000,25509.0
1626011797000,25509.0
1626011827000,25509.0
1626011857000,25509.0
1626011887000,25509.0
1626011917000,25509.0
1626011947000,25509.0
1626011977000,25509.0
1626012007000,25509.0
1626012037000,25509.0
1626012067000,25509.0
1626012097000,25509.0
1626012127000,25509.0
1626012157000,25509.0
1626012187000,25509.0
1626012217000,25509.0
1626012247000,25509.0
1626012277000,25509.0
1626012307000,25509.0
1626012337000,25509.0
1626012367000,25509.0
1626012397000,25509.0
1626012427000,25509.0
1626012457000,25509.0
1626012487000,25509.0
1626012517000,25509.0
1626012547000,25509.0
1626012577000,25509.0
1626012607000,25509.0
1626012637000,25509.0
1626012667000,25509.0
1626012697000,25509.0
1626012727000,25509.0
1626012757000,25509.0
1626012787000,25509.0
1626012817000,25509.0
1626012847000,25509.0
1626012877000,25509.0
1626012907000,25509.0
1626012937000,25509.0
1626012967000,25509.0
1626012997000,25509.0
1626013027000,25509.0
1626013057000,25509.0
1626013087000,25509.0
1626013117000,25509.0
1626013147000,25509.0
1626013177000,25509.0
1626013207000,25509.0
1626013237000,25509.0
1626013267000,25509.0
1626013297000,25509.0
1626013327000,25509.0
1626013357000,25509.0
1626013387000,25509.0
1626013417000,25509.0
1626013447000,25509.0
1626013477000,25509.0
1626013507000,25509.0
1626013537000,25509.0
1626013567000,25509.0
1626013597000,25509.0
1626013627000,25509.0
1626013657000,25509.0
1626013687000,25509.0
1626013717000,25509.0
1626013747000,25509.0
1626013777000,25509.0
1626013807000,25509.0
1626013837000,25509.0
1626013867000,25509.0
1626013897000,25509.0
1626013927000,25509.0
1626013957000,25509.0
1626013987000,25509.0
1626014017000,25509.0
1626014047000,25509.0
1626014077000,25509.0
1626014107000,25509.0
1626014137000,25509.0
1626014167000,25509.0
1626014197000,25509.0
1626014227000,25509.0
1626014257000,25509.0
1626014287000,25509.0
1626014317000,25509.0
1626014347000,25509.0
1626014377000,25509.0
1626014407000,25509.0
1626014437000,25509.0
1626014467000,25509.0
1626014497000,25509.0
1626014527000,25509.0
1626014557000,25509.0
1626014587000,25509.0
1626014617000,25509.0
1626014647000,25509.0
1626014677000,25509.0
1626014707000,25509.0
1626014737000,25509.0
1626014767000,25509.0
1626014797000,25509.0
1626014827000,25509.0
1626014857000,25509.0
1626014887000,25509.0
1626014917000,25509.0
1626014947000,25509.0
1626014977000,25509.0
1626015007000,25509.0
1626015037000,25509.0
1626015067000,25509.0
1626015097000,25509.0
1626015127000,25509.0
1626015157000,25509.0
1626015187000,25509.0
1626015217000,25509.0
1626015247000,25509.0
1626015277000,25509.0
1626015307000,25509.0
1626015337000,25509.0
1626015367000,25509.0
1626015397000,25509.0
1626015427000,25509.0
1626015457000,25509.0
1626015487000,25509.0
1626015517000,25509.0
1626015547000,25509.0
1626015577000,25509.0
1626015607000,25509.0
1626015637000,25509.0
1626015667000,25509.0
1626015697000,25509.0
1626015727000,25509.0
1626015757000,25509.0
1626015787000,25509.0
1626015817000,25509.0
1626015847000,25509.0
1626015877000,25509.0
1626015907000,25509.0
1626015937000,25509.0
1626015967000,25509.0
1626015997000,25509.0
1626016027000,25509.0
1626016057000,25509.0
1626016087000,25509.0
1626016117000,25509.0
1626016147000,25509.0
1626016177000,25509.0
1626016207000,25509.0
1626016237000,25509.0
1626016267000,25509.0
1626016297000,25509.0
1626016327000,25509.0
1626016357000,25509.0
1626016387000,25509.0
1626016417000,25509.0
1626016447000,25509.0
1626016477000,25509.0
1626016507000,25509.0
1626016537000,25509.0
1626016567000,25509.0
1626016597000,25509.0
1626016627000,25509.0
1626016657000,25509.0
1626016687000,25509.0
1626016717000,25509.0
1626016747000,25509.0
1626016777000,25509.0
1626016807000,25509.0
1626016837000,25509.0
1626016867000,25509.0
1626016897000,25509.0
1626016927000,25509.0
1626016957000,25509.0
1626016987000,25509.0
1626017017000,25509.0
1626017047000,25509.0
1626017077000,25509.0
1626017107000,25509.0
1626017137000,25509.0
1626017167000,25509.0
1626017197000,25509.0
1626017227000,25509.0
1626017257000,25509.0
1626017287000,25509.0
1626017317000,25509.0
1626017347000,25509.0
1626017377000,25509.0
1626017407000,25509.0
1626017437000,25509.0
1626017467000,25509.0
1626017497000,25509.0
1626017527000,25509.0
1626017557000,25509.0
1626017587000,25509.0
1626017617000,25509.0
1626017647000,25509.0
1626017677000,25509.0
1626017707000,25509.0
1626017737000,25509.0
1626017767000,25509.0
1626017797000,25509.0
1626017827000,25509.0
1626017857000,25509.0
1626017887000,25509.0
1626017917000,25509.0
1626017947000,25509.0
1626017977000,25509.0
1626018007000,25509.0
1626018037000,25509.0
1626018067000,25509.0
1626018097000,25509.0
1626018127000,25509.0
1626018157000,25509.0
1626018187000,25509.0
1626018217000,25509.0
1626018247000,25509.0
1626018277000,25509.0
1626018307000,25509.0
1626018337000,25509.0
1626018367000,25509.0
1626018397000,25509.0
1626018427000,25509.0
1626018457000,25509.0
1626018487000,25509.0
1626018517000,25509.0
1626018547000,25509.0
1626018577000,25509.0
1626018607000,25509.0
1626018637000,25509.0
1626018667000,25509.0
1626018697000,25509.0
1626018727000,25509.0
1626018757000,25509.0
1626018787000,25509.0
1626018817000,25509.0
1626018847000,25509.0
1626018877000,25509.0
1626018907000,25509.0
1626018937000,25509.0
1626018967000,25509.0
1626018997000,25509.0
1626019027000,25509.0
1626019057000,25509.0
1626019087000,25509.0
1626019117000,25509.0
1626019147000,25509.0
1626019177000,25509.0
1626019207000,25509.0
1626019237000,25509.0
1626019267000,25509.0
1626019297000,25509.0
1626019327000,25509.0
1626019357000,25509.0
1626019387000,25509.0
1626019417000,25509.0
1626019447000,25509.0
1626019477000,25509.0
1626019507000,25509.0
1626019537000,25509.0
1626019567000,25509.0
1626019597000,25509.0
1626019627000,25509.0
1626019657000,25509.0
1626019687000,25509.0
1626019717000,25509.0
1626019747000,25509.0
1626019777000,25509.0
1626019807000,25509.0
1626019837000,25509.0
1626019867000,25509.0
1626019897000,25509.0
1626019927000,25509.0
1626019957000,25509.0
1626019987000,25509.0
1626020017000,25509.0
1626020047000,25509.0
1626020077000,25509.0
1626020107000,25509.0
1626020137000,25509.0
1626020167000,25509.0
1626020197000,25509.0
1626020227000,25509.0
1626020257000,25509.0
1626020287000,25509.0
1626020317000,25509.0
1626020347000,25509.0
1626020377000,25509.0
1626020407000,25509.0
1626020437000,25509.0
1626020467000,25509.0
1626020497000,25509.0
1626020527000,25509.0
1626020557000,25509.0
1626020587000,25509.0
1626020617000,25509.0
1626020647000,25509.0
1626020677000,25509.0
1626020707000,25509.0
1626020737000,25509.0
1626020767000,25509.0
1626020797000,25509.0
1626020827000,25509.0
1626020857000,25509.0
1626020887000,25509.0
1626020917000,25509.0
1626020947000,25509.0
1626020977000,25509.0
1626021007000,25509.0
1626021037000,25509.0
1626021067000,25509.0
1626021097000,25509.0
1626021127000,25509.0
1626021157000,25509.0
1626021187000,25509.0
1626021217000,25509.0
1626021247000,25509.0
1626021277000,25509.0
1626021307000,25509.0
1626021337000,25509.0
1626021367000,25509.0
1626021397000,25509.0
1626021427000,25509.0
1626021457000,25509.0
1626021487000,25509.0
1626021517000,25509.0
1626021547000,25509.0
1626021577000,25509.0
1626021607000,25509.0
1626021637000,25509.0
1626021667000,25509.0
1626021697000,25509.0
1626021727000,25509.0
1626021757000,25509.0
1626021787000,25509.0
1626021817000,25509.0
1626021847000,25509.0
1626021877000,25509.0
1626021907000,25509.0
1626021937000,25509.0
1626021967000,25509.0
1626021997000,25509.0
1626022027000,25509.0
1626022057000,25509.0
1626022087000,25509.0
1626022117000,25509.0
1626022147000,25509.0
1626022177000,25509.0
1626022207000,25509.0
1626022237000,25509.0
1626022267000,25509.0
1626022297000,25509.0
1626022327000,25509.0
1626022357000,25509.0
1626022387000,25509.0
1626022417000,25509.0
1626022447000,25509.0
1626022477000,25509.0
1626022507000,25509.0
1626022537000,25509.0
1626022567000,25509.0
1626022597000,25509.0
1626022627000,25509.0
1626022657000,25509.0
1626022687000,25509.0
1626022717000,25509.0
1626022747000,25509.0
1626022777000,25509.0
1626022807000,25509.0
1626022837000,25509.0
1626022867000,25509.0
1626022897000,25509.0
1626022927000,25509.0
1626022957000,25509.0
1626022987000,25509.0
1626023017000,25509.0
1626023047000,25509.0
1626023077000,25509.0
1626023107000,25509.0
1626023137000,25509.0
1626023167000,25509.0
1626023197000,25509.0
1626023227000,25509.0
1626023257000,25509.0
1626023287000,25509.0
1626023317000,25509.0
1626023347000,25509.0
1626023377000,25509.0
1626023407000,25509.0
1626023437000,25509.0
1626023467000,25509.0
1626023497000,25509.0
1626023527000,25509.0
1626023557000,25509.0
1626023587000,25509.0
1626023617000,25509.0
1626023647000,25509.0
1626023677000,25509.0
1626023707000,25509.0
1626023737000,25509.0
1626023767000,25509.0
1626023797000,25509.0
1626023827000,25509.0
1626023857000,25509.0
1626023887000,25509.0
1626023917000,25509.0
1626023947000,25509.0
1626023977000,25509.0
1626024007000,25509.0
1626024037000,25509.0
1626024067000,25509.0
1626024097000,25509.0
1626024127000,25509.0
1626024157000,25509.0
1626024187000,25509.0
1626024217000,25509.0
1626024247000,25509.0
1626024277000,25509.0
1626024307000,25509.0
1626024337000,25509.0
1626024367000,25509.0
1626024397000,25509.0
1626024427000,25509.0
1626024457000,25509.0
1626024487000,25509.0
1626024517000,25509.0
1626024547000,25509.0
1626024577000,25509.0
1626024607000,25509.0
1626024637000,25509.0
1626024667000,25509.0
1626024697000,25509.0
1626024727000,25509.0
1626024757000,25509.0
1626024787000,25509.0
1626024817000,25509.0
1626024847000,25509.0
1626024877000,25509.0
1626024907000,25509.0
1626024937000,25509.0
1626024967000,25509.0
1626024997000,25509.0
1626025027000,25509.0
1626025057000,25509.0
1626025087000,25509.0
1626025117000,25509.0
1626025147000,25509.0
1626025177000,25509.0
1626025207000,25509.0
1626025237000,25509.0
1626025267000,25509.0
1626025297000,25509.0
1626025327000,25509.0
1626025357000,25509.0
1626025387000,25509.0
1626025417000,25509.0
1626025447000,25509.0
1626025477000,25509.0
1626025507000,25509.0
1626025537000,25509.0
1626025567000,25509.0
1626025597000,25509.0
1626025627000,25509.0
1626025657000,25509.0
1626025687000,25509.0
1626025717000,25509.0
1626025747000,25509.0
1626025777000,25509.0
1626025807000,25509.0
1626025837000,25509.0
1626025867000,25509.0
1626025897000,25509.0
1626025927000,25509.0
1626025957000,25509.0
1626025987000,25509.0
1626026017000,25509.0
1626026047000,25509.0
1626026077000,25509.0
1626026107000,25509.0
1626026137000,25509.0
1626026167000,25509.0
1626026197000,25509.0
1626026227000,25509.0
1626026257000,25509.0
1626026287000,25509.0
1626026317000,25509.0
1626026347000,25509.0
1626026377000,25509.0
1626026407000,25509.0
1626026437000,25509.0
1626026467000,25509.0
1626026497000,25509.0
1626026527000,25509.0
1626026557000,25509.0
1626026587000,25509.0
1626026617000,25509.0
1626026647000,25509.0
1626026677000,25509.0
1626026707000,25509.0
1626026737000,25509.0
1626026767000,25509.0
1626026797000,25509.0
1626026827000,25509.0
1626026857000,25509.0
1626026887000,25509.0
1626026917000,25509.0
1626026947000,25509.0
1626026977000,25509.0
1626027007000,25509.0
1626027037000,25509.0
1626027067000,25509.0
1626027097000,25509.0
1626027127000,25509.0
1626027157000,25509.0
1626027187000,25509.0
1626027217000,25509.0
1626027247000,25509.0
1626027277000,25509.0
1626027307000,25509.0
1626027337000,25509.0
1626027367000,25509.0
1626027397000,25509.0
1626027427000,25509.0
1626027457000,25509.0
1626027487000,25509.0
1626027517000,25509.0
1626027547000,25509.0
1626027577000,25509.0
1626027607000,25509.0
1626027637000,25509.0
1626027667000,25509.0
1626027697000,25509.0
1626027727000,25509.0
1626027757000,25509.0
1626027787000,25509.0
1626027817000,25509.0
1626027847000,25509.0
1626027877000,25509.0
1626027907000,25509.0
1626027937000,25509.0
1626027967000,25509.0
1626027997000,25509.0
1626028027000,25509.0
1626028057000,25509.0
1626028087000,25509.0
1626028117000,25509.0
1626028147000,25509.0
1626028177000,25509.0
1626028207000,25509.0
1626028237000,25509.0
1626028267000,25509.0
1626028297000,25509.0
1626028327000,25509.0
1626028357000,25509.0
1626028387000,25509.0
1626028417000,25509.0
1626028447000,25509.0
1626028477000,25509.0
1626028507000,25509.0
1626028537000,25509.0
1626028567000,25509.0
1626028597000,25509.0
1626028627000,25509.0
1626028657000,25509.0
1626028687000,25509.0
1626028717000,25509.0
1626028747000,25509.0
1626028777000,25509.0
1626028807000,25509.0
1626028837000,25509.0
1626028867000,25509.0
1626028897000,25509.0
1626028927000,25509.0
1626028957000,25509.0
1626028987000,25509.0
1626029017000,25509.0
1626029047000,25509.0
1626029077000,25509.0
1626029107000,25509.0
1626029137000,25509.0
1626029167000,25509.0
1626029197000,25509.0
1626029227000,25509.0
1626029257000,25509.0
1626029287000,25509.0
1626029317000,25509.0
1626029347000,25509.0
1626029377000,25509.0
1626029407000,25509.0
1626029437000,25509.0
1626029467000,25509.0
1626029497000,25509.0
1626029527000,25509.0
1626029557000,25509.0
1626029587000,25509.0
1626029617000,25509.0
1626029647000,25509.0
1626029677000,25509.0
1626029707000,25509.0
1626029737000,25509.0
1626029767000,25509.0
1626029797000,25509.0
1626029827000,25509.0
1626029857000,25509.0
1626029887000,25509.0
1626029917000,25509.0
1626029947000,25509.0
1626029977000,25509.0
1626030007000,25509.0
1626030037000,25509.0
1626030067000,25509.0
1626030097000,25509.0
1626030127000,25509.0
1626030157000,25509.0
1626030187000,25509.0
1626030217000,25509.0
1626030247000,25509.0
1626030277000,25509.0
1626030307000,25509.0
1626030337000,25509.0
1626030367000,25509.0
1626030397000,25509.0
1626030427000,25509.0
1626030457000,25509.0
1626030487000,25509.0
1626030517000,25509.0
1626030547000,25509.0
1626030577000,25509.0
1626030607000,25509.0
1626030637000,25509.0
1626030667000,25509.0
1626030697000,25509.0
1626030727000,25509.0
1626030757000,25509.0
1626030787000,25509.0
1626030817000,25509.0
1626030847000,25509.0
1626030877000,25509.0
1626030907000,25509.0
1626030937000,25509.0
1626030967000,25509.0
1626030997000,25509.0
1626031027000,25509.0
1626031057000,25509.0
1626031087000,25509.0
1626031117000,25509.0
1626031147000,25509.0
1626031177000,25509.0
1626031207000,25509.0
1626031237000,25509.0
1626031267000,25509.0
1626031297000,25509.0
1626031327000,25509.0
1626031357000,25509.0
1626031387000,25509.0
1626031417000,25509.0
1626031447000,25509.0
1626031477000,25509.0
1626031507000,25509.0
1626031537000,25509.0
1626031567000,25509.0
1626031597000,25509.0
1626031627000,25509.0
1626031657000,25509.0
1626031687000,25509.0
1626031717000,25509.0
1626031747000,25509.0
1626031777000,25509.0
1626031807000,25509.0
1626031837000,25509.0
1626031867000,25509.0
1626031897000,25509.0
1626031927000,25509.0
1626031957000,25509.0
1626031987000,25509.0
1626032017000,25509.0
1626032047000,25509.0
1626032077000,25509.0
1626032107000,25509.0
1626032137000,25509.0
1626032167000,25509.0
1626032197000,25509.0
1626032227000,25509.0
1626032257000,25509.0
1626032287000,25509.0
1626032317000,25509.0
1626032347000,25509.0
1626032377000,25509.0
1626032407000,25509.0
1626032437000,25509.0
1626032467000,25509.0
1626032497000,25509.0
1626032527000,25509.0
1626032557000,25509.0
1626032587000,25509.0
1626032617000,25509.0
1626032647000,25509.0
1626032677000,25509.0
1626032707000,25509.0
1626032737000,25509.0
1626032767000,25509.0
1626032797000,25509.0
1626032827000,25509.0
1626032857000,25509.0
1626032887000,25509.0
1626032917000,25509.0
1626032947000,25509.0
1626032977000,25509.0
1626033007000,25509.0
1626033037000,25509.0
1626033067000,25509.0
1626033097000,25509.0
1626033127000,25509.0
1626033157000,25509.0
1626033187000,25509.0
1626033217000,25509.0
1626033247000,25509.0
1626033277000,25509.0
1626033307000,25509.0
1626033337000,25509.0
1626033367000,25509.0
1626033397000,25509.0
1626033427000,25509.0
1626033457000,25509.0
1626033487000,25509.0
1626033517000,25509.0
1626033547000,25509.0
1626033577000,25509.0
1626033607000,25509.0
1626033637000,25509.0
1626033667000,25509.0
1626033697000,25509.0
1626033727000,25509.0
1626033757000,25509.0
1626033787000,25509.0
1626033817000,25509.0
1626033847000,25509.0
1626033877000,25509.0
1626033907000,25509.0
1626033937000,25509.0
1626033967000,25509.0
1626033997000,25509.0
1626034027000,25509.0
1626034057000,25509.0
1626034087000,25509.0
1626034117000,25509.0
1626034147000,25509.0
1626034177000,25509.0
1626034207000,25509.0
1626034237000,25509.0
1626034267000,25509.0
1626034297000,25509.0
1626034327000,25509.0
1626034357000,25509.0
1626034387000,25509.0
1626034417000,25509.0
1626034447000,25509.0
1626034477000,25509.0
1626034507000,25509.0
1626034537000,25509.0
1626034567000,25509.0
1626034597000,25509.0
1626034627000,25509.0
1626034657000,25509.0
1626034687000,25509.0
1626034717000,25509.0
1626034747000,25509.0
1626034777000,25509.0
1626034807000,25509.0
1626034837000,25509.0
1626034867000,25509.0
1626034897000,25509.0
1626034927000,25509.0
1626034957000,25509.0
1626034987000,25509.0
1626035017000,25509.0
1626035047000,25509.0
1626035077000,25509.0
1626035107000,25509.0
1626035137000,25509.0
1626035167000,25509.0
1626035197000,25509.0
1626035227000,25509.0
1626035257000,25509.0
1626035287000,25509.0
1626035317000,25509.0
1626035347000,25509.0
1626035377000,25509.0
1626035407000,25509.0
1626035437000,25509.0
1626035467000,25509.0
1626035497000,25509.0
1626035527000,25509.0
1626035557000,25509.0
1626035587000,25509.0
1626035617000,25509.0
1626035647000,25509.0
1626035677000,25509.0
1626035707000,25509.0
1626035737000,25509.0
1626035767000,25509.0
1626035797000,25509.0
1626035827000,25509.0
1626035857000,25509.0
1626035887000,25509.0
1626035917000,25509.0
1626035947000,25509.0
1626035977000,25509.0
1626036007000,25509.0
1626036037000,25509.0
1626036067000,25509.0
1626036097000,25509.0
1626036127000,25509.0
1626036157000,25509.0
1626036187000,25509.0
1626036217000,25509.0
1626036247000,25509.0
1626036277000,25509.0
1626036307000,25509.0
1626036337000,25509.0
1626036367000,25509.0
1626036397000,25509.0
1626036427000,25509.0
1626036457000,25509.0
1626036487000,25509.0
1626036517000,25509.0
1626036547000,25509.0
1626036577000,25509.0
1626036607000,25509.0
1626036637000,25509.0
1626036667000,25509.0
1626036697000,25509.0
1626036727000,25509.0
1626036757000,25509.0
1626036787000,25509.0
1626036817000,25509.0
1626036847000,25509.0
1626036877000,25509.0
1626036907000,25509.0
1626036937000,25509.0
1626036967000,25509.0
1626036997000,25509.0
1626037027000,25509.0
1626037057000,25509.0
1626037087000,25509.0
1626037117000,25509.0
1626037147000,25509.0
1626037177000,25509.0
1626037207000,25509.0
1626037237000,25509.0
1626037267000,25509.0
1626037297000,25509.0
1626037327000,25509.0
1626037357000,25509.0
1626037387000,25509.0
1626037417000,25509.0
1626037447000,25509.0
1626037477000,25509.0
1626037507000,25509.0
1626037537000,25509.0
1626037567000,25509.0
1626037597000,25509.0
1626037627000,25509.0
1626037657000,25509.0
1626037687000,25509.0
1626037717000,25509.0
1626037747000,25509.0
1626037777000,25509.0
1626037807000,25509.0
1626037837000,25509.0
1626037867000,25509.0
1626037897000,25509.0
1626037927000,25509.0
1626037957000,25509.0
1626037987000,25509.0
1626038017000,25509.0
1626038047000,25509.0
1626038077000,25509.0
1626038107000,25509.0
1626038137000,25509.0
1626038167000,25509.0
1626038197000,25509.0
1626038227000,25509.0
1626038257000,25509.0
1626038287000,25509.0
1626038317000,25509.0
1626038347000,25509.0
1626038377000,25509.0
1626038407000,25509.0
1626038437000,25509.0
1626038467000,25509.0
1626038497000,25509.0
1626038527000,25509.0
1626038557000,25509.0
1626038587000,25509.0
1626038617000,25509.0
1626038647000,25509.0
1626038677000,25509.0
1626038707000,25509.0
1626038737000,25509.0
1626038767000,25509.0
1626038797000,25509.0
1626038827000,25509.0
1626038857000,25509.0
1626038887000,25509.0
1626038917000,25509.0
1626038947000,25509.0
1626038977000,25509.0
1626039007000,25509.0
1626039037000,25509.0
1626039067000,25509.0
1626039097000,25509.0
1626039127000,25509.0
1626039157000,25509.0
1626039187000,25509.0
1626039217000,25509.0
1626039247000,25509.0
1626039277000,25509.0
1626039307000,25509.0
1626039337000,25509.0
1626039367000,25509.0
1626039397000,25509.0
1626039427000,25509.0
1626039457000,25509.0
1626039487000,25509.0
1626039517000,25509.0
1626039547000,25509.0
1626039577000,25509.0
1626039607000,25509.0
1626039637000,25509.0
1626039667000,25509.0
1626039697000,25509.0
1626039727000,25509.0
1626039757000,25509.0
1626039787000,25509.0
1626039817000,25509.0
1626039847000,25509.0
1626039877000,25509.0
1626039907000,25509.0
1626039937000,25509.0
1626039967000,25509.0
1626039997000,25509.0
1626040027000,25509.0
1626040057000,25509.0
1626040087000,25509.0
1626040117000,25509.0
1626040147000,25509.0
1626040177000,25509.0
1626040207000,25509.0
1626040237000,25509.0
1626040267000,25509.0
1626040297000,25509.0
1626040327000,25509.0
1626040357000,25509.0
1626040387000,25509.0
1626040417000,25509.0
1626040447000,25509.0
1626040477000,25509.0
1626040507000,25509.0
1626040537000,25509.0
1626040567000,25509.0
1626040597000,25509.0
1626040627000,25509.0
1626040657000,25509.0
1626040687000,25509.0
1626040717000,25509.0
1626040747000,25509.0
1626040777000,25509.0
1626040807000,25509.0
1626040837000,25509.0
1626040867000,25509.0
1626040897000,25509.0
1626040927000,25509.0
1626040957000,25509.0
1626040987000,25509.0
1626041017000,25509.0
1626041047000,25509.0
1626041077000,25509.0
1626041107000,25509.0
1626041137000,25509.0
1626041167000,25509.0
1626041197000,25509.0
1626041227000,25509.0
1626041257000,25509.0
1626041287000,25509.0
1626041317000,25509.0
1626041347000,25509.0
1626041377000,25509.0
1626041407000,25509.0
1626041437000,25509.0
1626041467000,25509.0
1626041497000,25509.0
1626041527000,25509.0
1626041557000,25509.0
1626041587000,25509.0
1626041617000,25509.0
1626041647000,25509.0
1626041677000,25509.0
1626041707000,25509.0
1626041737000,25509.0
1626041767000,25509.0
1626041797000,25509.0
1626041827000,25509.0
1626041857000,25509.0
1626041887000,25509.0
1626041917000,25509.0
1626041947000,25509.0
1626041977000,25509.0
1626042007000,25509.0
1626042037000,25509.0
1626042067000,25509.0
1626042097000,25509.0
1626042127000,25509.0
1626042157000,25509.0
1626042187000,25509.0
1626042217000,25509.0
1626042247000,25509.0
1626042277000,25509.0
1626042307000,25509.0
1626042337000,25509.0
1626042367000,25509.0
1626042397000,25509.0
1626042427000,25509.0
1626042457000,25509.0
1626042487000,25509.0
1626042517000,25509.0
1626042547000,25509.0
1626042577000,25509.0
1626042607000,25509.0
1626042637000,25509.0
1626042667000,25509.0
1626042697000,25509.0
1626042727000,25509.0
1626042757000,25509.0
1626042787000,25509.0
1626042817000,25509.0
1626042847000,25509.0
1626042877000,25509.0
1626042907000,25509.0
1626042937000,25509.0
1626042967000,25509.0
1626042997000,25509.0
1626043027000,25509.0
1626043057000,25509.0
1626043087000,25509.0
1626043117000,25509.0
1626043147000,25509.0
1626043177000,25509.0
1626043207000,25509.0
1626043237000,25509.0
1626043267000,25509.0
1626043297000,25509.0
1626043327000,25509.0
1626043357000,25509.0
1626043387000,25509.0
1626043417000,25509.0
1626043447000,25509.0
1626043477000,25509.0
1626043507000,25509.0
1626043537000,25509.0
1626043567000,25509.0
1626043597000,25509.0
1626043627000,25509.0
1626043657000,25509.0
1626043687000,25509.0
1626043717000,25509.0
1626043747000,25509.0
1626043777000,25509.0
1626043807000,25509.0
1626043837000,25509.0
1626043867000,25509.0
1626043897000,25509.0
1626043927000,25509.0
1626043957000,25509.0
1626043987000,25509.0
1626044017000,25509.0
1626044047000,25509.0
1626044077000,25509.0
1626044107000,25509.0
1626044137000,25509.0
1626044167000,25509.0
1626044197000,25509.0
1626044227000,25509.0
1626044257000,25509.0
1626044287000,25509.0
1626044317000,25509.0
1626044347000,25509.0
1626044377000,25509.0
1626044407000,25509.0
1626044437000,25509.0
1626044467000,25509.0
1626044497000,25509.0
1626044527000,25509.0
1626044557000,25509.0
1626044587000,25509.0
1626044617000,25509.0
1626044647000,25509.0
1626044677000,25509.0
1626044707000,25509.0
1626044737000,25509.0
1626044767000,25509.0
1626044797000,25509.0
1626044827000,25509.0
1626044857000,25509.0
1626044887000,25509.0
1626044917000,25509.0
1626044947000,25509.0
1626044977000,25509.0
1626045007000,25509.0
1626045037000,25509.0
1626045067000,25509.0
1626045097000,25509.0
1626045127000,25509.0
1626045157000,25509.0
1626045187000,25509.0
1626045217000,25509.0
1626045247000,25509.0
1626045277000,25509.0
1626045307000,25509.0
1626045337000,25509.0
1626045367000,25509.0
1626045397000,25509.0
1626045427000,25509.0
1626045457000,25509.0
1626045487000,25509.0
1626045517000,25509.0
1626045547000,25509.0
1626045577000,25509.0
1626045607000,25509.0
1626045637000,25509.0
1626045667000,25509.0
1626045697000,25509.0
1626045727000,25509.0
1626045757000,25509.0
1626045787000,25509.0
1626045817000,25509.0
1626045847000,25509.0
1626045877000,25509.0
1626045907000,25509.0
1626045937000,25509.0
1626045967000,25509.0
1626045997000,25509.0
1626046027000,25509.0
1626046057000,25509.0
1626046087000,25509.0
1626046117000,25509.0
1626046147000,25509.0
1626046177000,25509.0
1626046207000,25509.0
1626046237000,25509.0
1626046267000,25509.0
1626046297000,25509.0
1626046327000,25509.0
1626046357000,25509.0
1626046387000,25509.0
1626046417000,25509.0
1626046447000,25509.0
1626046477000,25509.0
1626046507000,25509.0
1626046537000,25509.0
1626046567000,25509.0
1626046597000,25509.0
1626046627000,25509.0
1626046657000,25509.0
1626046687000,25509.0
1626046717000,25509.0
1626046747000,25509.0
1626046777000,25509.0
1626046807000,25509.0
1626046837000,25509.0
1626046867000,25509.0
1626046897000,25509.0
1626046927000,25509.0
1626046957000,25509.0
1626046987000,25509.0
1626047017000,25509.0
1626047047000,25509.0
1626047077000,25509.0
1626047107000,25509.0
1626047137000,25509.0
1626047167000,25509.0
1626047197000,25509.0
1626047227000,25509.0
1626047257000,25509.0
1626047287000,25509.0
1626047317000,25509.0
1626047347000,25509.0
1626047377000,25509.0
1626047407000,25509.0
1626047437000,25509.0
1626047467000,25509.0
1626047497000,25509.0
1626047527000,25509.0
1626047557000,25509.0
1626047587000,25509.0
1626047617000,25509.0
1626047647000,25509.0
1626047677000,25509.0
1626047707000,25509.0
1626047737000,25509.0
1626047767000,25509.0
1626047797000,25509.0
1626047827000,25509.0
1626047857000,25509.0
1626047887000,25509.0
1626047917000,25509.0
1626047947000,25509.0
1626047977000,25509.0
1626048007000,25509.0
1626048037000,25509.0
1626048067000,25509.0
1626048097000,25509.0
1626048127000,25509.0
1626048157000,25509.0
1626048187000,25509.0
1626048217000,25509.0
1626048247000,25509.0
1626048277000,25509.0
1626048307000,25509.0
1626048337000,25509.0
1626048367000,25509.0
1626048397000,25509.0
1626048427000,25509.0
1626048457000,25509.0
1626048487000,25509.0
1626048517000,25509.0
1626048547000,25509.0
1626048577000,25509.0
1626048607000,25509.0
1626048637000,25509.0
1626048667000,25509.0
1626048697000,25509.0
1626048727000,25509.0
1626048757000,25509.0
1626048787000,25509.0
1626048817000,25509.0
1626048847000,25509.0
1626048877000,25509.0
1626048907000,25509.0
1626048937000,25509.0
1626048967000,25509.0
1626048997000,25509.0
1626049027000,25509.0
1626049057000,25509.0
1626049087000,25509.0
1626049117000,25509.0
1626049147000,25509.0
1626049177000,25509.0
1626049207000,25509.0
1626049237000,25509.0
1626049267000,25509.0
1626049297000,25509.0
1626049327000,25509.0
1626049357000,25509.0
1626049387000,25509.0
1626049417000,25509.0
1626049447000,25509.0
1626049477000,25509.0
1626049507000,25509.0
1626049537000,25509.0
1626049567000,25509.0
1626049597000,25509.0
1626049627000,25509.0
1626049657000,25509.0
1626049687000,25509.0
1626049717000,25509.0
1626049747000,25509.0
1626049777000,25509.0
1626049807000,25509.0
1626049837000,25509.0
1626049867000,25509.0
1626049897000,25509.0
1626049927000,25509.0
1626049957000,25509.0
1626049987000,25509.0
1626050017000,25509.0
1626050047000,25509.0
1626050077000,25509.0
1626050107000,25509.0
1626050137000,25509.0
1626050167000,25509.0
1626050197000,25509.0
1626050227000,25509.0
1626050257000,25509.0
1626050287000,25509.0
1626050317000,25509.0
1626050347000,25509.0
1626050377000,25509.0
1626050407000,25509.0
1626050437000,25509.0
1626050467000,25509.0
1626050497000,25509.0
1626050527000,25509.0
1626050557000,25509.0
1626050587000,25509.0
1626050617000,25509.0
1626050647000,25509.0
1626050677000,25509.0
1626050707000,25509.0
1626050737000,25509.0
1626050767000,25509.0
1626050797000,25509.0
1626050827000,25509.0
1626050857000,25509.0
1626050887000,25509.0
1626050917000,25509.0
1626050947000,25509.0
1626050977000,25509.0
1626051007000,25509.0
1626051037000,25509.0
1626051067000,25509.0
1626051097000,25509.0
1626051127000,25509.0
1626051157000,25509.0
1626051187000,25509.0
1626051217000,25509.0
1626051247000,25509.0
1626051277000,25509.0
1626051307000,25509.0
1626051337000,25509.0
1626051367000,25509.0
1626051397000,25509.0
1626051427000,25509.0
1626051457000,25509.0
1626051487000,25509.0
1626051517000,25509.0
1626051547000,25509.0
1626051577000,25509.0
1626051607000,25509.0
1626051637000,25509.0
1626051667000,25509.0
1626051697000,25509.0
1626051727000,25509.0
1626051757000,25509.0
1626051787000,25509.0
1626051817000,25509.0
1626051847000,25509.0
1626051877000,25509.0
1626051907000,25509.0
1626051937000,25509.0
1626051967000,25509.0
1626051997000,25509.0
1626052027000,25509.0
1626052057000,25509.0
1626052087000,25509.0
1626052117000,25509.0
1626052147000,25509.0
1626052177000,25509.0
1626052207000,25509.0
1626052237000,25509.0
1626052267000,25509.0
1626052297000,25509.0
1626052327000,25509.0
1626052357000,25509.0
1626052387000,25509.0
1626052417000,25509.0
1626052447000,25509.0
1626052477000,25509.0
1626052507000,25509.0
1626052537000,25509.0
1626052567000,25509.0
1626052597000,25509.0
1626052627000,25509.0
1626052657000,25509.0
1626052687000,25509.0
1626052717000,25509.0
1626052747000,25509.0
1626052777000,25509.0
1626052807000,25509.0
1626052837000,25509.0
1626052867000,25509.0
1626052897000,25509.0
1626052927000,25509.0
1626052957000,25509.0
1626052987000,25509.0
1626053017000,25509.0
1626053047000,25509.0
1626053077000,25509.0
1626053107000,25509.0
1626053137000,25509.0
1626053167000,25509.0
1626053197000,25509.0
1626053227000,25509.0
1626053257000,25509.0
1626053287000,25509.0
1626053317000,25509.0
1626053347000,25509.0
1626053377000,25509.0
1626053407000,25509.0
1626053437000,25509.0
1626053467000,25509.0
1626053497000,25509.0
1626053527000,25509.0
1626053557000,25509.0
1626053587000,25509.0
1626053617000,25509.0
1626053647000,25509.0
1626053677000,25509.0
1626053707000,25509.0
1626053737000,25509.0
1626053767000,25509.0
1626053797000,25509.0
1626053827000,25509.0
1626053857000,25509.0
1626053887000,25509.0
1626053917000,25509.0
1626053947000,25509.0
1626053977000,25509.0
1626054007000,25509.0
1626054037000,25509.0
1626054067000,25509.0
1626054097000,25509.0
1626054127000,25509.0
1626054157000,25509.0
1626054187000,25509.0
1626054217000,25509.0
1626054247000,25509.0
1626054277000,25509.0
1626054307000,25509.0
1626054337000,25509.0
1626054367000,25509.0
1626054397000,25509.0
1626054427000,25509.0
1626054457000,25509.0
1626054487000,25509.0
1626054517000,25509.0
1626054547000,25509.0
1626054577000,25509.0
1626054607000,25509.0
1626054637000,25509.0
1626054667000,25509.0
1626054697000,25509.0
1626054727000,25509.0
1626054757000,25509.0
1626054787000,25509.0
1626054817000,25509.0
1626054847000,25509.0
1626054877000,25509.0
1626054907000,25509.0
1626054937000,25509.0
1626054967000,25509.0
1626054997000,25509.0
1626055027000,25509.0
1626055057000,25509.0
1626055087000,25509.0
1626055117000,25509.0
1626055147000,25509.0
1626055177000,25509.0
1626055207000,25509.0
1626055237000,25509.0
1626055267000,25509.0
1626055297000,25509.0
1626055327000,25509.0
1626055357000,25509.0
1626055387000,25509.0
1626055417000,25509.0
1626055447000,25509.0
1626055477000,25509.0
1626055507000,25509.0
1626055537000,25509.0
1626055567000,25509.0
1626055597000,25509.0
1626055627000,25509.0
1626055657000,25509.0
1626055687000,25509.0
1626055717000,25509.0
1626055747000,25509.0
1626055777000,25509.0
1626055807000,25509.0
1626055837000,25509.0
1626055867000,25509.0
1626055897000,25509.0
1626055927000,25509.0
1626055957000,25509.0
1626055987000,25509.0
1626056017000,25509.0
1626056047000,25509.0
1626056077000,25509.0
1626056107000,25509.0
1626056137000,25509.0
1626056167000,25509.0
1626056197000,25509.0
1626056227000,25509.0
1626056257000,25509.0
1626056287000,25509.0
1626056317000,25509.0
1626056347000,25509.0
1626056377000,25509.0
1626056407000,25509.0
1626056437000,25509.0
1626056467000,25509.0
1626056497000,25509.0
1626056527000,25509.0
1626056557000,25509.0
1626056587000,25509.0
1626056617000,25509.0
1626056647000,25509.0
1626056677000,25509.0
1626056707000,25509.0
1626056737000,25509.0
1626056767000,25509.0
1626056797000,25509.0
1626056827000,25509.0
1626056857000,25509.0
1626056887000,25509.0
1626056917000,25509.0
1626056947000,25509.0
1626056977000,25509.0
1626057007000,25509.0
1626057037000,25509.0
1626057067000,25509.0
1626057097000,25509.0
1626057127000,25509.0
1626057157000,25509.0
1626057187000,25509.0
1626057217000,25509.0
1626057247000,25509.0
1626057277000,25509.0
1626057307000,25509.0
1626057337000,25509.0
1626057367000,25509.0
1626057397000,25509.0
1626057427000,25509.0
1626057457000,25509.0
1626057487000,25509.0
1626057517000,25509.0
1626057547000,25509.0
1626057577000,25509.0
1626057607000,25509.0
1626057637000,25509.0
1626057667000,25509.0
1626057697000,25509.0
1626057727000,25509.0
1626057757000,25509.0
1626057787000,25509.0
1626057817000,25509.0
1626057847000,25509.0
1626057877000,25509.0
1626057907000,25509.0
1626057937000,25509.0
1626057967000,25509.0
1626057997000,25509.0
1626058027000,25509.0
1626058057000,25509.0
1626058087000,25509.0
1626058117000,25509.0
1626058147000,25509.0
1626058177000,25509.0
1626058207000,25509.0
1626058237000,25509.0
1626058267000,25509.0
1626058297000,25509.0
1626058327000,25509.0
1626058357000,25509.0
1626058387000,25509.0
1626058417000,25509.0
1626058447000,25509.0
1626058477000,25509.0
1626058507000,25509.0
1626058537000,25509.0
1626058567000,25509.0
1626058597000,25509.0
1626058627000,25509.0
1626058657000,25509.0
1626058687000,25509.0
1626058717000,25509.0
1626058747000,25509.0
1626058777000,25509.0
1626058807000,25509.0
1626058837000,25509.0
1626058867000,25509.0
1626058897000,25509.0
1626058927000,25509.0
1626058957000,25509.0
1626058987000,25509.0
1626059017000,25509.0
1626059047000,25509.0
1626059077000,25509.0
1626059107000,25509.0
1626059137000,25509.0
1626059167000,25509.0
1626059197000,25509.0
1626059227000,25509.0
1626059257000,25509.0
1626059287000,25509.0
1626059317000,25509.0
1626059347000,25509.0
1626059377000,25509.0
1626059407000,25509.0
1626059437000,25509.0
1626059467000,25509.0
1626059497000,25509.0
1626059527000,25509.0
1626059557000,25509.0
1626059587000,25509.0
1626059617000,25509.0
1626059647000,25509.0
1626059677000,25509.0
1626059707000,25509.0
1626059737000,25509.0
1626059767000,25509.0
1626059797000,25509.0
1626059827000,25509.0
1626059857000,25509.0
1626059887000,25509.0
1626059917000,25509.0
1626059947000,25509.0
1626059977000,25509.0
1626060007000,25509.0
1626060037000,25509.0
1626060067000,25509.0
1626060097000,25509.0
1626060127000,25509.0
1626060157000,25509.0
1626060187000,25509.0
1626060217000,25509.0
1626060247000,25509.0
1626060277000,25509.0
1626060307000,25509.0
1626060337000,25509.0
1626060367000,25509.0
1626060397000,25509.0
1626060427000,25509.0
1626060457000,25509.0
1626060487000,25509.0
1626060517000,25509.0
1626060547000,25509.0
1626060577000,25509.0
1626060607000,25509.0
1626060637000,25509.0
1626060667000,25509.0
1626060697000,25509.0
1626060727000,25509.0
1626060757000,25509.0
1626060787000,25509.0
1626060817000,25509.0
1626060847000,25509.0
1626060877000,25509.0
1626060907000,25509.0
1626060937000,25509.0
1626060967000,25509.0
1626060997000,25509.0
1626061027000,25509.0
1626061057000,25509.0
1626061087000,25509.0
1626061117000,25509.0
1626061147000,25509.0
1626061177000,25509.0
1626061207000,25509.0
1626061237000,25509.0
1626061267000,25509.0
1626061297000,25509.0
1626061327000,25509.0
1626061357000,25509.0
1626061387000,25509.0
1626061417000,25509.0
1626061447000,25509.0
1626061477000,25509.0
1626061507000,25509.0
1626061537000,25509.0
1626061567000,25509.0
1626061597000,25509.0
1626061627000,25509.0
1626061657000,25509.0
1626061687000,25509.0
1626061717000,25509.0
1626061747000,25509.0
1626061777000,25509.0
1626061807000,25509.0
1626061837000,25509.0
1626061867000,25509.0
1626061897000,25509.0
1626061927000,25509.0
1626061957000,25509.0
1626061987000,25509.0
1626062017000,25509.0
1626062047000,25509.0
1626062077000,25509.0
1626062107000,25509.0
1626062137000,25509.0
1626062167000,25509.0
1626062197000,25509.0
1626062227000,25509.0
1626062257000,25509.0
1626062287000,25509.0
1626062317000,25509.0
1626062347000,25509.0
1626062377000,25509.0
1626062407000,25509.0
1626062437000,25509.0
1626062467000,25509.0
1626062497000,25509.0
1626062527000,25509.0
1626062557000,25509.0
1626062587000,25509.0
1626062617000,25509.0
1626062647000,25509.0
1626062677000,25509.0
1626062707000,25509.0
1626062737000,25509.0
1626062767000,25509.0
1626062797000,25509.0
1626062827000,25509.0
1626062857000,25509.0
1626062887000,25509.0
1626062917000,25509.0
1626062947000,25509.0
1626062977000,25509.0
1626063007000,25509.0
1626063037000,25509.0
1626063067000,25509.0
1626063097000,25509.0
1626063127000,25509.0
1626063157000,25509.0
1626063187000,25509.0
1626063217000,25509.0
1626063247000,25509.0
1626063277000,25509.0
1626063307000,25509.0
1626063337000,25509.0
1626063367000,25509.0
1626063397000,25509.0
1626063427000,25509.0
1626063457000,25509.0
1626063487000,25509.0
1626063517000,25509.0
1626063547000,25509.0
1626063577000,25509.0
1626063607000,25509.0
1626063637000,25509.0
1626063667000,25509.0
1626063697000,25509.0
1626063727000,25509.0
1626063757000,25509.0
1626063787000,25509.0
1626063817000,25509.0
1626063847000,25509.0
1626063877000,25509.0
1626063907000,25509.0
1626063937000,25509.0
1626063967000,25509.0
1626063997000,25509.0
1626064027000,25509.0
1626064057000,25509.0
1626064087000,25509.0
1626064117000,25509.0
1626064147000,25509.0
1626064177000,25509.0
1626064207000,25509.0
1626064237000,25509.0
1626064267000,25509.0
1626064297000,25509.0
1626064327000,25509.0
1626064357000,25509.0
1626064387000,25509.0
1626064417000,25509.0
1626064447000,25509.0
1626064477000,25509.0
1626064507000,25509.0
1626064537000,25509.0
1626064567000,25509.0
1626064597000,25509.0
1626064627000,25509.0
1626064657000,25509.0
1626064687000,25509.0
1626064717000,25509.0
1626064747000,25509.0
1626064777000,25509.0
1626064807000,25509.0
1626064837000,25509.0
1626064867000,25509.0
1626064897000,25509.0
1626064927000,25509.0
1626064957000,25509.0
1626064987000,25509.0
1626065017000,25509.0
1626065047000,25509.0
1626065077000,25509.0
1626065107000,25509.0
1626065137000,25509.0
1626065167000,25509.0
1626065197000,25509.0
1626065227000,25509.0
1626065257000,25509.0
1626065287000,25509.0
1626065317000,25509.0
1626065347000,25509.0
1626065377000,25509.0
1626065407000,25509.0
1626065437000,25509.0
1626065467000,25509.0
1626065497000,25509.0
1626065527000,25509.0
1626065557000,25509.0
1626065587000,25509.0
1626065617000,25509.0
1626065647000,25509.0
1626065677000,25509.0
1626065707000,25509.0
1626065737000,25509.0
1626065767000,25509.0
1626065797000,25509.0
1626065827000,25509.0
1626065857000,25509.0
1626065887000,25509.0
1626065917000,25509.0
1626065947000,25509.0
1626065977000,25509.0
1626066007000,25509.0
1626066037000,25509.0
1626066067000,25509.0
1626066097000,25509.0
1626066127000,25509.0
1626066157000,25509.0
1626066187000,25509.0
1626066217000,25509.0
1626066247000,25509.0
1626066277000,25509.0
1626066307000,25509.0
1626066337000,25509.0
1626066367000,25509.0
1626066397000,25509.0
1626066427000,25509.0
1626066457000,25509.0
1626066487000,25509.0
1626066517000,25509.0
1626066547000,25509.0
1626066577000,25509.0
1626066607000,25509.0
1626066637000,25509.0
1626066667000,25509.0
1626066697000,25509.0
1626066727000,25509.0
1626066757000,25509.0
1626066787000,25509.0
1626066817000,25509.0
1626066847000,25509.0
1626066877000,25509.0
1626066907000,25509.0
1626066937000,25509.0
1626066967000,25509.0
1626066997000,25509.0
1626067027000,25509.0
1626067057000,25509.0
1626067087000,25509.0
1626067117000,25509.0
1626067147000,25509.0
1626067177000,25509.0
1626067207000,25509.0
1626067237000,25509.0
1626067267000,25509.0
1626067297000,25509.0
1626067327000,25509.0
1626067357000,25509.0
1626067387000,25509.0
1626067417000,25509.0
1626067447000,25509.0
1626067477000,25509.0
1626067507000,25509.0
1626067537000,25509.0
1626067567000,25509.0
1626067597000,25509.0
1626067627000,25509.0
1626067657000,25509.0
1626067687000,25509.0
1626067717000,25509.0
1626067747000,25509.0
1626067777000,25509.0
1626067807000,25509.0
1626067837000,25509.0
1626067867000,25509.0
1626067897000,25509.0
1626067927000,25509.0
1626067957000,25509.0
1626067987000,25509.0
1626068017000,25509.0
1626068047000,25509.0
1626068077000,25509.0
1626068107000,25509.0
1626068137000,25509.0
1626068167000,25509.0
1626068197000,25509.0
1626068227000,25509.0
1626068257000,25509.0
1626068287000,25509.0
1626068317000,25509.0
1626068347000,25509.0
1626068377000,25509.0
1626068407000,25509.0
1626068437000,25509.0
1626068467000,25509.0
1626068497000,25509.0
1626068527000,25509.0
1626068557000,25509.0
1626068587000,25509.0
1626068617000,25509.0
1626068647000,25509.0
1626068677000,25509.0
1626068707000,25509.0
1626068737000,25509.0
1626068767000,25509.0
1626068797000,25509.0
1626068827000,25509.0
1626068857000,25509.0
1626068887000,25509.0
1626068917000,25509.0
1626068947000,25509.0
1626068977000,25509.0
1626069007000,25509.0
1626069037000,25509.0
1626069067000,25509.0
1626069097000,25509.0
1626069127000,25509.0
1626069157000,25509.0
1626069187000,25509.0
1626069217000,25509.0
1626069247000,25509.0
1626069277000,25509.0
1626069307000,25509.0
1626069337000,25509.0
1626069367000,25509.0
1626069397000,25509.0
1626069427000,25509.0
1626069457000,25509.0
1626069487000,25509.0
1626069517000,25509.0
1626069547000,25509.0
1626069577000,25509.0
1626069607000,25509.0
1626069637000,25509.0
1626069667000,25509.0
1626069697000,25509.0
1626069727000,25509.0
1626069757000,25509.0
1626069787000,25509.0
1626069817000,25509.0
1626069847000,25509.0
1626069877000,25509.0
1626069907000,25509.0
1626069937000,25509.0
1626069967000,25509.0
1626069997000,25509.0
1626070027000,25509.0
1626070057000,25509.0
1626070087000,25509.0
1626070117000,25509.0
1626070147000,25509.0
1626070177000,25509.0
1626070207000,25509.0
1626070237000,25509.0
1626070267000,25509.0
1626070297000,25509.0
1626070327000,25509.0
1626070357000,25509.0
1626070387000,25509.0
1626070417000,25509.0
1626070447000,25509.0
1626070477000,25509.0
1626070507000,25509.0
1626070537000,25509.0
1626070567000,25509.0
1626070597000,25509.0
1626070627000,25509.0
1626070657000,25509.0
1626070687000,25509.0
1626070717000,25509.0
1626070747000,25509.0
1626070777000,25509.0
1626070807000,25509.0
1626070837000,25509.0
1626070867000,25509.0
1626070897000,25509.0
1626070927000,25509.0
1626070957000,25509.0
1626070987000,25509.0
1626071017000,25509.0
1626071047000,25509.0
1626071077000,25509.0
1626071107000,25509.0
1626071137000,25509.0
1626071167000,25509.0
1626071197000,25509.0
1626071227000,25509.0
1626071257000,25509.0
1626071287000,25509.0
1626071317000,25509.0
1626071347000,25509.0
1626071377000,25509.0
1626071407000,25509.0
1626071437000,25509.0
1626071467000,25509.0
1626071497000,25509.0
1626071527000,25509.0
1626071557000,25509.0
1626071587000,25509.0
1626071617000,25509.0
1626071647000,25509.0
1626071677000,25509.0
1626071707000,25509.0
1626071737000,25509.0
1626071767000,25509.0
1626071797000,25509.0
1626071827000,25509.0
1626071857000,25509.0
1626071887000,25509.0
1626071917000,25509.0
1626071947000,25509.0
1626071977000,25509.0
1626072007000,25509.0
1626072037000,25509.0
1626072067000,25509.0
1626072097000,25509.0
1626072127000,25509.0
1626072157000,25509.0
1626072187000,25509.0
1626072217000,25509.0
1626072247000,25509.0
1626072277000,25509.0
1626072307000,25509.0
1626072337000,25509.0
1626072367000,25509.0
1626072397000,25509.0
1626072427000,25509.0
1626072457000,25509.0
1626072487000,25509.0
1626072517000,25509.0
1626072547000,25509.0
1626072577000,25509.0
1626072607000,25509.0
1626072637000,25509.0
1626072667000,25509.0
1626072697000,25509.0
1626072727000,25509.0
1626072757000,25509.0
1626072787000,25509.0
1626072817000,25509.0
1626072847000,25509.0
1626072877000,25509.0
1626072907000,25509.0
1626072937000,25509.0
1626072967000,25509.0
1626072997000,25509.0
1626073027000,25509.0
1626073057000,25509.0
1626073087000,25509.0
1626073117000,25509.0
1626073147000,25509.0
1626073177000,25509.0
1626073207000,25509.0
1626073237000,25509.0
1626073267000,25509.0
1626073297000,25509.0
1626073327000,25509.0
1626073357000,25509.0
1626073387000,25509.0
1626073417000,25509.0
1626073447000,25509.0
1626073477000,25509.0
1626073507000,25509.0
1626073537000,25509.0
1626073567000,25509.0
1626073597000,25509.0
1626073627000,25509.0
1626073657000,25509.0
1626073687000,25509.0
1626073717000,25509.0
1626073747000,25509.0
1626073777000,25509.0
1626073807000,25509.0
1626073837000,25509.0
1626073867000,25509.0
1626073897000,25509.0
1626073927000,25509.0
1626073957000,25509.0
1626073987000,25509.0
1626074017000,25509.0
1626074047000,25509.0
1626074077000,25509.0
1626074107000,25509.0
1626074137000,25509.0
1626074167000,25509.0
1626074197000,25509.0
1626074227000,25509.0
1626074257000,25509.0
1626074287000,25509.0
1626074317000,25509.0
1626074347000,25509.0
1626074377000,25509.0
1626074407000,25509.0
1626074437000,25509.0
1626074467000,25509.0
1626074497000,25509.0
1626074527000,25509.0
1626074557000,25509.0
1626074587000,25509.0
1626074617000,25509.0
1626074647000,25509.0
1626074677000,25509.0
1626074707000,25509.0
1626074737000,25509.0
1626074767000,25509.0
1626074797000,25509.0
1626074827000,25509.0
1626074857000,25509.0
1626074887000,25509.0
1626074917000,25509.0
1626074947000,25509.0
1626074977000,25509.0
1626075007000,25509.0
1626075037000,25509.0
1626075067000,25509.0
1626075097000,25509.0
1626075127000,25509.0
1626075157000,25509.0
1626075187000,25509.0
1626075217000,25509.0
1626075247000,25509.0
1626075277000,25509.0
1626075307000,25509.0
1626075337000,25509.0
1626075367000,25509.0
1626075397000,25509.0
1626075427000,25509.0
1626075457000,25509.0
1626075487000,25509.0
1626075517000,25509.0
1626075547000,25509.0
1626075577000,25509.0
1626075607000,25509.0
1626075637000,25509.0
1626075667000,25509.0
1626075697000,25509.0
1626075727000,25509.0
1626075757000,25509.0
1626075787000,25509.0
1626075817000,25509.0
1626075847000,25509.0
1626075877000,25509.0
1626075907000,25509.0
1626075937000,25509.0
1626075967000,25509.0
1626075997000,25509.0
1626076027000,25509.0
1626076057000,25509.0
1626076087000,25509.0
1626076117000,25509.0
1626076147000,25509.0
1626076177000,25509.0
1626076207000,25509.0
1626076237000,25509.0
1626076267000,25509.0
1626076297000,25509.0
1626076327000,25509.0
1626076357000,25509.0
1626076387000,25509.0
1626076417000,25509.0
1626076447000,25509.0
1626076477000,25509.0
1626076507000,25509.0
1626076537000,25509.0
1626076567000,25509.0
1626076597000,25509.0
1626076627000,25509.0
1626076657000,25509.0
1626076687000,25509.0
1626076717000,25509.0
1626076747000,25509.0
1626076777000,25509.0
1626076807000,25509.0
1626076837000,25509.0
1626076867000,25509.0
1626076897000,25509.0
1626076927000,25509.0
1626076957000,25509.0
1626076987000,25509.0
1626077017000,25509.0
1626077047000,25509.0
1626077077000,25509.0
1626077107000,25509.0
1626077137000,25509.0
1626077167000,25509.0
1626077197000,25509.0
1626077227000,25509.0
1626077257000,25509.0
1626077287000,25509.0
1626077317000,25509.0
1626077347000,25509.0
1626077377000,25509.0
1626077407000,25509.0
1626077437000,25509.0
1626077467000,25509.0
1626077497000,25509.0
1626077527000,25509.0
1626077557000,25509.0
1626077587000,25509.0
1626077617000,25509.0
1626077647000,25509.0
1626077677000,25509.0
1626077707000,25509.0
1626077737000,25509.0
1626077767000,25509.0
1626077797000,25509.0
1626077827000,25509.0
1626077857000,25509.0
1626077887000,25509.0
1626077917000,25509.0
1626077947000,25509.0
1626077977000,25509.0
1626078007000,25509.0
1626078037000,25509.0
1626078067000,25509.0
1626078097000,25509.0
1626078127000,25509.0
1626078157000,25509.0
1626078187000,25509.0
1626078217000,25509.0
1626078247000,25509.0
1626078277000,25509.0
1626078307000,25509.0
1626078337000,25509.0
1626078367000,25509.0
1626078397000,25509.0
1626078427000,25509.0
1626078457000,25509.0
1626078487000,25509.0
1626078517000,25509.0
1626078547000,25509.0
1626078577000,25509.0
1626078607000,25509.0
1626078637000,25509.0
1626078667000,25509.0
1626078697000,25509.0
1626078727000,25509.0
1626078757000,25509.0
1626078787000,25509.0
1626078817000,25509.0
1626078847000,25509.0
1626078877000,25509.0
1626078907000,25509.0
1626078937000,25509.0
1626078967000,25509.0
1626078997000,25509.0
1626079027000,25509.0
1626079057000,25509.0
1626079087000,25509.0
1626079117000,25509.0
1626079147000,25509.0
1626079177000,25509.0
1626079207000,25509.0
1626079237000,25509.0
1626079267000,25509.0
1626079297000,25509.0
1626079327000,25509.0
1626079357000,25509.0
1626079387000,25509.0
1626079417000,25509.0
1626079447000,25509.0
1626079477000,25509.0
1626079507000,25509.0
1626079537000,25509.0
1626079567000,25509.0
1626079597000,25509.0
1626079627000,25509.0
1626079657000,25509.0
1626079687000,25509.0
1626079717000,25509.0
1626079747000,25509.0
1626079777000,25509.0
1626079807000,25509.0
1626079837000,25509.0
1626079867000,25509.0
1626079897000,25509.0
1626079927000,25509.0
1626079957000,25509.0
1626079987000,25509.0
1626080017000,25509.0
1626080047000,25509.0
1626080077000,25509.0
1626080107000,25509.0
1626080137000,25509.0
1626080167000,25509.0
1626080197000,25509.0
1626080227000,25509.0
1626080257000,25509.0
1626080287000,25509.0
1626080317000,25509.0
1626080347000,25509.0
1626080377000,25509.0
1626080407000,25509.0
1626080437000,25509.0
1626080467000,25509.0
1626080497000,25509.0
1626080527000,25509.0
1626080557000,25509.0
1626080587000,25509.0
1626080617000,25509.0
1626080647000,25509.0
1626080677000,25509.0
1626080707000,25509.0
1626080737000,25509.0
1626080767000,25509.0
1626080797000,25509.0
1626080827000,25509.0
1626080857000,25509.0
1626080887000,25509.0
1626080917000,25509.0
1626080947000,25509.0
1626080977000,25509.0
1626081007000,25509.0
1626081037000,25509.0
1626081067000,25509.0
1626081097000,25509.0
1626081127000,25509.0
1626081157000,25509.0
1626081187000,25509.0
1626081217000,25509.0
1626081247000,25509.0
1626081277000,25509.0
1626081307000,25509.0
1626081337000,25509.0
1626081367000,25509.0
1626081397000,25509.0
1626081427000,25509.0
1626081457000,25509.0
1626081487000,25509.0
1626081517000,25509.0
1626081547000,25509.0
1626081577000,25509.0
1626081607000,25509.0
1626081637000,25509.0
1626081667000,25509.0
1626081697000,25509.0
1626081727000,25509.0
1626081757000,25509.0
1626081787000,25509.0
1626081817000,25509.0
1626081847000,25509.0
1626081877000,25509.0
1626081907000,25509.0
1626081937000,25509.0
1626081967000,25509.0
1626081997000,25509.0
1626082027000,25509.0
1626082057000,25509.0
1626082087000,25509.0
1626082117000,25509.0
1626082147000,25509.0
1626082177000,25509.0
1626082207000,25509.0
1626082267000,25509.0
1626082237000,25509.0
1626082297000,25509.0
1626082327000,25509.0
1626082357000,25509.0
1626082387000,25509.0
1626082417000,25509.0
1626082447000,25509.0
1626082477000,25509.0
1626082507000,25509.0
1626082537000,25509.0
1626082567000,25509.0
1626082597000,25509.0
1626082627000,25509.0
1626082657000,25509.0
1626082687000,25509.0
1626082717000,25509.0
1626082747000,25509.0
1626082777000,25509.0
1626082807000,25509.0
1626082837000,25509.0
1626082867000,25509.0
1626082897000,25509.0
1626082927000,25509.0
1626082957000,25509.0
1626082987000,25509.0
1626083017000,25509.0
1626083047000,25509.0
1626083077000,25509.0
1626083107000,25509.0
1626083137000,25509.0
1626083167000,25509.0
1626083197000,25509.0
1626083227000,25509.0
1626083257000,25509.0
1626083287000,25509.0
1626083317000,25509.0
1626083347000,25509.0
1626083377000,25509.0
1626083407000,25509.0
1626083437000,25509.0
1626083467000,25509.0
1626083497000,25509.0
1626083527000,25509.0
1626083557000,25509.0
1626083587000,25509.0
1626083617000,25509.0
1626083647000,25509.0
1626083677000,25509.0
1626083707000,25509.0
1626083737000,25509.0
1626083767000,25509.0
1626083797000,25509.0
1626083827000,25509.0
1626083857000,25509.0
1626083887000,25509.0
1626083917000,25509.0
1626083947000,25509.0
1626083977000,25509.0
1626084007000,25509.0
1626084037000,25509.0
1626084067000,25509.0
1626084097000,25509.0
1626084127000,25509.0
1626084157000,25509.0
1626084187000,25509.0
1626084217000,25509.0
1626084247000,25509.0
1626084277000,25509.0
1626084307000,25509.0
1626084337000,25509.0
1626084367000,25509.0
1626084397000,25509.0
1626084427000,25509.0
1626084457000,25509.0
1626084487000,25509.0
1626084517000,25509.0
1626084547000,25509.0
1626084577000,25509.0
1626084607000,25509.0
1626084637000,25509.0
1626084667000,25509.0
1626084697000,25509.0
1626084727000,25509.0
1626084757000,25509.0
1626084787000,25509.0
1626084817000,25509.0
1626084847000,25509.0
1626084877000,25509.0
1626084907000,25509.0
1626084937000,25509.0
1626084967000,25509.0
1626084997000,25509.0
1626085027000,25509.0
1626085057000,25509.0
1626085087000,25509.0
1626085117000,25509.0
1626085147000,25509.0
1626085177000,25509.0
1626085207000,25509.0
1626085237000,25509.0
1626085267000,25509.0
1626085297000,25509.0
1626085327000,25509.0
1626085357000,25509.0
1626085387000,25509.0
1626085417000,25509.0
1626085447000,25509.0
1626085477000,25509.0
1626085507000,25509.0
1626085537000,25509.0
1626085567000,25509.0
1626085597000,25509.0
1626085627000,25509.0
1626085657000,25509.0
1626085687000,25509.0
1626085717000,25509.0
1626085747000,25509.0
1626085777000,25509.0
1626085807000,25509.0
1626085837000,25509.0
1626085867000,25509.0
1626085897000,25509.0
1626085927000,25509.0
1626085957000,25509.0
1626085987000,25509.0
1626086017000,25509.0
1626086047000,25509.0
1626086077000,25509.0
1626086107000,25509.0
1626086137000,25509.0
1626086167000,25509.0
1626086197000,25509.0
1626086227000,25509.0
1626086257000,25509.0
1626086287000,25509.0
1626086317000,25509.0
1626086347000,25509.0
1626086377000,25509.0
1626086407000,25509.0
1626086437000,25509.0
1626086467000,25509.0
1626086497000,25509.0
1626086527000,25509.0
1626086557000,25509.0
1626086587000,25509.0
1626086617000,25509.0
1626086647000,25509.0
1626086677000,25509.0
1626086707000,25509.0
1626086737000,25509.0
1626086767000,25509.0
1626086797000,25509.0
1626086827000,25509.0
1626086857000,25509.0
1626086887000,25509.0
1626086917000,25509.0
1626086947000,25509.0
1626086977000,25509.0
1626087007000,25509.0
1626087037000,25509.0
1626087067000,25509.0
1626087097000,25509.0
1626087127000,25509.0
1626087157000,25509.0
1626087187000,25509.0
1626087217000,25509.0
1626087247000,25509.0
1626087277000,25509.0
1626087307000,25509.0
1626087337000,25509.0
1626087367000,25509.0
1626087397000,25509.0
1626087427000,25509.0
1626087457000,25509.0
1626087487000,25509.0
1626087517000,25509.0
1626087547000,25509.0
1626087577000,25509.0
1626087607000,25509.0
1626087637000,25509.0
1626087667000,25509.0
1626087697000,25509.0
1626087727000,25509.0
1626087757000,25509.0
1626087787000,25509.0
1626087817000,25509.0
1626087847000,25509.0
1626087877000,25509.0
1626087907000,25509.0
1626087937000,25509.0
1626087967000,25509.0
1626087997000,25509.0
1626088027000,25509.0
1626088057000,25509.0
1626088087000,25509.0
1626088117000,25509.0
1626088147000,25509.0
1626088177000,25509.0
1626088207000,25509.0
1626088237000,25509.0
1626088267000,25509.0
1626088297000,25509.0
1626088327000,25509.0
1626088357000,25509.0
1626088387000,25509.0
1626088417000,25509.0
1626088447000,25509.0
1626088477000,25509.0
1626088507000,25509.0
1626088537000,25509.0
1626088567000,25509.0
1626088597000,25509.0
1626088627000,25509.0
1626088657000,25509.0
1626088687000,25509.0
1626088717000,25509.0
1626088747000,25509.0
1626088777000,25509.0
1626088807000,25509.0
1626088837000,25509.0
1626088867000,25509.0
1626088897000,25509.0
1626088927000,25509.0
1626088957000,25509.0
1626088987000,25509.0
1626089017000,25509.0
1626089047000,25509.0
1626089077000,25509.0
1626089107000,25509.0
1626089137000,25509.0
1626089167000,25509.0
1626089197000,25509.0
1626089227000,25509.0
1626089257000,25509.0
1626089287000,25509.0
1626089317000,25509.0
1626089347000,25509.0
1626089377000,25509.0
1626089407000,25509.0
1626089437000,25509.0
1626089467000,25509.0
1626089497000,25509.0
1626089527000,25509.0
1626089557000,25509.0
1626089587000,25509.0
1626089617000,25509.0
1626089647000,25509.0
1626089677000,25509.0
1626089707000,25509.0
1626089737000,25509.0
1626089767000,25509.0
1626089797000,25509.0
1626089827000,25509.0
1626089857000,25509.0
1626089887000,25509.0
1626089917000,25509.0
1626089947000,25509.0
1626089977000,25509.0
1626090007000,25509.0
1626090037000,25509.0
1626090067000,25509.0
1626090097000,25509.0
1626090127000,25509.0
1626090157000,25509.0
1626090187000,25509.0
1626090247000,25509.0
1626090217000,25509.0
1626090277000,25509.0
1626090307000,25509.0
1626090337000,25509.0
1626090367000,25509.0
1626090397000,25509.0
1626090427000,25509.0
1626090457000,25509.0
1626090487000,25509.0
1626090517000,25509.0
1626090547000,25509.0
1626090577000,25509.0
1626090607000,25509.0
1626090637000,25509.0
1626090667000,25509.0
1626090697000,25509.0
1626090727000,25509.0
1626090757000,25509.0
1626090787000,25509.0
1626090817000,25509.0
1626090847000,25509.0
1626090877000,25509.0
1626090907000,25509.0
1626090937000,25509.0
1626090967000,25509.0
1626090997000,25509.0
1626091027000,25509.0
1626091057000,25509.0
1626091087000,25509.0
1626091117000,25509.0
1626091147000,25509.0
1626091177000,25509.0
1626091207000,25509.0
1626091237000,25509.0
1626091267000,25509.0
1626091297000,25509.0
1626091327000,25509.0
1626091357000,25509.0
1626091387000,25509.0
1626091417000,25509.0
1626091447000,25509.0
1626091477000,25509.0
1626091507000,25509.0
1626091537000,25509.0
1626091567000,25509.0
1626091597000,25509.0
1626091627000,25509.0
1626091657000,25509.0
1626091687000,25509.0
1626091717000,25509.0
1626091747000,25509.0
1626091777000,25509.0
1626091807000,25509.0
1626091837000,25509.0
1626091867000,25509.0
1626091897000,25509.0
1626091927000,25509.0
1626091957000,25509.0
1626091987000,25509.0
1626092017000,25509.0
1626092047000,25509.0
1626092077000,25509.0
1626092107000,25509.0
1626092137000,25509.0
1626092167000,25509.0
1626092197000,25509.0
1626092227000,25509.0
1626092257000,25509.0
1626092287000,25509.0
1626092317000,25509.0
1626092347000,25509.0
1626092377000,25509.0
1626092407000,25509.0
1626092437000,25509.0
1626092467000,25509.0
1626092497000,25509.0
1626092527000,25509.0
1626092557000,25509.0
1626092587000,25509.0
1626092617000,25509.0
1626092647000,25509.0
1626092677000,25509.0
1626092707000,25509.0
1626092737000,25509.0
1626092767000,25509.0
1626092797000,25509.0
1626092827000,25509.0
1626092857000,25509.0
1626092887000,25509.0
1626092917000,25509.0
1626092947000,25509.0
1626092977000,25509.0
1626093007000,25509.0
1626093037000,25509.0
1626093067000,25509.0
1626093097000,25509.0
1626093127000,25509.0
1626093157000,25509.0
1626093187000,25509.0
1626093217000,25509.0
1626093247000,25509.0
1626093277000,25509.0
1626093307000,25509.0
1626093337000,25509.0
1626093367000,25509.0
1626093397000,25509.0
1626093427000,25509.0
1626093457000,25509.0
1626093487000,25509.0
1626093517000,25509.0
1626093547000,25509.0
1626093577000,25509.0
1626093607000,25509.0
1626093637000,25509.0
1626093667000,25509.0
1626093697000,25509.0
1626093727000,25509.0
1626093757000,25509.0
1626093787000,25509.0
1626093817000,25509.0
1626093847000,25509.0
1626093877000,25509.0
1626093907000,25509.0
1626093937000,25509.0
1626093967000,25509.0
1626093997000,25509.0
1626094027000,25509.0
1626094057000,25509.0
1626094087000,25509.0
1626094117000,25509.0
1626094147000,25509.0
1626094177000,25509.0
1626094207000,25509.0
1626094237000,25509.0
1626094267000,25509.0
1626094297000,25509.0
1626094327000,25509.0
1626094357000,25509.0
1626094387000,25509.0
1626094417000,25509.0
1626094447000,25509.0
1626094477000,25509.0
1626094507000,25509.0
1626094537000,25509.0
1626094567000,25509.0
1626094597000,25509.0
1626094627000,25509.0
1626094657000,25509.0
1626094687000,25509.0
1626094717000,25509.0
1626094747000,25509.0
1626094777000,25509.0
1626094807000,25509.0
1626094837000,25509.0
1626094867000,25509.0
1626094897000,25509.0
1626094927000,25509.0
1626094957000,25509.0
1626094987000,25509.0
1626095017000,25509.0
1626095047000,25509.0
1626095077000,25509.0
1626095107000,25509.0
1626095137000,25509.0
1626095167000,25509.0
1626095197000,25509.0
1626095227000,25509.0
1626095257000,25509.0
1626095287000,25509.0
1626095317000,25509.0
1626095347000,25509.0
1626095377000,25509.0
1626095407000,25509.0
1626095437000,25509.0
1626095467000,25509.0
1626095497000,25509.0
1626095527000,25509.0
1626095557000,25509.0
1626095587000,25509.0
1626095617000,25509.0
1626095647000,25509.0
1626095677000,25509.0
1626095707000,25509.0
1626095737000,25509.0
1626095767000,25509.0
1626095797000,25509.0
1626095827000,25509.0
1626095857000,25509.0
1626095887000,25509.0
1626095917000,25509.0
1626095947000,25509.0
1626095977000,25509.0
1626096007000,25509.0
1626096037000,25509.0
1626096067000,25509.0
1626096097000,25509.0
1626096127000,25509.0
1626096157000,25509.0
1626096187000,25509.0
1626096217000,25509.0
1626096247000,25509.0
1626096277000,25509.0
1626096307000,25509.0
1626096337000,25509.0
1626096367000,25509.0
1626096397000,25509.0
1626096427000,25509.0
1626096457000,25509.0
1626096487000,25509.0
1626096517000,25509.0
1626096547000,25509.0
1626096577000,25509.0
1626096607000,25509.0
1626096637000,25509.0
1626096667000,25509.0
1626096697000,25509.0
1626096727000,25509.0
1626096757000,25509.0
1626096787000,25509.0
1626096817000,25509.0
1626096847000,25509.0
1626096877000,25509.0
1626096907000,25509.0
1626096937000,25509.0
1626096967000,25509.0
1626096997000,25509.0
1626097027000,25509.0
1626097057000,25509.0
1626097087000,25509.0
1626097117000,25509.0
1626097147000,25509.0
1626097177000,25509.0
1626097207000,25509.0
1626097237000,25509.0
1626097267000,25509.0
1626097297000,25509.0
1626097327000,25509.0
1626097357000,25509.0
1626097387000,25509.0
1626097417000,25509.0
1626097447000,25509.0
1626097477000,25509.0
1626097507000,25509.0
1626097537000,25509.0
1626097567000,25509.0
1626097597000,25509.0
1626097627000,25509.0
1626097657000,25509.0
1626097687000,25509.0
1626097717000,25509.0
1626097747000,25509.0
1626097777000,25509.0
1626097807000,25509.0
1626097837000,25509.0
1626097867000,25509.0
1626097897000,25509.0
1626097927000,25509.0
1626097957000,25509.0
1626097987000,25509.0
1626098017000,25509.0
1626098047000,25509.0
1626098077000,25509.0
1626098107000,25509.0
1626098137000,25509.0
1626098167000,25509.0
1626098197000,25509.0
1626098227000,25509.0
1626098257000,25509.0
1626098287000,25509.0
1626098317000,25509.0
1626098347000,25509.0
1626098377000,25509.0
1626098407000,25509.0
1626098437000,25509.0
1626098467000,25509.0
1626098497000,25509.0
1626098527000,25509.0
1626098557000,25509.0
1626098587000,25509.0
1626098617000,25509.0
1626098647000,25509.0
1626098677000,25509.0
1626098707000,25509.0
1626098737000,25509.0
1626098767000,25509.0
1626098797000,25509.0
1626098827000,25509.0
1626098857000,25509.0
1626098887000,25509.0
1626098917000,25509.0
1626098947000,25509.0
1626098977000,25509.0
1626099007000,25509.0
1626099037000,25509.0
1626099067000,25509.0
1626099097000,25509.0
1626099127000,25509.0
1626099157000,25509.0
1626099187000,25509.0
1626099217000,25509.0
1626099247000,25509.0
1626099277000,25509.0
1626099307000,25509.0
1626099337000,25509.0
1626099367000,25509.0
1626099397000,25509.0
1626099427000,25509.0
1626099457000,25509.0
1626099487000,25509.0
1626099517000,25509.0
1626099547000,25509.0
1626099577000,25509.0
1626099607000,25509.0
1626099637000,25509.0
1626099667000,25509.0
1626099697000,25509.0
1626099727000,25509.0
1626099757000,25509.0
1626099787000,25509.0
1626099817000,25509.0
1626099847000,25509.0
1626099877000,25509.0
1626099907000,25509.0
1626099937000,25509.0
1626099967000,25509.0
1626099997000,25509.0
1626100027000,25509.0
1626100057000,25509.0
1626100087000,25509.0
1626100117000,25509.0
1626100147000,25509.0
1626100177000,25509.0
1626100207000,25509.0
1626100237000,25509.0
1626100267000,25509.0
1626100297000,25509.0
1626100327000,25509.0
1626100357000,25509.0
1626100387000,25509.0
1626100417000,25509.0
1626100447000,25509.0
1626100477000,25509.0
1626100507000,25509.0
1626100537000,25509.0
1626100567000,25509.0
1626100597000,25509.0
1626100627000,25509.0
1626100657000,25509.0
1626100687000,25509.0
1626100717000,25509.0
1626100747000,25509.0
1626100777000,25509.0
1626100807000,25509.0
1626100837000,25509.0
1626100867000,25509.0
1626100897000,25509.0
1626100927000,25509.0
1626100957000,25509.0
1626100987000,25509.0
1626101017000,25509.0
1626101047000,25509.0
1626101077000,25509.0
1626101107000,25509.0
1626101137000,25509.0
1626101167000,25509.0
1626101197000,25509.0
1626101227000,25509.0
1626101257000,25509.0
1626101287000,25509.0
1626101317000,25509.0
1626101347000,25509.0
1626101377000,25509.0
1626101407000,25509.0
1626101437000,25509.0
1626101467000,25509.0
1626101497000,25509.0
1626101527000,25509.0
1626101557000,25509.0
1626101587000,25509.0
1626101617000,25509.0
1626101647000,25509.0
1626101677000,25509.0
1626101707000,25509.0
1626101737000,25509.0
1626101767000,25509.0
1626101797000,25509.0
1626101827000,25509.0
1626101857000,25509.0
1626101887000,25509.0
1626101917000,25509.0
1626101947000,25509.0
1626101977000,25509.0
1626102007000,25509.0
1626102037000,25509.0
1626102067000,25509.0
1626102097000,25509.0
1626102127000,25509.0
1626102157000,25509.0
1626102187000,25509.0
1626102217000,25509.0
1626102247000,25509.0
1626102277000,25509.0
1626102307000,25509.0
1626102337000,25509.0
1626102367000,25509.0
1626102397000,25509.0
1626102427000,25509.0
1626102457000,25509.0
1626102487000,25509.0
1626102517000,25509.0
1626102547000,25509.0
1626102577000,25509.0
1626102607000,25509.0
1626102637000,25509.0
1626102667000,25509.0
1626102697000,25509.0
1626102727000,25509.0
1626102757000,25509.0
1626102787000,25509.0
1626102817000,25509.0
1626102847000,25509.0
1626102877000,25509.0
1626102907000,25509.0
1626102937000,25509.0
1626102967000,25509.0
1626102997000,25509.0
1626103027000,25509.0
1626103057000,25509.0
1626103087000,25509.0
1626103117000,25509.0
1626103147000,25509.0
1626103177000,25509.0
1626103207000,25509.0
1626103237000,25509.0
1626103267000,25509.0
1626103297000,25509.0
1626103327000,25509.0
1626103357000,25509.0
1626103387000,25509.0
1626103417000,25509.0
1626103447000,25509.0
1626103477000,25509.0
1626103507000,25509.0
1626103537000,25509.0
1626103567000,25509.0
1626103597000,25509.0
1626103627000,25509.0
1626103657000,25509.0
1626103687000,25509.0
1626103717000,25509.0
1626103747000,25509.0
1626103777000,25509.0
1626103807000,25509.0
1626103837000,25509.0
1626103867000,25509.0
1626103897000,25509.0
1626103927000,25509.0
1626103957000,25509.0
1626103987000,25509.0
1626104017000,25509.0
1626104047000,25509.0
1626104077000,25509.0
1626104107000,25509.0
1626104137000,25509.0
1626104167000,25509.0
1626104197000,25509.0
1626104227000,25509.0
1626104257000,25509.0
1626104287000,25509.0
1626104317000,25509.0
1626104347000,25509.0
1626104377000,25509.0
1626104407000,25509.0
1626104437000,25509.0
1626104467000,25509.0
1626104497000,25509.0
1626104527000,25509.0
1626104557000,25509.0
1626104587000,25509.0
1626104617000,25509.0
1626104647000,25509.0
1626104677000,25509.0
1626104707000,25509.0
1626104737000,25509.0
1626104767000,25509.0
1626104797000,25509.0
1626104827000,25509.0
1626104857000,25509.0
1626104887000,25509.0
1626104917000,25509.0
1626104947000,25509.0
1626104977000,25509.0
1626105007000,25509.0
1626105037000,25509.0
1626105067000,25509.0
1626105097000,25509.0
1626105127000,25509.0
1626105157000,25509.0
1626105187000,25509.0
1626105217000,25509.0
1626105247000,25509.0
1626105277000,25509.0
1626105307000,25509.0
1626105337000,25509.0
1626105367000,25509.0
1626105397000,25509.0
1626105427000,25509.0
1626105457000,25509.0
1626105487000,25509.0
1626105517000,25509.0
1626105547000,25509.0
1626105577000,25509.0
1626105607000,25509.0
1626105637000,25509.0
1626105667000,25509.0
1626105697000,25509.0
1626105727000,25509.0
1626105757000,25509.0
1626105787000,25509.0
1626105817000,25509.0
1626105847000,25509.0
1626105877000,25509.0
1626105907000,25509.0
1626105937000,25509.0
1626105967000,25509.0
1626105997000,25509.0
1626106027000,25509.0
1626106057000,25509.0
1626106087000,25509.0
1626106117000,25509.0
1626106147000,25509.0
1626106177000,25509.0
1626106207000,25509.0
1626106237000,25509.0
1626106267000,25509.0
1626106297000,25509.0
1626106327000,25509.0
1626106357000,25509.0
1626106387000,25509.0
1626106417000,25509.0
1626106447000,25509.0
1626106477000,25509.0
1626106507000,25509.0
1626106537000,25509.0
1626106567000,25509.0
1626106597000,25509.0
1626106627000,25509.0
1626106657000,25509.0
1626106687000,25509.0
1626106717000,25509.0
1626106747000,25509.0
1626106777000,25509.0
1626106807000,25509.0
1626106837000,25509.0
1626106867000,25509.0
1626106897000,25509.0
1626106927000,25509.0
1626106957000,25509.0
1626106987000,25509.0
1626107017000,25509.0
1626107047000,25509.0
1626107077000,25509.0
1626107107000,25509.0
1626107137000,25509.0
1626107167000,25509.0
1626107197000,25509.0
1626107227000,25509.0
1626107257000,25509.0
1626107287000,25509.0
1626107317000,25509.0
1626107347000,25509.0
1626107377000,25509.0
1626107407000,25509.0
1626107437000,25509.0
1626107467000,25509.0
1626107497000,25509.0
1626107527000,25509.0
1626107557000,25509.0
1626107587000,25509.0
1626107617000,25509.0
1626107647000,25509.0
1626107677000,25509.0
1626107707000,25509.0
1626107737000,25509.0
1626107767000,25509.0
1626107797000,25509.0
1626107827000,25509.0
1626107857000,25509.0
1626107887000,25509.0
1626107917000,25509.0
1626107947000,25509.0
1626107977000,25509.0
1626108007000,25509.0
1626108037000,25509.0
1626108067000,25509.0
1626108097000,25509.0
1626108127000,25509.0
1626108157000,25509.0
1626108187000,25509.0
1626108217000,25509.0
1626108247000,25509.0
1626108277000,25509.0
1626108307000,25509.0
1626108337000,25509.0
1626108367000,25509.0
1626108397000,25509.0
1626108427000,25509.0
1626108457000,25509.0
1626108487000,25509.0
1626108517000,25509.0
1626108547000,25509.0
1626108577000,25509.0
1626108607000,25509.0
1626108637000,25509.0
1626108667000,25509.0
1626108697000,25509.0
1626108727000,25509.0
1626108757000,25509.0
1626108787000,25509.0
1626108817000,25509.0
1626108847000,25509.0
1626108877000,25509.0
1626108907000,25509.0
1626108937000,25509.0
1626108967000,25509.0
1626108997000,25509.0
1626109027000,25509.0
1626109057000,25509.0
1626109087000,25509.0
1626109117000,25509.0
1626109147000,25509.0
1626109177000,25509.0
1626109207000,25509.0
1626109237000,25509.0
1626109267000,25509.0
1626109297000,25509.0
1626109327000,25509.0
1626109357000,25509.0
1626109387000,25509.0
1626109417000,25509.0
1626109447000,25509.0
1626109477000,25509.0
1626109507000,25509.0
1626109537000,25509.0
1626109567000,25509.0
1626109597000,25509.0
1626109627000,25509.0
1626109657000,25509.0
1626109687000,25509.0
1626109717000,25509.0
1626109747000,25509.0
1626109777000,25509.0
1626109807000,25509.0
1626109837000,25509.0
1626109867000,25509.0
1626109897000,25509.0
1626109927000,25509.0
1626109957000,25509.0
1626109987000,25509.0
1626110017000,25509.0
1626110047000,25509.0
1626110077000,25509.0
1626110107000,25509.0
1626110137000,25509.0
1626110167000,25509.0
1626110197000,25509.0
1626110227000,25509.0
1626110257000,25509.0
1626110287000,25509.0
1626110317000,25509.0
1626110347000,25509.0
1626110377000,25509.0
1626110407000,25509.0
1626110437000,25509.0
1626110467000,25509.0
1626110497000,25509.0
1626110527000,25509.0
1626110557000,25509.0
1626110587000,25509.0
1626110617000,25509.0
1626110647000,25509.0
1626110677000,25509.0
1626110707000,25509.0
1626110737000,25509.0
1626110767000,25509.0
1626110797000,25509.0
1626110827000,25509.0
1626110857000,25509.0
1626110887000,25509.0
1626110917000,25509.0
1626110947000,25509.0
1626110977000,25509.0
1626111007000,25509.0
1626111037000,25509.0
1626111067000,25509.0
1626111097000,25509.0
1626111127000,25509.0
1626111157000,25509.0
1626111187000,25509.0
1626111217000,25509.0
1626111247000,25509.0
1626111277000,25509.0
1626111307000,25509.0
1626111337000,25509.0
1626111367000,25509.0
1626111397000,25509.0
1626111427000,25509.0
1626111457000,25509.0
1626111487000,25509.0
1626111517000,25509.0
1626111547000,25509.0
1626111577000,25509.0
1626111607000,25509.0
1626111637000,25509.0
1626111667000,25509.0
1626111697000,25509.0
1626111727000,25509.0
1626111757000,25509.0
1626111787000,25509.0
1626111817000,25509.0
1626111847000,25509.0
1626111877000,25509.0
1626111907000,25509.0
1626111937000,25509.0
1626111967000,25509.0
1626111997000,25509.0
1626112027000,25509.0
1626112057000,25509.0
1626112087000,25509.0
1626112117000,25509.0
1626112147000,25509.0
1626112177000,25509.0
1626112207000,25509.0
1626112237000,25509.0
1626112267000,25509.0
1626112297000,25509.0
1626112327000,25509.0
1626112357000,25509.0
1626112387000,25509.0
1626112417000,25509.0
1626112447000,25509.0
1626112477000,25509.0
1626112507000,25509.0
1626112537000,25509.0
1626112567000,25509.0
1626112597000,25509.0
1626112627000,25509.0
1626112657000,25509.0
1626112687000,25509.0
1626112717000,25509.0
1626112747000,25509.0
1626112777000,25509.0
1626112807000,25509.0
1626112837000,25509.0
1626112867000,25509.0
1626112897000,25509.0
1626112927000,25509.0
1626112957000,25509.0
1626112987000,25509.0
1626113017000,25509.0
1626113047000,25509.0
1626113077000,25509.0
1626113107000,25509.0
1626113137000,25509.0
1626113167000,25509.0
1626113197000,25509.0
1626113227000,25509.0
1626113257000,25509.0
1626113287000,25509.0
1626113317000,25509.0
1626113347000,25509.0
1626113377000,25509.0
1626113407000,25509.0
1626113437000,25509.0
1626113467000,25509.0
1626113497000,25509.0
1626113527000,25509.0
1626113557000,25509.0
1626113587000,25509.0
1626113617000,25509.0
1626113647000,25509.0
1626113677000,25509.0
1626113707000,25509.0
1626113737000,25509.0
1626113767000,25509.0
1626113797000,25509.0
1626113827000,25509.0
1626113857000,25509.0
1626113887000,25509.0
1626113917000,25509.0
1626113947000,25509.0
1626113977000,25509.0
1626114007000,25509.0
1626114037000,25509.0
1626114067000,25509.0
1626114097000,25509.0
1626114127000,25509.0
1626114157000,25509.0
1626114187000,25509.0
1626114217000,25509.0
1626114247000,25509.0
1626114277000,25509.0
1626114307000,25509.0
1626114337000,25509.0
1626114367000,25509.0
1626114397000,25509.0
1626114427000,25509.0
1626114457000,25509.0
1626114487000,25509.0
1626114517000,25509.0
1626114547000,25509.0
1626114577000,25509.0
1626114607000,25509.0
1626114637000,25509.0
1626114667000,25509.0
1626114697000,25509.0
1626114727000,25509.0
1626114757000,25509.0
1626114787000,25509.0
1626114817000,25509.0
1626114847000,25509.0
1626114877000,25509.0
1626114907000,25509.0
1626114937000,25509.0
1626114967000,25509.0
1626114997000,25509.0
1626115027000,25509.0
1626115057000,25509.0
1626115087000,25509.0
1626115117000,25509.0
1626115147000,25509.0
1626115177000,25509.0
1626115207000,25509.0
1626115237000,25509.0
1626115267000,25509.0
1626115297000,25509.0
1626115327000,25509.0
1626115357000,25509.0
1626115387000,25509.0
1626115417000,25509.0
1626115447000,25509.0
1626115477000,25509.0
1626115507000,25509.0
1626115537000,25509.0
1626115567000,25509.0
1626115597000,25509.0
1626115627000,25509.0
1626115657000,25509.0
1626115687000,25509.0
1626115717000,25509.0
1626115747000,25509.0
1626115777000,25509.0
1626115807000,25509.0
1626115837000,25509.0
1626115867000,25509.0
1626115897000,25509.0
1626115927000,25509.0
1626115957000,25509.0
1626115987000,25509.0
1626116017000,25509.0
1626116047000,25509.0
1626116077000,25509.0
1626116107000,25509.0
1626116137000,25509.0
1626116167000,25509.0
1626116197000,25509.0
1626116227000,25509.0
1626116257000,25509.0
1626116287000,25509.0
1626116317000,25509.0
1626116347000,25509.0
1626116377000,25509.0
1626116407000,25509.0
1626116437000,25509.0
1626116467000,25509.0
1626116497000,25509.0
1626116527000,25509.0
1626116557000,25509.0
1626116587000,25509.0
1626116617000,25509.0
1626116647000,25509.0
1626116677000,25509.0
1626116707000,25509.0
1626116737000,25509.0
1626116767000,25509.0
1626116797000,25509.0
1626116827000,25509.0
1626116857000,25509.0
1626116887000,25509.0
1626116917000,25509.0
1626116947000,25509.0
1626116977000,25509.0
1626117007000,25509.0
1626117037000,25509.0
1626117067000,25509.0
1626117097000,25509.0
1626117127000,25509.0
1626117157000,25509.0
1626117187000,25509.0
1626117217000,25509.0
1626117247000,25509.0
1626117277000,25509.0
1626117307000,25509.0
1626117337000,25509.0
1626117367000,25509.0
1626117397000,25509.0
1626117427000,25509.0
1626117457000,25509.0
1626117487000,25509.0
1626117517000,25509.0
1626117547000,25509.0
1626117577000,25509.0
1626117607000,25509.0
1626117637000,25509.0
1626117667000,25509.0
1626117697000,25509.0
1626117727000,25509.0
1626117757000,25509.0
1626117787000,25509.0
1626117817000,25509.0
1626117847000,25509.0
1626117877000,25509.0
1626117907000,25509.0
1626117937000,25509.0
1626117967000,25509.0
1626117997000,25509.0
1626118027000,25509.0
1626118057000,25509.0
1626118087000,25509.0
1626118117000,25509.0
1626118147000,25509.0
1626118177000,25509.0
1626118207000,25509.0
1626118237000,25509.0
1626118267000,25509.0
1626118297000,25509.0
1626118327000,25509.0
1626118357000,25509.0
1626118387000,25509.0
1626118417000,25509.0
1626118447000,25509.0
1626118477000,25509.0
1626118507000,25509.0
1626118537000,25509.0
1626118567000,25509.0
1626118597000,25509.0
1626118627000,25509.0
1626118657000,25509.0
1626118687000,25509.0
1626118717000,25509.0
1626118747000,25509.0
1626118777000,25509.0
1626118807000,25509.0
1626118837000,25509.0
1626118867000,25509.0
1626118897000,25509.0
1626118927000,25509.0
1626118957000,25509.0
1626118987000,25509.0
1626119017000,25509.0
1626119047000,25509.0
1626119077000,25509.0
1626119107000,25509.0
1626119137000,25509.0
1626119167000,25509.0
1626119197000,25509.0
1626119227000,25509.0
1626119257000,25509.0
1626119287000,25509.0
1626119317000,25509.0
1626119347000,25509.0
1626119377000,25509.0
1626119407000,25509.0
1626119437000,25509.0
1626119467000,25509.0
1626119497000,25509.0
1626119527000,25509.0
1626119557000,25509.0
1626119587000,25509.0
1626119617000,25509.0
1626119647000,25509.0
1626119677000,25509.0
1626119707000,25509.0
1626119737000,25509.0
1626119767000,25509.0
1626119797000,25509.0
1626119827000,25509.0
1626119857000,25509.0
1626119887000,25509.0
1626119917000,25509.0
1626119947000,25509.0
1626119977000,25509.0
1626120007000,25509.0
1626120037000,25509.0
1626120067000,25509.0
1626120097000,25509.0
1626120127000,25509.0
1626120157000,25509.0
1626120187000,25509.0
1626120217000,25509.0
1626120247000,25509.0
1626120277000,25509.0
1626120307000,25509.0
1626120337000,25509.0
1626120367000,25509.0
1626120397000,25509.0
1626120427000,25509.0
1626120457000,25509.0
1626120487000,25509.0
1626120517000,25509.0
1626120547000,25509.0
1626120577000,25509.0
1626120607000,25509.0
1626120637000,25509.0
1626120667000,25509.0
1626120697000,25509.0
1626120727000,25509.0
1626120757000,25509.0
1626120787000,25509.0
1626120817000,25509.0
1626120847000,25509.0
1626120877000,25509.0
1626120907000,25509.0
1626120937000,25509.0
1626120967000,25509.0
1626120997000,25509.0
1626121027000,25509.0
1626121057000,25509.0
1626121087000,25509.0
1626121117000,25509.0
1626121147000,25509.0
1626121177000,25509.0
1626121207000,25509.0
1626121237000,25509.0
1626121267000,25509.0
1626121297000,25509.0
1626121327000,25509.0
1626121357000,25509.0
1626121387000,25509.0
1626121417000,25509.0
1626121447000,25509.0
1626121477000,25509.0
1626121507000,25509.0
1626121537000,25509.0
1626121567000,25509.0
1626121597000,25509.0
1626121627000,25509.0
1626121657000,25509.0
1626121687000,25509.0
1626121717000,25509.0
1626121747000,25509.0
1626121777000,25509.0
1626121807000,25509.0
1626121837000,25509.0
1626121867000,25509.0
1626121897000,25509.0
1626121927000,25509.0
1626121957000,25509.0
1626121987000,25509.0
1626122017000,25509.0
1626122047000,25509.0
1626122077000,25509.0
1626122107000,25509.0
1626122137000,25509.0
1626122167000,25509.0
1626122197000,25509.0
1626122227000,25509.0
1626122257000,25509.0
1626122287000,25509.0
1626122317000,25509.0
1626122347000,25509.0
1626122377000,25509.0
1626122407000,25509.0
1626122437000,25509.0
1626122467000,25509.0
1626122497000,25509.0
1626122527000,25509.0
1626122557000,25509.0
1626122587000,25509.0
1626122617000,25509.0
1626122647000,25509.0
1626122677000,25509.0
1626122707000,25509.0
1626122737000,25509.0
1626122767000,25509.0
1626122797000,25509.0
1626122827000,25509.0
1626122857000,25509.0
1626122887000,25509.0
1626122917000,25509.0
1626122947000,25509.0
1626122977000,25509.0
1626123007000,25509.0
1626123037000,25509.0
1626123067000,25509.0
1626123097000,25509.0
1626123127000,25509.0
1626123157000,25509.0
1626123187000,25509.0
1626123217000,25509.0
1626123247000,25509.0
1626123277000,25509.0
1626123307000,25509.0
1626123337000,25509.0
1626123367000,25509.0
1626123397000,25509.0
1626123427000,25509.0
1626123457000,25509.0
1626123487000,25509.0
1626123517000,25509.0
1626123547000,25509.0
1626123577000,25509.0
1626123607000,25509.0
1626123637000,25509.0
1626123667000,25509.0
1626123697000,25509.0
1626123727000,25509.0
1626123757000,25509.0
1626123787000,25509.0
1626123817000,25509.0
1626123847000,25509.0
1626123877000,25509.0
1626123907000,25509.0
1626123937000,25509.0
1626123967000,25509.0
1626123997000,25509.0
1626124027000,25509.0
1626124057000,25509.0
1626124087000,25509.0
1626124117000,25509.0
1626124147000,25509.0
1626124177000,25509.0
1626124207000,25509.0
1626124237000,25509.0
1626124267000,25509.0
1626124297000,25509.0
1626124327000,25509.0
1626124357000,25509.0
1626124387000,25509.0
1626124417000,25509.0
1626124447000,25509.0
1626124477000,25509.0
1626124507000,25509.0
1626124537000,25509.0
1626124567000,25509.0
1626124597000,25509.0
1626124627000,25509.0
1626124657000,25509.0
1626124687000,25509.0
1626124717000,25509.0
1626124747000,25509.0
1626124777000,25509.0
1626124807000,25509.0
1626124837000,25509.0
1626124867000,25509.0
1626124897000,25509.0
1626124927000,25509.0
1626124957000,25509.0
1626124987000,25509.0
1626125017000,25509.0
1626125047000,25509.0
1626125077000,25509.0
1626125107000,25509.0
1626125137000,25509.0
1626125167000,25509.0
1626125197000,25509.0
1626125227000,25509.0
1626125257000,25509.0
1626125287000,25509.0
1626125317000,25509.0
1626125347000,25509.0
1626125377000,25509.0
1626125407000,25509.0
1626125437000,25509.0
1626125467000,25509.0
1626125497000,25509.0
1626125527000,25509.0
1626125557000,25509.0
1626125587000,25509.0
1626125617000,25509.0
1626125647000,25509.0
1626125677000,25509.0
1626125707000,25509.0
1626125737000,25509.0
1626125767000,25509.0
1626125797000,25509.0
1626125827000,25509.0
1626125857000,25509.0
1626125887000,25509.0
1626125917000,25509.0
1626125947000,25509.0
1626125977000,25509.0
1626126007000,25509.0
1626126037000,25509.0
1626126067000,25509.0
1626126097000,25509.0
1626126127000,25509.0
1626126157000,25509.0
1626126187000,25509.0
1626126217000,25509.0
1626126247000,25509.0
1626126277000,25509.0
1626126307000,25509.0
1626126337000,25509.0
1626126367000,25509.0
1626126397000,25509.0
1626126427000,25509.0
1626126457000,25509.0
1626126487000,25509.0
1626126517000,25509.0
1626126547000,25509.0
1626126577000,25509.0
1626126607000,25509.0
1626126637000,25509.0
1626126667000,25509.0
1626126697000,25509.0
1626126757000,25509.0
1626126727000,25509.0
1626126787000,25509.0
1626126817000,25509.0
1626126847000,25509.0
1626126877000,25509.0
1626126907000,25509.0
1626126937000,25509.0
1626126967000,25509.0
1626126997000,25509.0
1626127027000,25509.0
1626127057000,25509.0
1626127087000,25509.0
1626127117000,25509.0
1626127147000,25509.0
1626127177000,25509.0
1626127207000,25509.0
1626127237000,25509.0
1626127267000,25509.0
1626127297000,25509.0
1626127327000,25509.0
1626127357000,25509.0
1626127387000,25509.0
1626127417000,25509.0
1626127447000,25509.0
1626127477000,25509.0
1626127507000,25509.0
1626127537000,25509.0
1626127567000,25509.0
1626127597000,25509.0
1626127627000,25509.0
1626127657000,25509.0
1626127687000,25509.0
1626127717000,25509.0
1626127747000,25509.0
1626127777000,25509.0
1626127807000,25509.0
1626127837000,25509.0
1626127867000,25509.0
1626127897000,25509.0
1626127927000,25509.0
1626127957000,25509.0
1626127987000,25509.0
1626128017000,25509.0
1626128047000,25509.0
1626128077000,25509.0
1626128107000,25509.0
1626128137000,25509.0
1626128167000,25509.0
1626128197000,25509.0
1626128227000,25509.0
1626128257000,25509.0
1626128287000,25509.0
1626128317000,25509.0
1626128347000,25509.0
1626128377000,25509.0
1626128407000,25509.0
1626128437000,25509.0
1626128467000,25509.0
1626128497000,25509.0
1626128527000,25509.0
1626128557000,25509.0
1626128587000,25509.0
1626128617000,25509.0
1626128647000,25509.0
1626128677000,25509.0
1626128707000,25509.0
1626128737000,25509.0
1626128767000,25509.0
1626128797000,25509.0
1626128827000,25509.0
1626128857000,25509.0
1626128887000,25509.0
1626128917000,25509.0
1626128947000,25509.0
1626128977000,25509.0
1626129007000,25509.0
1626129037000,25509.0
1626129067000,25509.0
1626129097000,25509.0
1626129127000,25509.0
1626129157000,25509.0
1626129187000,25509.0
1626129217000,25509.0
1626129247000,25509.0
1626129277000,25509.0
1626129307000,25509.0
1626129337000,25509.0
1626129367000,25509.0
1626129397000,25509.0
1626129427000,25509.0
1626129457000,25509.0
1626129487000,25509.0
1626129517000,25509.0
1626129547000,25509.0
1626129577000,25509.0
1626129607000,25509.0
1626129637000,25509.0
1626129667000,25509.0
1626129697000,25509.0
1626129727000,25509.0
1626129757000,25509.0
1626129787000,25509.0
1626129817000,25509.0
1626129847000,25509.0
1626129877000,25509.0
1626129907000,25509.0
1626129937000,25509.0
1626129967000,25509.0
1626129997000,25509.0
1626130027000,25509.0
1626130057000,25509.0
1626130087000,25509.0
1626130117000,25509.0
1626130147000,25509.0
1626130177000,25509.0
1626130207000,25509.0
1626130237000,25509.0
1626130267000,25509.0
1626130297000,25509.0
1626130327000,25509.0
1626130357000,25509.0
1626130387000,25509.0
1626130417000,25509.0
1626130447000,25509.0
1626130477000,25509.0
1626130507000,25509.0
1626130537000,25509.0
1626130567000,25509.0
1626130597000,25509.0
1626130627000,25509.0
1626130657000,25509.0
1626130687000,25509.0
1626130717000,25509.0
1626130747000,25509.0
1626130777000,25509.0
1626130807000,25509.0
1626130837000,25509.0
1626130867000,25509.0
1626130897000,25509.0
1626130927000,25509.0
1626130957000,25509.0
1626130987000,25509.0
1626131017000,25509.0
1626131047000,25509.0
1626131077000,25509.0
1626131107000,25509.0
1626131137000,25509.0
1626131167000,25509.0
1626131197000,25509.0
1626131227000,25509.0
1626131257000,25509.0
1626131287000,25509.0
1626131317000,25509.0
1626131347000,25509.0
1626131377000,25509.0
1626131407000,25509.0
1626131437000,25509.0
1626131467000,25509.0
1626131497000,25509.0
1626131527000,25509.0
1626131557000,25509.0
1626131587000,25509.0
1626131617000,25509.0
1626131647000,25509.0
1626131677000,25509.0
1626131707000,25509.0
1626131737000,25509.0
1626131767000,25509.0
1626131797000,25509.0
1626131827000,25509.0
1626131857000,25509.0
1626131887000,25509.0
1626131917000,25509.0
1626131947000,25509.0
1626131977000,25509.0
1626132007000,25509.0
1626132037000,25509.0
1626132067000,25509.0
1626132097000,25509.0
1626132127000,25509.0
1626132157000,25509.0
1626132187000,25509.0
1626132217000,25509.0
1626132247000,25509.0
1626132277000,25509.0
1626132307000,25509.0
1626132337000,25509.0
1626132367000,25509.0
1626132397000,25509.0
1626132427000,25509.0
1626132457000,25509.0
1626132487000,25509.0
1626132517000,25509.0
1626132547000,25509.0
1626132577000,25509.0
1626132607000,25509.0
1626132637000,25509.0
1626132667000,25509.0
1626132697000,25509.0
1626132727000,25509.0
1626132757000,25509.0
1626132787000,25509.0
1626132817000,25509.0
1626132847000,25509.0
1626132877000,25509.0
1626132907000,25509.0
1626132937000,25509.0
1626132967000,25509.0
1626132997000,25509.0
1626133027000,25509.0
1626133057000,25509.0
1626133087000,25509.0
1626133117000,25509.0
1626133147000,25509.0
1626133177000,25509.0
1626133207000,25509.0
1626133237000,25509.0
1626133267000,25509.0
1626133297000,25509.0
1626133327000,25509.0
1626133357000,25509.0
1626133387000,25509.0
1626133417000,25509.0
1626133447000,25509.0
1626133477000,25509.0
1626133507000,25509.0
1626133537000,25509.0
1626133567000,25509.0
1626133597000,25509.0
1626133627000,25509.0
1626133657000,25509.0
1626133687000,25509.0
1626133717000,25509.0
1626133747000,25509.0
1626133777000,25509.0
1626133807000,25509.0
1626133837000,25509.0
1626133867000,25509.0
1626133897000,25509.0
1626133927000,25509.0
1626133957000,25509.0
1626133987000,25509.0
1626134017000,25509.0
1626134047000,25509.0
1626134077000,25509.0
1626134107000,25509.0
1626134137000,25509.0
1626134167000,25509.0
1626134197000,25509.0
1626134227000,25509.0
1626134257000,25509.0
1626134287000,25509.0
1626134317000,25509.0
1626134347000,25509.0
1626134377000,25509.0
1626134407000,25509.0
1626134437000,25509.0
1626134467000,25509.0
1626134497000,25509.0
1626134527000,25509.0
1626134557000,25509.0
1626134587000,25509.0
1626134617000,25509.0
1626134647000,25509.0
1626134677000,25509.0
1626134707000,25509.0
1626134737000,25509.0
1626134767000,25509.0
1626134797000,25509.0
1626134827000,25509.0
1626134857000,25509.0
1626134887000,25509.0
1626134917000,25509.0
1626134947000,25509.0
1626134977000,25509.0
1626135007000,25509.0
1626135037000,25509.0
1626135067000,25509.0
1626135097000,25509.0
1626135127000,25509.0
1626135157000,25509.0
1626135187000,25509.0
1626135217000,25509.0
1626135247000,25509.0
1626135277000,25509.0
1626135307000,25509.0
1626135337000,25509.0
1626135367000,25509.0
1626135397000,25509.0
1626135427000,25509.0
1626135457000,25509.0
1626135487000,25509.0
1626135517000,25509.0
1626135547000,25509.0
1626135577000,25509.0
1626135607000,25509.0
1626135637000,25509.0
1626135667000,25509.0
1626135697000,25509.0
1626135727000,25509.0
1626135757000,25509.0
1626135787000,25509.0
1626135817000,25509.0
1626135847000,25509.0
1626135877000,25509.0
1626135907000,25509.0
1626135937000,25509.0
1626135967000,25509.0
1626135997000,25509.0
1626136027000,25509.0
1626136057000,25509.0
1626136087000,25509.0
1626136117000,25509.0
1626136147000,25509.0
1626136177000,25509.0
1626136207000,25509.0
1626136237000,25509.0
1626136267000,25509.0
1626136297000,25509.0
1626136327000,25509.0
1626136357000,25509.0
1626136387000,25509.0
1626136417000,25509.0
1626136447000,25509.0
1626136477000,25509.0
1626136507000,25509.0
1626136537000,25509.0
1626136567000,25509.0
1626136597000,25509.0
1626136627000,25509.0
1626136657000,25509.0
1626136687000,25509.0
1626136717000,25509.0
1626136747000,25509.0
1626136777000,25509.0
1626136807000,25509.0
1626136837000,25509.0
1626136867000,25509.0
1626136897000,25509.0
1626136927000,25509.0
1626136957000,25509.0
1626136987000,25509.0
1626137017000,25509.0
1626137047000,25509.0
1626137077000,25509.0
1626137107000,25509.0
1626137137000,25509.0
1626137167000,25509.0
1626137197000,25509.0
1626137227000,25509.0
1626137257000,25509.0
1626137287000,25509.0
1626137317000,25509.0
1626137347000,25509.0
1626137377000,25509.0
1626137407000,25509.0
1626137437000,25509.0
1626137467000,25509.0
1626137497000,25509.0
1626137527000,25509.0
1626137557000,25509.0
1626137587000,25509.0
1626137617000,25509.0
1626137647000,25509.0
1626137677000,25509.0
1626137707000,25509.0
1626137737000,25509.0
1626137767000,25509.0
1626137797000,25509.0
1626137827000,25509.0
1626137857000,25509.0
1626137887000,25509.0
1626137917000,25509.0
1626137947000,25509.0
1626137977000,25509.0
1626138007000,25509.0
1626138037000,25509.0
1626138067000,25509.0
1626138097000,25509.0
1626138127000,25509.0
1626138157000,25509.0
1626138187000,25509.0
1626138217000,25509.0
1626138247000,25509.0
1626138277000,25509.0
1626138307000,25509.0
1626138337000,25509.0
1626138367000,25509.0
1626138397000,25509.0
1626138427000,25509.0
1626138457000,25509.0
1626138487000,25509.0
1626138517000,25509.0
1626138547000,25509.0
1626138577000,25509.0
1626138607000,25509.0
1626138637000,25509.0
1626138667000,25509.0
1626138697000,25509.0
1626138727000,25509.0
1626138757000,25509.0
1626138787000,25509.0
1626138817000,25509.0
1626138847000,25509.0
1626138877000,25509.0
1626138907000,25509.0
1626138937000,25509.0
1626138967000,25509.0
1626138997000,25509.0
1626139027000,25509.0
1626139057000,25509.0
1626139087000,25509.0
1626139117000,25509.0
1626139147000,25509.0
1626139177000,25509.0
1626139207000,25509.0
1626139237000,25509.0
1626139267000,25509.0
1626139297000,25509.0
1626139327000,25509.0
1626139357000,25509.0
1626139387000,25509.0
1626139417000,25509.0
1626139447000,25509.0
1626139477000,25509.0
1626139507000,25509.0
1626139537000,25509.0
1626139567000,25509.0
1626139597000,25509.0
1626139627000,25509.0
1626139657000,25509.0
1626139687000,25509.0
1626139717000,25509.0
1626139747000,25509.0
1626139777000,25509.0
1626139807000,25509.0
1626139837000,25509.0
1626139867000,25509.0
1626139897000,25509.0
1626139927000,25509.0
1626139957000,25509.0
1626139987000,25509.0
1626140017000,25509.0
1626140047000,25509.0
1626140077000,25509.0
1626140107000,25509.0
1626140137000,25509.0
1626140167000,25509.0
1626140197000,25509.0
1626140227000,25509.0
1626140257000,25509.0
1626140287000,25509.0
1626140317000,25509.0
1626140347000,25509.0
1626140377000,25509.0
1626140407000,25509.0
1626140437000,25509.0
1626140467000,25509.0
1626140497000,25509.0
1626140527000,25509.0
1626140557000,25509.0
1626140587000,25509.0
1626140617000,25509.0
1626140647000,25509.0
1626140677000,25509.0
1626140707000,25509.0
1626140737000,25509.0
1626140767000,25509.0
1626140797000,25509.0
1626140827000,25509.0
1626140857000,25509.0
1626140887000,25509.0
1626140917000,25509.0
1626140947000,25509.0
1626140977000,25509.0
1626141007000,25509.0
1626141037000,25509.0
1626141067000,25509.0
1626141097000,25509.0
1626141127000,25509.0
1626141157000,25509.0
1626141187000,25509.0
1626141217000,25509.0
1626141247000,25509.0
1626141277000,25509.0
1626141307000,25509.0
1626141337000,25509.0
1626141367000,25509.0
1626141397000,25509.0
1626141427000,25509.0
1626141457000,25509.0
1626141487000,25509.0
1626141517000,25509.0
1626141547000,25509.0
1626141577000,25509.0
1626141607000,25509.0
1626141637000,25509.0
1626141667000,25509.0
1626141697000,25509.0
1626141727000,25509.0
1626141757000,25509.0
1626141787000,25509.0
1626141817000,25509.0
1626141847000,25509.0
1626141877000,25509.0
1626141907000,25509.0
1626141937000,25509.0
1626141967000,25509.0
1626141997000,25509.0
1626142027000,25509.0
1626142057000,25509.0
1626142087000,25509.0
1626142117000,25509.0
1626142147000,25509.0
1626142177000,25509.0
1626142207000,25509.0
1626142237000,25509.0
1626142267000,25509.0
1626142297000,25509.0
1626142327000,25509.0
1626142357000,25509.0
1626142387000,25509.0
1626142417000,25509.0
1626142447000,25509.0
1626142477000,25509.0
1626142507000,25509.0
1626142537000,25509.0
1626142567000,25509.0
1626142597000,25509.0
1626142627000,25509.0
1626142657000,25509.0
1626142687000,25509.0
1626142717000,25509.0
1626142747000,25509.0
1626142777000,25509.0
1626142807000,25509.0
1626142837000,25509.0
1626142867000,25509.0
1626142897000,25509.0
1626142927000,25509.0
1626142957000,25509.0
1626142987000,25509.0
1626143017000,25509.0
1626143047000,25509.0
1626143077000,25509.0
1626143107000,25509.0
1626143137000,25509.0
1626143167000,25509.0
1626143197000,25509.0
1626143227000,25509.0
1626143257000,25509.0
1626143287000,25509.0
1626143317000,25509.0
1626143347000,25509.0
1626143377000,25509.0
1626143407000,25509.0
1626143437000,25509.0
1626143467000,25509.0
1626143497000,25509.0
1626143527000,25509.0
1626143557000,25509.0
1626143587000,25509.0
1626143617000,25509.0
1626143647000,25509.0
1626143677000,25509.0
1626143707000,25509.0
1626143737000,25509.0
1626143767000,25509.0
1626143797000,25509.0
1626143827000,25509.0
1626143857000,25509.0
1626143887000,25509.0
1626143917000,25509.0
1626143947000,25509.0
1626143977000,25509.0
1626144007000,25509.0
1626144037000,25509.0
1626144067000,25509.0
1626144097000,25509.0
1626144127000,25509.0
1626144157000,25509.0
1626144187000,25509.0
1626144217000,25509.0
1626144247000,25509.0
1626144277000,25509.0
1626144307000,25509.0
1626144337000,25509.0
1626144367000,25509.0
1626144397000,25509.0
1626144427000,25509.0
1626144457000,25509.0
1626144487000,25509.0
1626144517000,25509.0
1626144547000,25509.0
1626144577000,25509.0
1626144607000,25509.0
1626144637000,25509.0
1626144667000,25509.0
1626144697000,25509.0
1626144727000,25509.0
1626144757000,25509.0
1626144787000,25509.0
1626144817000,25509.0
1626144847000,25509.0
1626144877000,25509.0
1626144907000,25509.0
1626144937000,25509.0
1626144967000,25509.0
1626144997000,25509.0
1626145027000,25509.0
1626145057000,25509.0
1626145087000,25509.0
1626145117000,25509.0
1626145147000,25509.0
1626145177000,25509.0
1626145207000,25509.0
1626145237000,25509.0
1626145267000,25509.0
1626145297000,25509.0
1626145327000,25509.0
1626145357000,25509.0
1626145387000,25509.0
1626145417000,25509.0
1626145447000,25509.0
1626145477000,25509.0
1626145507000,25509.0
1626145537000,25509.0
1626145567000,25509.0
1626145597000,25509.0
1626145627000,25509.0
1626145657000,25509.0
1626145687000,25509.0
1626145717000,25509.0
1626145747000,25509.0
1626145777000,25509.0
1626145807000,25509.0
1626145837000,25509.0
1626145867000,25509.0
1626145897000,25509.0
1626145927000,25509.0
1626145957000,25509.0
1626145987000,25509.0
1626146017000,25509.0
1626146047000,25509.0
1626146077000,25509.0
1626146107000,25509.0
1626146137000,25509.0
1626146167000,25509.0
1626146197000,25509.0
1626146227000,25509.0
1626146257000,25509.0
1626146287000,25509.0
1626146317000,25509.0
1626146347000,25509.0
1626146377000,25509.0
1626146407000,25509.0
1626146437000,25509.0
1626146467000,25509.0
1626146497000,25509.0
1626146527000,25509.0
1626146557000,25509.0
1626146587000,25509.0
1626146617000,25509.0
1626146647000,25509.0
1626146677000,25509.0
1626146707000,25509.0
1626146737000,25509.0
1626146767000,25509.0
1626146797000,25509.0
1626146827000,25509.0
1626146857000,25509.0
1626146887000,25509.0
1626146917000,25509.0
1626146947000,25509.0
1626146977000,25509.0
1626147007000,25509.0
1626147037000,25509.0
1626147067000,25509.0
1626147097000,25509.0
1626147127000,25509.0
1626147157000,25509.0
1626147187000,25509.0
1626147217000,25509.0
1626147247000,25509.0
1626147277000,25509.0
1626147307000,25509.0
1626147337000,25509.0
1626147367000,25509.0
1626147397000,25509.0
1626147427000,25509.0
1626147457000,25509.0
1626147487000,25509.0
1626147517000,25509.0
1626147547000,25509.0
1626147577000,25509.0
1626147607000,25509.0
1626147637000,25509.0
1626147667000,25509.0
1626147697000,25509.0
1626147727000,25509.0
1626147757000,25509.0
1626147787000,25509.0
1626147817000,25509.0
1626147847000,25509.0
1626147877000,25509.0
1626147907000,25509.0
1626147937000,25509.0
1626147967000,25509.0
1626147997000,25509.0
1626148027000,25509.0
1626148057000,25509.0
1626148087000,25509.0
1626148117000,25509.0
1626148147000,25509.0
1626148177000,25509.0
1626148207000,25509.0
1626148237000,25509.0
1626148267000,25509.0
1626148297000,25509.0
1626148327000,25509.0
1626148357000,25509.0
1626148387000,25509.0
1626148417000,25509.0
1626148447000,25509.0
1626148477000,25509.0
1626148507000,25509.0
1626148537000,25509.0
1626148567000,25509.0
1626148597000,25509.0
1626148627000,25509.0
1626148657000,25509.0
1626148687000,25509.0
1626148717000,25509.0
1626148747000,25509.0
1626148777000,25509.0
1626148807000,25509.0
1626148837000,25509.0
1626148867000,25509.0
1626148897000,25509.0
1626148927000,25509.0
1626148957000,25509.0
1626148987000,25509.0
1626149017000,25509.0
1626149047000,25509.0
1626149077000,25509.0
1626149107000,25509.0
1626149137000,25509.0
1626149167000,25509.0
1626149197000,25509.0
1626149227000,25509.0
1626149257000,25509.0
1626149287000,25509.0
1626149317000,25509.0
1626149347000,25509.0
1626149377000,25509.0
1626149407000,25509.0
1626149437000,25509.0
1626149467000,25509.0
1626149497000,25509.0
1626149527000,25509.0
1626149557000,25509.0
1626149587000,25509.0
1626149617000,25509.0
1626149647000,25509.0
1626149677000,25509.0
1626149707000,25509.0
1626149737000,25509.0
1626149767000,25509.0
1626149797000,25509.0
1626149827000,25509.0
1626149857000,25509.0
1626149887000,25509.0
1626149917000,25509.0
1626149947000,25509.0
1626149977000,25509.0
1626150007000,25509.0
1626150037000,25509.0
1626150067000,25509.0
1626150097000,25509.0
1626150127000,25509.0
1626150157000,25509.0
1626150187000,25509.0
1626150217000,25509.0
1626150247000,25509.0
1626150277000,25509.0
1626150307000,25509.0
1626150337000,25509.0
1626150367000,25509.0
1626150397000,25509.0
1626150427000,25509.0
1626150457000,25509.0
1626150487000,25509.0
1626150517000,25509.0
1626150547000,25509.0
1626150577000,25509.0
1626150607000,25509.0
1626150637000,25509.0
1626150667000,25509.0
1626150697000,25509.0
1626150727000,25509.0
1626150757000,25509.0
1626150787000,25509.0
1626150817000,25509.0
1626150847000,25509.0
1626150877000,25509.0
1626150907000,25509.0
1626150937000,25509.0
1626150967000,25509.0
1626150997000,25509.0
1626151027000,25509.0
1626151057000,25509.0
1626151087000,25509.0
1626151117000,25509.0
1626151147000,25509.0
1626151177000,25509.0
1626151207000,25509.0
1626151237000,25509.0
1626151267000,25509.0
1626151297000,25509.0
1626151327000,25509.0
1626151357000,25509.0
1626151387000,25509.0
1626151417000,25509.0
1626151447000,25509.0
1626151477000,25509.0
1626151507000,25509.0
1626151537000,25509.0
1626151567000,25509.0
1626151597000,25509.0
1626151627000,25509.0
1626151657000,25509.0
1626151687000,25509.0
1626151717000,25509.0
1626151747000,25509.0
1626151777000,25509.0
1626151807000,25509.0
1626151837000,25509.0
1626151867000,25509.0
1626151897000,25509.0
1626151927000,25509.0
1626151957000,25509.0
1626151987000,25509.0
1626152017000,25509.0
1626152047000,25509.0
1626152077000,25509.0
1626152107000,25509.0
1626152137000,25509.0
1626152167000,25509.0
1626152197000,25509.0
1626152227000,25509.0
1626152257000,25509.0
1626152287000,25509.0
1626152317000,25509.0
1626152347000,25509.0
1626152377000,25509.0
1626152407000,25509.0
1626152437000,25509.0
1626152467000,25509.0
1626152497000,25509.0
1626152527000,25509.0
1626152557000,25509.0
1626152587000,25509.0
1626152617000,25509.0
1626152647000,25509.0
1626152677000,25509.0
1626152707000,25509.0
1626152737000,25509.0
1626152767000,25509.0
1626152797000,25509.0
1626152827000,25509.0
1626152857000,25509.0
1626152887000,25509.0
1626152917000,25509.0
1626152947000,25509.0
1626152977000,25509.0
1626153007000,25509.0
1626153037000,25509.0
1626153067000,25509.0
1626153097000,25509.0
1626153127000,25509.0
1626153157000,25509.0
1626153187000,25509.0
1626153217000,25509.0
1626153247000,25509.0
1626153277000,25509.0
1626153307000,25509.0
1626153337000,25509.0
1626153367000,25509.0
1626153397000,25509.0
1626153427000,25509.0
1626153457000,25509.0
1626153487000,25509.0
1626153517000,25509.0
1626153547000,25509.0
1626153577000,25509.0
1626153607000,25509.0
1626153637000,25509.0
1626153667000,25509.0
1626153697000,25509.0
1626153727000,25509.0
1626153757000,25509.0
1626153787000,25509.0
1626153817000,25509.0
1626153847000,25509.0
1626153877000,25509.0
1626153907000,25509.0
1626153937000,25509.0
1626153967000,25509.0
1626153997000,25509.0
1626154027000,25509.0
1626154057000,25509.0
1626154087000,25509.0
1626154117000,25509.0
1626154147000,25509.0
1626154177000,25509.0
1626154207000,25509.0
1626154237000,25509.0
1626154267000,25509.0
1626154297000,25509.0
1626154327000,25509.0
1626154357000,25509.0
1626154387000,25509.0
1626154417000,25509.0
1626154447000,25509.0
1626154477000,25509.0
1626154507000,25509.0
1626154537000,25509.0
1626154567000,25509.0
1626154597000,25509.0
1626154627000,25509.0
1626154657000,25509.0
1626154687000,25509.0
1626154717000,25509.0
1626154747000,25509.0
1626154777000,25509.0
1626154807000,25509.0
1626154837000,25509.0
1626154867000,25509.0
1626154897000,25509.0
1626154927000,25509.0
1626154957000,25509.0
1626154987000,25509.0
1626155017000,25509.0
1626155047000,25509.0
1626155077000,25509.0
1626155107000,25509.0
1626155137000,25509.0
1626155167000,25509.0
1626155197000,25509.0
1626155227000,25509.0
1626155257000,25509.0
1626155287000,25509.0
1626155317000,25509.0
1626155347000,25509.0
1626155377000,25509.0
1626155407000,25509.0
1626155437000,25509.0
1626155467000,25509.0
1626155497000,25509.0
1626155527000,25509.0
1626155557000,25509.0
1626155587000,25509.0
1626155617000,25509.0
1626155647000,25509.0
1626155677000,25509.0
1626155707000,25509.0
1626155737000,25509.0
1626155767000,25509.0
1626155797000,25509.0
1626155827000,25509.0
1626155857000,25509.0
1626155887000,25509.0
1626155917000,25509.0
1626155947000,25509.0
1626155977000,25509.0
1626156007000,25509.0
1626156037000,25509.0
1626156067000,25509.0
1626156097000,25509.0
1626156127000,25509.0
1626156157000,25509.0
1626156187000,25509.0
1626156217000,25509.0
1626156247000,25509.0
1626156277000,25509.0
1626156307000,25509.0
1626156337000,25509.0
1626156367000,25509.0
1626156397000,25509.0
1626156427000,25509.0
1626156457000,25509.0
1626156487000,25509.0
1626156517000,25509.0
1626156547000,25509.0
1626156577000,25509.0
1626156607000,25509.0
1626156637000,25509.0
1626156667000,25509.0
1626156697000,25509.0
1626156727000,25509.0
1626156757000,25509.0
1626156787000,25509.0
1626156817000,25509.0
1626156847000,25509.0
1626156877000,25509.0
1626156907000,25509.0
1626156937000,25509.0
1626156967000,25509.0
1626156997000,25509.0
1626157027000,25509.0
1626157057000,25509.0
1626157087000,25509.0
1626157117000,25509.0
1626157147000,25509.0
1626157177000,25509.0
1626157207000,25509.0
1626157237000,25509.0
1626157267000,25509.0
1626157297000,25509.0
1626157327000,25509.0
1626157357000,25509.0
1626157387000,25509.0
1626157417000,25509.0
1626157447000,25509.0
1626157477000,25509.0
1626157507000,25509.0
1626157537000,25509.0
1626157567000,25509.0
1626157597000,25509.0
1626157627000,25509.0
1626157657000,25509.0
1626157687000,25509.0
1626157717000,25509.0
1626157747000,25509.0
1626157777000,25509.0
1626157807000,25509.0
1626157837000,25509.0
1626157867000,25509.0
1626157897000,25509.0
1626157927000,25509.0
1626157957000,25509.0
1626157987000,25509.0
1626158017000,25509.0
1626158047000,25509.0
1626158077000,25509.0
1626158107000,25509.0
1626158137000,25509.0
1626158167000,25509.0
1626158197000,25509.0
1626158227000,25509.0
1626158257000,25509.0
1626158287000,25509.0
1626158317000,25509.0
1626158347000,25509.0
1626158377000,25509.0
1626158407000,25509.0
1626158437000,25509.0
1626158467000,25509.0
1626158497000,25509.0
1626158527000,25509.0
1626158557000,25509.0
1626158587000,25509.0
1626158617000,25509.0
1626158647000,25509.0
1626158677000,25509.0
1626158707000,25509.0
1626158737000,25509.0
1626158767000,25509.0
1626158797000,25509.0
1626158827000,25509.0
1626158857000,25509.0
1626158887000,25509.0
1626158917000,25509.0
1626158947000,25509.0
1626158977000,25509.0
1626159007000,25509.0
1626159037000,25509.0
1626159067000,25509.0
1626159097000,25509.0
1626159127000,25509.0
1626159157000,25509.0
1626159187000,25509.0
1626159217000,25509.0
1626159247000,25509.0
1626159277000,25509.0
1626159307000,25509.0
1626159337000,25509.0
1626159367000,25509.0
1626159397000,25509.0
1626159427000,25509.0
1626159457000,25509.0
1626159487000,25509.0
1626159517000,25509.0
1626159547000,25509.0
1626159577000,25509.0
1626159607000,25509.0
1626159637000,25509.0
1626159667000,25509.0
1626159697000,25509.0
1626159727000,25509.0
1626159757000,25509.0
1626159787000,25509.0
1626159817000,25509.0
1626159847000,25509.0
1626159877000,25509.0
1626159907000,25509.0
1626159937000,25509.0
1626159967000,25509.0
1626159997000,25509.0
1626160027000,25509.0
1626160057000,25509.0
1626160087000,25509.0
1626160117000,25509.0
1626160147000,25509.0
1626160177000,25509.0
1626160207000,25509.0
1626160237000,25509.0
1626160267000,25509.0
1626160297000,25509.0
1626160327000,25509.0
1626160357000,25509.0
1626160387000,25509.0
1626160417000,25509.0
1626160447000,25509.0
1626160477000,25509.0
1626160507000,25509.0
1626160537000,25509.0
1626160567000,25509.0
1626160597000,25509.0
1626160627000,25509.0
1626160657000,25509.0
1626160687000,25509.0
1626160717000,25509.0
1626160747000,25509.0
1626160777000,25509.0
1626160807000,25509.0
1626160837000,25509.0
1626160867000,25509.0
1626160897000,25509.0
1626160927000,25509.0
1626160957000,25509.0
1626160987000,25509.0
1626161017000,25509.0
1626161047000,25509.0
1626161077000,25509.0
1626161107000,25509.0
1626161137000,25509.0
1626161167000,25509.0
1626161197000,25509.0
1626161227000,25509.0
1626161257000,25509.0
1626161287000,25509.0
1626161317000,25509.0
1626161347000,25509.0
1626161377000,25509.0
1626161407000,25509.0
1626161437000,25509.0
1626161467000,25509.0
1626161497000,25509.0
1626161527000,25509.0
1626161557000,25509.0
1626161587000,25509.0
1626161617000,25509.0
1626161647000,25509.0
1626161677000,25509.0
1626161707000,25509.0
1626161737000,25509.0
1626161767000,25509.0
1626161797000,25509.0
1626161827000,25509.0
1626161857000,25509.0
1626161887000,25509.0
1626161917000,25509.0
1626161947000,25509.0
1626161977000,25509.0
1626162007000,25509.0
1626162037000,25509.0
1626162067000,25509.0
1626162097000,25509.0
1626162127000,25509.0
1626162157000,25509.0
1626162187000,25509.0
1626162217000,25509.0
1626162247000,25509.0
1626162277000,25509.0
1626162307000,25509.0
1626162337000,25509.0
1626162367000,25509.0
1626162397000,25509.0
1626162427000,25509.0
1626162457000,25509.0
1626162487000,25509.0
1626162517000,25509.0
1626162547000,25509.0
1626162577000,25509.0
1626162607000,25509.0
1626162637000,25509.0
1626162667000,25509.0
1626162697000,25509.0
1626162727000,25509.0
1626162757000,25509.0
1626162787000,25509.0
1626162817000,25509.0
1626162847000,25509.0
1626162877000,25509.0
1626162907000,25509.0
1626162937000,25509.0
1626162967000,25509.0
1626162997000,25509.0
1626163027000,25509.0
1626163057000,25509.0
1626163087000,25509.0
1626163117000,25509.0
1626163147000,25509.0
1626163177000,25509.0
1626163207000,25509.0
1626163237000,25509.0
1626163267000,25509.0
1626163297000,25509.0
1626163327000,25509.0
1626163357000,25509.0
1626163387000,25509.0
1626163417000,25509.0
1626163447000,25509.0
1626163477000,25509.0
1626163507000,25509.0
1626163537000,25509.0
1626163567000,25509.0
1626163597000,25509.0
1626163627000,25509.0
1626163657000,25509.0
1626163687000,25509.0
1626163717000,25509.0
1626163747000,25509.0
1626163777000,25509.0
1626163807000,25509.0
1626163837000,25509.0
1626163867000,25509.0
1626163897000,25509.0
1626163927000,25509.0
1626163957000,25509.0
1626163987000,25509.0
1626164017000,25509.0
1626164047000,25509.0
1626164077000,25509.0
1626164107000,25509.0
1626164137000,25509.0
1626164167000,25509.0
1626164197000,25509.0
1626164227000,25509.0
1626164257000,25509.0
1626164287000,25509.0
1626164317000,25509.0
1626164347000,25509.0
1626164377000,25509.0
1626164407000,25509.0
1626164437000,25509.0
1626164467000,25509.0
1626164497000,25509.0
1626164527000,25509.0
1626164557000,25509.0
1626164587000,25509.0
1626164617000,25509.0
1626164647000,25509.0
1626164677000,25509.0
1626164707000,25509.0
1626164737000,25509.0
1626164767000,25509.0
1626164797000,25509.0
1626164827000,25509.0
1626164857000,25509.0
1626164887000,25509.0
1626164917000,25509.0
1626164947000,25509.0
1626164977000,25509.0
1626165007000,25509.0
1626165037000,25509.0
1626165067000,25509.0
1626165097000,25509.0
1626165127000,25509.0
1626165157000,25509.0
1626165187000,25509.0
1626165217000,25509.0
1626165247000,25509.0
1626165277000,25509.0
1626165307000,25509.0
1626165337000,25509.0
1626165367000,25509.0
1626165397000,25509.0
1626165427000,25509.0
1626165457000,25509.0
1626165487000,25509.0
1626165517000,25509.0
1626165547000,25509.0
1626165577000,25509.0
1626165607000,25509.0
1626165637000,25509.0
1626165667000,25509.0
1626165697000,25509.0
1626165727000,25509.0
1626165757000,25509.0
1626165787000,25509.0
1626165817000,25509.0
1626165847000,25509.0
1626165877000,25509.0
1626165907000,25509.0
1626165937000,25509.0
1626165967000,25509.0
1626165997000,25509.0
1626166027000,25509.0
1626166057000,25509.0
1626166087000,25509.0
1626166117000,25509.0
1626166147000,25509.0
1626166177000,25509.0
1626166207000,25509.0
1626166237000,25509.0
1626166267000,25509.0
1626166297000,25509.0
1626166327000,25509.0
1626166357000,25509.0
1626166387000,25509.0
1626166417000,25509.0
1626166447000,25509.0
1626166477000,25509.0
1626166507000,25509.0
1626166537000,25509.0
1626166567000,25509.0
1626166597000,25509.0
1626166627000,25509.0
1626166657000,25509.0
1626166687000,25509.0
1626166717000,25509.0
1626166747000,25509.0
1626166777000,25509.0
1626166807000,25509.0
1626166837000,25509.0
1626166867000,25509.0
1626166897000,25509.0
1626166927000,25509.0
1626166957000,25509.0
1626166987000,25509.0
1626167017000,25509.0
1626167047000,25509.0
1626167077000,25509.0
1626167107000,25509.0
1626167137000,25509.0
1626167167000,25509.0
1626167197000,25509.0
1626167227000,25509.0
1626167257000,25509.0
1626167287000,25509.0
1626167317000,25509.0
1626167347000,25509.0
1626167377000,25509.0
1626167407000,25509.0
1626167437000,25509.0
1626167467000,25509.0
1626167497000,25509.0
1626167527000,25509.0
1626167557000,25509.0
1626167587000,25509.0
1626167617000,25509.0
1626167647000,25509.0
1626167677000,25509.0
1626167707000,25509.0
1626167737000,25509.0
1626167767000,25509.0
1626167797000,25509.0
1626167827000,25509.0
1626167857000,25509.0
1626167887000,25509.0
1626167917000,25509.0
1626167947000,25509.0
1626167977000,25509.0
1626168007000,25509.0
1626168037000,25509.0
1626168067000,25509.0
1626168097000,25509.0
1626168127000,25509.0
1626168157000,25509.0
1626168187000,25509.0
1626168217000,25509.0
1626168247000,25509.0
1626168277000,25509.0
1626168307000,25509.0
1626168337000,25509.0
1626168367000,25509.0
1626168397000,25509.0
1626168427000,25509.0
1626168457000,25509.0
1626168487000,25509.0
1626168517000,25509.0
1626168547000,25509.0
1626168577000,25509.0
1626168607000,25509.0
1626168637000,25509.0
1626168667000,25509.0
1626168697000,25509.0
1626168727000,25509.0
1626168757000,25509.0
1626168787000,25509.0
1626168817000,25509.0
1626168847000,25509.0
1626168877000,25509.0
1626168907000,25509.0
1626168937000,25509.0
1626168967000,25509.0
1626168997000,25509.0
1626169027000,25509.0
1626169057000,25509.0
1626169087000,25509.0
1626169117000,25509.0
1626169147000,25509.0
1626169177000,25509.0
1626169207000,25509.0
1626169237000,25509.0
1626169267000,25509.0
1626169297000,25509.0
1626169327000,25509.0
1626169357000,25509.0
1626169387000,25509.0
1626169417000,25509.0
1626169447000,25509.0
1626169477000,25509.0
1626169507000,25509.0
1626169537000,25509.0
1626169567000,25509.0
1626169597000,25509.0
1626169627000,25509.0
1626169657000,25509.0
1626169687000,25509.0
1626169717000,25509.0
1626169747000,25509.0
1626169777000,25509.0
1626169807000,25509.0
1626169837000,25509.0
1626169867000,25509.0
1626169897000,25509.0
1626169927000,25509.0
1626169957000,25509.0
1626169987000,25509.0
1626170017000,25509.0
1626170047000,25509.0
1626170077000,25509.0
1626170107000,25509.0
1626170137000,25509.0
1626170167000,25509.0
1626170197000,25509.0
1626170227000,25509.0
1626170257000,25509.0
1626170287000,25509.0
1626170317000,25509.0
1626170347000,25509.0
1626170377000,25509.0
1626170407000,25509.0
1626170437000,25509.0
1626170467000,25509.0
1626170497000,25509.0
1626170527000,25509.0
1626170557000,25509.0
1626170587000,25509.0
1626170617000,25509.0
1626170647000,25509.0
1626170677000,25509.0
1626170707000,25509.0
1626170737000,25509.0
1626170767000,25509.0
1626170797000,25509.0
1626170827000,25509.0
1626170857000,25509.0
1626170887000,25509.0
1626170917000,25509.0
1626170947000,25509.0
1626170977000,25509.0
1626171007000,25509.0
1626171037000,25509.0
1626171067000,25509.0
1626171097000,25509.0
1626171127000,25509.0
1626171157000,25509.0
1626171187000,25509.0
1626171217000,25509.0
1626171247000,25509.0
1626171277000,25509.0
1626171307000,25509.0
1626171337000,25509.0
1626171367000,25509.0
1626171397000,25509.0
1626171427000,25509.0
1626171457000,25509.0
1626171487000,25509.0
1626171517000,25509.0
1626171547000,25509.0
1626171577000,25509.0
1626171607000,25509.0
1626171637000,25509.0
1626171667000,25509.0
1626171697000,25509.0
1626171727000,25509.0
1626171757000,25509.0
1626171787000,25509.0
1626171817000,25509.0
1626171847000,25509.0
1626171877000,25509.0
1626171907000,25509.0
1626171937000,25509.0
1626171967000,25509.0
1626171997000,25509.0
1626172027000,25509.0
1626172057000,25509.0
1626172087000,25509.0
1626172117000,25509.0
1626172147000,25509.0
1626172177000,25509.0
1626172207000,25509.0
1626172237000,25509.0
1626172267000,25509.0
1626172297000,25509.0
1626172327000,25509.0
1626172357000,25509.0
1626172387000,25509.0
1626172417000,25509.0
1626172447000,25509.0
1626172477000,25509.0
1626172507000,25509.0
1626172537000,25509.0
1626172567000,25509.0
1626172597000,25509.0
1626172627000,25509.0
1626172657000,25509.0
1626172687000,25509.0
1626172717000,25509.0
1626172747000,25509.0
1626172777000,25509.0
1626172807000,25509.0
1626172837000,25509.0
1626172867000,25509.0
1626172897000,25509.0
1626172927000,25509.0
1626172957000,25509.0
1626172987000,25509.0
1626173017000,25509.0
1626173047000,25509.0
1626173077000,25509.0
1626173107000,25509.0
1626173137000,25509.0
1626173167000,25509.0
1626173197000,25509.0
1626173227000,25509.0
1626173257000,25509.0
1626173287000,25509.0
1626173317000,25509.0
1626173347000,25509.0
1626173377000,25509.0
1626173407000,25509.0
1626173437000,25509.0
1626173467000,25509.0
1626173497000,25509.0
1626173527000,25509.0
1626173557000,25509.0
1626173587000,25509.0
1626173617000,25509.0
1626173647000,25509.0
1626173677000,25509.0
1626173707000,25509.0
1626173737000,25509.0
1626173767000,25509.0
1626173797000,25509.0
1626173827000,25509.0
1626173857000,25509.0
1626173887000,25509.0
1626173917000,25509.0
1626173947000,25509.0
1626173977000,25509.0
1626174007000,25509.0
1626174037000,25509.0
1626174067000,25509.0
1626174097000,25509.0
1626174127000,25509.0
1626174157000,25509.0
1626174187000,25509.0
1626174217000,25509.0
1626174247000,25509.0
1626174277000,25509.0
1626174307000,25509.0
1626174337000,25509.0
1626174367000,25509.0
1626174397000,25509.0
1626174427000,25509.0
1626174457000,25509.0
1626174487000,25509.0
1626174517000,25509.0
1626174547000,25509.0
1626174577000,25509.0
1626174607000,25509.0
1626174637000,25509.0
1626174667000,25509.0
1626174697000,25509.0
1626174727000,25509.0
1626174757000,25509.0
1626174787000,25509.0
1626174817000,25509.0
1626174847000,25509.0
1626174877000,25509.0
1626174907000,25509.0
1626174937000,25509.0
1626174967000,25509.0
1626174997000,25509.0
1626175027000,25509.0
1626175057000,25509.0
1626175087000,25509.0
1626175117000,25509.0
1626175147000,25509.0
1626175177000,25509.0
1626175207000,25509.0
1626175237000,25509.0
1626175267000,25509.0
1626175297000,25509.0
1626175327000,25509.0
1626175357000,25509.0
1626175387000,25509.0
1626175417000,25509.0
1626175447000,25509.0
1626175477000,25509.0
1626175507000,25509.0
1626175537000,25509.0
1626175567000,25509.0
1626175597000,25509.0
1626175627000,25509.0
1626175657000,25509.0
1626175687000,25509.0
1626175717000,25509.0
1626175747000,25509.0
1626175777000,25509.0
1626175807000,25509.0
1626175837000,25509.0
1626175867000,25509.0
1626175897000,25509.0
1626175927000,25509.0
1626175957000,25509.0
1626175987000,25509.0
1626176017000,25509.0
1626176047000,25509.0
1626176077000,25509.0
1626176107000,25509.0
1626176137000,25509.0
1626176167000,25509.0
1626176197000,25509.0
1626176227000,25509.0
1626176257000,25509.0
1626176287000,25509.0
1626176317000,25509.0
1626176347000,25509.0
1626176377000,25509.0
1626176407000,25509.0
1626176437000,25509.0
1626176467000,25509.0
1626176497000,25509.0
1626176527000,25509.0
1626176557000,25509.0
1626176587000,25509.0
1626176617000,25509.0
1626176647000,25509.0
1626176677000,25509.0
1626176707000,25509.0
1626176737000,25509.0
1626176767000,25509.0
1626176797000,25509.0
1626176827000,25509.0
1626176857000,25509.0
1626176887000,25509.0
1626176917000,25509.0
1626176947000,25509.0
1626176977000,25509.0
1626177007000,25509.0
1626177037000,25509.0
1626177067000,25509.0
1626177097000,25509.0
1626177127000,25509.0
1626177157000,25509.0
1626177187000,25509.0
1626177217000,25509.0
1626177247000,25509.0
1626177277000,25509.0
1626177307000,25509.0
1626177337000,25509.0
1626177367000,25509.0
1626177397000,25509.0
1626177427000,25509.0
1626177457000,25509.0
1626177487000,25509.0
1626177517000,25509.0
1626177547000,25509.0
1626177577000,25509.0
1626177607000,25509.0
1626177637000,25509.0
1626177667000,25509.0
1626177697000,25509.0
1626177727000,25509.0
1626177757000,25509.0
1626177787000,25509.0
1626177817000,25509.0
1626177847000,25509.0
1626177877000,25509.0
1626177907000,25509.0
1626177937000,25509.0
1626177967000,25509.0
1626177997000,25509.0
1626178027000,25509.0
1626178057000,25509.0
1626178087000,25509.0
1626178117000,25509.0
1626178147000,25509.0
1626178177000,25509.0
1626178207000,25509.0
1626178237000,25509.0
1626178267000,25509.0
1626178297000,25509.0
1626178327000,25509.0
1626178357000,25509.0
1626178387000,25509.0
1626178417000,25509.0
1626178447000,25509.0
1626178477000,25509.0
1626178507000,25509.0
1626178537000,25509.0
1626178567000,25509.0
1626178597000,25509.0
1626178627000,25509.0
1626178657000,25509.0
1626178687000,25509.0
1626178717000,25509.0
1626178747000,25509.0
1626178777000,25509.0
1626178807000,25509.0
1626178837000,25509.0
1626178867000,25509.0
1626178897000,25509.0
1626178927000,25509.0
1626178957000,25509.0
1626178987000,25509.0
1626179017000,25509.0
1626179047000,25509.0
1626179077000,25509.0
1626179107000,25509.0
1626179137000,25509.0
1626179167000,25509.0
1626179197000,25509.0
1626179227000,25509.0
1626179257000,25509.0
1626179287000,25509.0
1626179317000,25509.0
1626179347000,25509.0
1626179377000,25509.0
1626179407000,25509.0
1626179437000,25509.0
1626179467000,25509.0
1626179497000,25509.0
1626179527000,25509.0
1626179557000,25509.0
1626179587000,25509.0
1626179617000,25509.0
1626179647000,25509.0
1626179677000,25509.0
1626179707000,25509.0
1626179737000,25509.0
1626179767000,25509.0
1626179797000,25509.0
1626179827000,25509.0
1626179857000,25509.0
1626179887000,25509.0
1626179947000,25509.0
1626179917000,25509.0
1626179977000,25509.0
1626180037000,25509.0
1626180007000,25509.0
1626180067000,25509.0
1626180097000,25509.0
1626180127000,25509.0
1626180157000,25509.0
1626180187000,25509.0
1626180217000,25509.0
1626180247000,25509.0
1626180277000,25509.0
1626180307000,25509.0
1626180337000,25509.0
1626180367000,25509.0
1626180397000,25509.0
1626180427000,25509.0
1626180457000,25509.0
1626180487000,25509.0
1626180517000,25509.0
1626180547000,25509.0
1626180577000,25509.0
1626180607000,25509.0
1626180637000,25509.0
1626180667000,25509.0
1626180697000,25509.0
1626180727000,25509.0
1626180757000,25509.0
1626180787000,25509.0
1626180817000,25509.0
1626180847000,25509.0
1626180877000,25509.0
1626180907000,25509.0
1626180937000,25509.0
1626180967000,25509.0
1626180997000,25509.0
1626181027000,25509.0
1626181057000,25509.0
1626181087000,25509.0
1626181117000,25509.0
1626181147000,25509.0
1626181177000,25509.0
1626181207000,25509.0
1626181237000,25509.0
1626181267000,25509.0
1626181297000,25509.0
1626181327000,25509.0
1626181357000,25509.0
1626181387000,25509.0
1626181417000,25509.0
1626181447000,25509.0
1626181477000,25509.0
1626181507000,25509.0
1626181537000,25509.0
1626181567000,25509.0
1626181597000,25509.0
1626181627000,25509.0
1626181657000,25509.0
1626181687000,25509.0
1626181717000,25509.0
1626181747000,25509.0
1626181777000,25509.0
1626181807000,25509.0
1626181837000,25509.0
1626181867000,25509.0
1626181897000,25509.0
1626181927000,25509.0
1626181957000,25509.0
1626181987000,25509.0
1626182017000,25509.0
1626182047000,25509.0
1626182077000,25509.0
1626182107000,25509.0
1626182137000,25509.0
1626182167000,25509.0
1626182197000,25509.0
1626182227000,25509.0
1626182257000,25509.0
1626182287000,25509.0
1626182317000,25509.0
1626182347000,25509.0
1626182377000,25509.0
1626182407000,25509.0
1626182437000,25509.0
1626182467000,25509.0
1626182497000,25509.0
1626182527000,25509.0
1626182557000,25509.0
1626182587000,25509.0
1626182617000,25509.0
1626182647000,25509.0
1626182677000,25509.0
1626182707000,25509.0
1626182737000,25509.0
1626182767000,25509.0
1626182797000,25509.0
1626182827000,25509.0
1626182857000,25509.0
1626182887000,25509.0
1626182917000,25509.0
1626182947000,25509.0
1626182977000,25509.0
1626183007000,25509.0
1626183037000,25509.0
1626183067000,25509.0
1626183097000,25509.0
1626183127000,25509.0
1626183157000,25509.0
1626183187000,25509.0
1626183217000,25509.0
1626183247000,25509.0
1626183277000,25509.0
1626183307000,25509.0
1626183337000,25509.0
1626183367000,25509.0
1626183397000,25509.0
1626183427000,25509.0
1626183457000,25509.0
1626183487000,25509.0
1626183517000,25509.0
1626183547000,25509.0
1626183577000,25509.0
1626183607000,25509.0
1626183637000,25509.0
1626183667000,25509.0
1626183697000,25509.0
1626183727000,25509.0
1626183757000,25509.0
1626183787000,25509.0
1626183817000,25509.0
1626183847000,25509.0
1626183877000,25509.0
1626183907000,25509.0
1626183937000,25509.0
1626183967000,25509.0
1626183997000,25509.0
1626184027000,25509.0
1626184057000,25509.0
1626184087000,25509.0
1626184117000,25509.0
1626184147000,25509.0
1626184177000,25509.0
1626184207000,25509.0
1626184237000,25509.0
1626184267000,25509.0
1626184297000,25509.0
1626184327000,25509.0
1626184357000,25509.0
1626184387000,25509.0
1626184417000,25509.0
1626184447000,25509.0
1626184477000,25509.0
1626184507000,25509.0
1626184537000,25509.0
1626184567000,25509.0
1626184597000,25509.0
1626184627000,25509.0
1626184657000,25509.0
1626184687000,25509.0
1626184717000,25509.0
1626184747000,25509.0
1626184777000,25509.0
1626184807000,25509.0
1626184837000,25509.0
1626184867000,25509.0
1626184897000,25509.0
1626184957000,25509.0
1626184927000,25509.0
1626184987000,25509.0
1626185017000,25509.0
1626185047000,25509.0
1626185077000,25509.0
1626185107000,25509.0
1626185137000,25509.0
1626185167000,25509.0
1626185197000,25509.0
1626185227000,25509.0
1626185257000,25509.0
1626185287000,25509.0
1626185317000,25509.0
1626185347000,25509.0
1626185377000,25509.0
1626185407000,25509.0
1626185437000,25509.0
1626185467000,25509.0
1626185497000,25509.0
1626185527000,25509.0
1626185557000,25509.0
1626185587000,25509.0
1626185617000,25509.0
1626185647000,25509.0
1626185677000,25509.0
1626185707000,25509.0
1626185737000,25509.0
1626185767000,25509.0
1626185797000,25509.0
1626185827000,25509.0
1626185857000,25509.0
1626185887000,25509.0
1626185917000,25509.0
1626185947000,25509.0
1626185977000,25509.0
1626186007000,25509.0
1626186037000,25509.0
1626186067000,25509.0
1626186097000,25509.0
1626186127000,25509.0
1626186157000,25509.0
1626186187000,25509.0
1626186217000,25509.0
1626186247000,25509.0
1626186277000,25509.0
1626186307000,25509.0
1626186337000,25509.0
1626186367000,25509.0
1626186397000,25509.0
1626186427000,25509.0
1626186457000,25509.0
1626186487000,25509.0
1626186517000,25509.0
1626186547000,25509.0
1626186577000,25509.0
1626186607000,25509.0
1626186637000,25509.0
1626186667000,25509.0
1626186697000,25509.0
1626186727000,25509.0
1626186757000,25509.0
1626186787000,25509.0
1626186817000,25509.0
1626186847000,25509.0
1626186877000,25509.0
1626186907000,25509.0
1626186937000,25509.0
1626186967000,25509.0
1626186997000,25509.0
1626187027000,25509.0
1626187057000,25509.0
1626187087000,25509.0
1626187117000,25509.0
1626187147000,25509.0
1626187177000,25509.0
1626187207000,25509.0
1626187237000,25509.0
1626187267000,25509.0
1626187297000,25509.0
1626187327000,25509.0
1626187357000,25509.0
1626187387000,25509.0
1626187417000,25509.0
1626187447000,25509.0
1626187477000,25509.0
1626187507000,25509.0
1626187537000,25509.0
1626187567000,25509.0
1626187597000,25509.0
1626187627000,25509.0
1626187657000,25509.0
1626187687000,25509.0
1626187717000,25509.0
1626187747000,25509.0
1626187777000,25509.0
1626187807000,25509.0
1626187837000,25509.0
1626187867000,25509.0
1626187897000,25509.0
1626187927000,25509.0
1626187957000,25509.0
1626187987000,25509.0
1626188017000,25509.0
1626188047000,25509.0
1626188077000,25509.0
1626188107000,25509.0
1626188137000,25509.0
1626188167000,25509.0
1626188197000,25509.0
1626188227000,25509.0
1626188257000,25509.0
1626188287000,25509.0
1626188317000,25509.0
1626188347000,25509.0
1626188377000,25509.0
1626188407000,25509.0
1626188437000,25509.0
1626188467000,25509.0
1626188497000,25509.0
1626188527000,25509.0
1626188557000,25509.0
1626188587000,25509.0
1626188617000,25509.0
1626188647000,25509.0
1626188677000,25509.0
1626188707000,25509.0
1626188737000,25509.0
1626188767000,25509.0
1626188797000,25509.0
1626188827000,25509.0
1626188857000,25509.0
1626188887000,25509.0
1626188917000,25509.0
1626188947000,25509.0
1626188977000,25509.0
1626189007000,25509.0
1626189037000,25509.0
1626189067000,25509.0
1626189097000,25509.0
1626189127000,25509.0
1626189157000,25509.0
1626189187000,25509.0
1626189217000,25509.0
1626189247000,25509.0
1626189277000,25509.0
1626189307000,25509.0
1626189337000,25509.0
1626189367000,25509.0
1626189397000,25509.0
1626189427000,25509.0
1626189457000,25509.0
1626189487000,25509.0
1626189517000,25509.0
1626189547000,25509.0
1626189577000,25509.0
1626189607000,25509.0
1626189637000,25509.0
1626189667000,25509.0
1626189697000,25509.0
1626189727000,25509.0
1626189757000,25509.0
1626189787000,25509.0
1626189817000,25509.0
1626189847000,25509.0
1626189877000,25509.0
1626189907000,25509.0
1626189937000,25509.0
1626189967000,25509.0
1626189997000,25509.0
1626190027000,25509.0
1626190057000,25509.0
1626190087000,25509.0
1626190117000,25509.0
1626190147000,25509.0
1626190177000,25509.0
1626190207000,25509.0
1626190237000,25509.0
1626190267000,25509.0
1626190297000,25509.0
1626190327000,25509.0
1626190357000,25509.0
1626190387000,25509.0
1626190417000,25509.0
1626190447000,25509.0
1626190477000,25509.0
1626190507000,25509.0
1626190537000,25509.0
1626190567000,25509.0
1626190597000,25509.0
1626190627000,25509.0
1626190657000,25509.0
1626190687000,25509.0
1626190717000,25509.0
1626190747000,25509.0
1626190777000,25509.0
1626190807000,25509.0
1626190837000,25509.0
1626190867000,25509.0
1626190897000,25509.0
1626190927000,25509.0
1626190957000,25509.0
1626190987000,25509.0
1626191017000,25509.0
1626191047000,25509.0
1626191077000,25509.0
1626191107000,25509.0
1626191137000,25509.0
1626191167000,25509.0
1626191197000,25509.0
1626191227000,25509.0
1626191257000,25509.0
1626191287000,25509.0
1626191317000,25509.0
1626191347000,25509.0
1626191377000,25509.0
1626191407000,25509.0
1626191437000,25509.0
1626191467000,25509.0
1626191497000,25509.0
1626191527000,25509.0
1626191557000,25509.0
1626191587000,25509.0
1626191617000,25509.0
1626191647000,25509.0
1626191677000,25509.0
1626191707000,25509.0
1626191737000,25509.0
1626191767000,25509.0
1626191797000,25509.0
1626191827000,25509.0
1626191857000,25509.0
1626191887000,25509.0
1626191917000,25509.0
1626191947000,25509.0
1626191977000,25509.0
1626192007000,25509.0
1626192037000,25509.0
1626192067000,25509.0
1626192097000,25509.0
1626192127000,25509.0
1626192157000,25509.0
1626192187000,25509.0
1626192217000,25509.0
1626192247000,25509.0
1626192277000,25509.0
1626192307000,25509.0
1626192337000,25509.0
1626192367000,25509.0
1626192397000,25509.0
1626192427000,25509.0
1626192457000,25509.0
1626192487000,25509.0
1626192517000,25509.0
1626192547000,25509.0
1626192577000,25509.0
1626192607000,25509.0
1626192637000,25509.0
1626192667000,25509.0
1626192697000,25509.0
1626192727000,25509.0
1626192757000,25509.0
1626192787000,25509.0
1626192817000,25509.0
1626192847000,25509.0
1626192877000,25509.0
1626192907000,25509.0
1626192937000,25509.0
1626192967000,25509.0
1626192997000,25509.0
1626193027000,25509.0
1626193057000,25509.0
1626193087000,25509.0
1626193117000,25509.0
1626193147000,25509.0
1626193177000,25509.0
1626193207000,25509.0
1626193237000,25509.0
1626193267000,25509.0
1626193297000,25509.0
1626193327000,25509.0
1626193357000,25509.0
1626193387000,25509.0
1626193417000,25509.0
1626193447000,25509.0
1626193477000,25509.0
1626193507000,25509.0
1626193537000,25509.0
1626193567000,25509.0
1626193597000,25509.0
1626193627000,25509.0
1626193657000,25509.0
1626193687000,25509.0
1626193717000,25509.0
1626193747000,25509.0
1626193777000,25509.0
1626193807000,25509.0
1626193837000,25509.0
1626193867000,25509.0
1626193897000,25509.0
1626193927000,25509.0
1626193957000,25509.0
1626193987000,25509.0
1626194017000,25509.0
1626194047000,25509.0
1626194077000,25509.0
1626194107000,25509.0
1626194137000,25509.0
1626194167000,25509.0
1626194197000,25509.0
1626194227000,25509.0
1626194257000,25509.0
1626194287000,25509.0
1626194317000,25509.0
1626194347000,25509.0
1626194377000,25509.0
1626194407000,25509.0
1626194437000,25509.0
1626194467000,25509.0
1626194497000,25509.0
1626194527000,25509.0
1626194557000,25509.0
1626194587000,25509.0
1626194617000,25509.0
1626194647000,25509.0
1626194677000,25509.0
1626194707000,25509.0
1626194737000,25509.0
1626194767000,25509.0
1626194797000,25509.0
1626194827000,25509.0
1626194857000,25509.0
1626194887000,25509.0
1626194917000,25509.0
1626194947000,25509.0
1626194977000,25509.0
1626195007000,25509.0
1626195037000,25509.0
1626195067000,25509.0
1626195097000,25509.0
1626195127000,25509.0
1626195157000,25509.0
1626195187000,25509.0
1626195217000,25509.0
1626195247000,25509.0
1626195277000,25509.0
1626195307000,25509.0
1626195337000,25509.0
1626195367000,25509.0
1626195397000,25509.0
1626195427000,25509.0
1626195457000,25509.0
1626195487000,25509.0
1626195517000,25509.0
1626195547000,25509.0
1626195577000,25509.0
1626195607000,25509.0
1626195637000,25509.0
1626195667000,25509.0
1626195697000,25509.0
1626195727000,25509.0
1626195757000,25509.0
1626195787000,25509.0
1626195817000,25509.0
1626195847000,25509.0
1626195877000,25509.0
1626195907000,25509.0
1626195937000,25509.0
1626195967000,25509.0
1626195997000,25509.0
1626196027000,25509.0
1626196057000,25509.0
1626196087000,25509.0
1626196117000,25509.0
1626196147000,25509.0
1626196177000,25509.0
1626196207000,25509.0
1626196237000,25509.0
1626196267000,25509.0
1626196297000,25509.0
1626196327000,25509.0
1626196357000,25509.0
1626196387000,25509.0
1626196417000,25509.0
1626196447000,25509.0
1626196477000,25509.0
1626196507000,25509.0
1626196537000,25509.0
1626196567000,25509.0
1626196597000,25509.0
1626196627000,25509.0
1626196657000,25509.0
1626196687000,25509.0
1626196717000,25509.0
1626196747000,25509.0
1626196777000,25509.0
1626196807000,25509.0
1626196837000,25509.0
1626196867000,25509.0
1626196897000,25509.0
1626196927000,25509.0
1626196957000,25509.0
1626196987000,25509.0
1626197017000,25509.0
1626197047000,25509.0
1626197077000,25509.0
1626197107000,25509.0
1626197137000,25509.0
1626197167000,25509.0
1626197197000,25509.0
1626197227000,25509.0
1626197257000,25509.0
1626197287000,25509.0
1626197317000,25509.0
1626197347000,25509.0
1626197377000,25509.0
1626197407000,25509.0
1626197437000,25509.0
1626197467000,25509.0
1626197497000,25509.0
1626197527000,25509.0
1626197557000,25509.0
1626197587000,25509.0
1626197617000,25509.0
1626197647000,25509.0
1626197677000,25509.0
1626197707000,25509.0
1626197737000,25509.0
1626197767000,25509.0
1626197797000,25509.0
1626197827000,25509.0
1626197857000,25509.0
1626197887000,25509.0
1626197917000,25509.0
1626197947000,25509.0
1626197977000,25509.0
1626198007000,25509.0
1626198037000,25509.0
1626198067000,25509.0
1626198097000,25509.0
1626198127000,25509.0
1626198157000,25509.0
1626198187000,25509.0
1626198217000,25509.0
1626198247000,25509.0
1626198277000,25509.0
1626198307000,25509.0
1626198337000,25509.0
1626198367000,25509.0
1626198397000,25509.0
1626198427000,25509.0
1626198457000,25509.0
1626198487000,25509.0
1626198517000,25509.0
1626198547000,25509.0
1626198577000,25509.0
1626198607000,25509.0
1626198637000,25509.0
1626198667000,25509.0
1626198697000,25509.0
1626198727000,25509.0
1626198757000,25509.0
1626198787000,25509.0
1626198817000,25509.0
1626198847000,25509.0
1626198877000,25509.0
1626198907000,25509.0
1626198937000,25509.0
1626198967000,25509.0
1626198997000,25509.0
1626199027000,25509.0
1626199057000,25509.0
1626199087000,25509.0
1626199117000,25509.0
1626199147000,25509.0
1626199177000,25509.0
1626199207000,25509.0
1626199237000,25509.0
1626199267000,25509.0
1626199297000,25509.0
1626199327000,25509.0
1626199357000,25509.0
1626199387000,25509.0
1626199417000,25509.0
1626199447000,25509.0
1626199477000,25509.0
1626199507000,25509.0
1626199537000,25509.0
1626199567000,25509.0
1626199597000,25509.0
1626199627000,25509.0
1626199657000,25509.0
1626199687000,25509.0
1626199717000,25509.0
1626199747000,25509.0
1626199777000,25509.0
1626199807000,25509.0
1626199837000,25509.0
1626199867000,25509.0
1626199897000,25509.0
1626199927000,25509.0
1626199957000,25509.0
1626199987000,25509.0
1626200017000,25509.0
1626200047000,25509.0
1626200077000,25509.0
1626200107000,25509.0
1626200137000,25509.0
1626200167000,25509.0
1626200197000,25509.0
1626200227000,25509.0
1626200257000,25509.0
1626200287000,25509.0
1626200317000,25509.0
1626200347000,25509.0
1626200377000,25509.0
1626200407000,25509.0
1626200437000,25509.0
1626200467000,25509.0
1626200497000,25509.0
1626200527000,25509.0
1626200557000,25509.0
1626200587000,25509.0
1626200617000,25509.0
1626200647000,25509.0
1626200677000,25509.0
1626200707000,25509.0
1626200737000,25509.0
1626200767000,25509.0
1626200797000,25509.0
1626200827000,25509.0
1626200857000,25509.0
1626200887000,25509.0
1626200917000,25509.0
1626200947000,25509.0
1626200977000,25509.0
1626201007000,25509.0
1626201037000,25509.0
1626201067000,25509.0
1626201097000,25509.0
1626201127000,25509.0
1626201157000,25509.0
1626201187000,25509.0
1626201217000,25509.0
1626201247000,25509.0
1626201277000,25509.0
1626201307000,25509.0
1626201337000,25509.0
1626201367000,25509.0
1626201397000,25509.0
1626201427000,25509.0
1626201457000,25509.0
1626201487000,25509.0
1626201517000,25509.0
1626201547000,25509.0
1626201577000,25509.0
1626201607000,25509.0
1626201637000,25509.0
1626201667000,25509.0
1626201697000,25509.0
1626201727000,25509.0
1626201757000,25509.0
1626201787000,25509.0
1626201817000,25509.0
1626201847000,25509.0
1626201877000,25509.0
1626201907000,25509.0
1626201937000,25509.0
1626201967000,25509.0
1626201997000,25509.0
1626202027000,25509.0
1626202057000,25509.0
1626202087000,25509.0
1626202117000,25509.0
1626202147000,25509.0
1626202177000,25509.0
1626202207000,25509.0
1626202237000,25509.0
1626202267000,25509.0
1626202297000,25509.0
1626202327000,25509.0
1626202357000,25509.0
1626202387000,25509.0
1626202417000,25509.0
1626202447000,25509.0
1626202477000,25509.0
1626202507000,25509.0
1626202537000,25509.0
1626202567000,25509.0
1626202597000,25509.0
1626202627000,25509.0
1626202657000,25509.0
1626202687000,25509.0
1626202717000,25509.0
1626202747000,25509.0
1626202777000,25509.0
1626202807000,25509.0
1626202837000,25509.0
1626202867000,25509.0
1626202897000,25509.0
1626202927000,25509.0
1626202957000,25509.0
1626202987000,25509.0
1626203017000,25509.0
1626203047000,25509.0
1626203077000,25509.0
1626203107000,25509.0
1626203137000,25509.0
1626203167000,25509.0
1626203197000,25509.0
1626203227000,25509.0
1626203257000,25509.0
1626203287000,25509.0
1626203317000,25509.0
1626203347000,25509.0
1626203377000,25509.0
1626203407000,25509.0
1626203437000,25509.0
1626203467000,25509.0
1626203497000,25509.0
1626203527000,25509.0
1626203557000,25509.0
1626203587000,25509.0
1626203617000,25509.0
1626203647000,25509.0
1626203677000,25509.0
1626203707000,25509.0
1626203737000,25509.0
1626203767000,25509.0
1626203797000,25509.0
1626203827000,25509.0
1626203857000,25509.0
1626203887000,25509.0
1626203917000,25509.0
1626203947000,25509.0
1626203977000,25509.0
1626204007000,25509.0
1626204037000,25509.0
1626204067000,25509.0
1626204097000,25509.0
1626204127000,25509.0
1626204157000,25509.0
1626204187000,25509.0
1626204217000,25509.0
1626204247000,25509.0
1626204277000,25509.0
1626204307000,25509.0
1626204337000,25509.0
1626204367000,25509.0
1626204397000,25509.0
1626204427000,25509.0
1626204457000,25509.0
1626204487000,25509.0
1626204517000,25509.0
1626204547000,25509.0
1626204577000,25509.0
1626204607000,25509.0
1626204637000,25509.0
1626204667000,25509.0
1626204697000,25509.0
1626204727000,25509.0
1626204757000,25509.0
1626204787000,25509.0
1626204817000,25509.0
1626204847000,25509.0
1626204877000,25509.0
1626204907000,25509.0
1626204937000,25509.0
1626204967000,25509.0
1626204997000,25509.0
1626205027000,25509.0
1626205057000,25509.0
1626205087000,25509.0
1626205117000,25509.0
1626205147000,25509.0
1626205177000,25509.0
1626205207000,25509.0
1626205237000,25509.0
1626205267000,25509.0
1626205297000,25509.0
1626205327000,25509.0
1626205357000,25509.0
1626205387000,25509.0
1626205417000,25509.0
1626205447000,25509.0
1626205477000,25509.0
1626205507000,25509.0
1626205537000,25509.0
1626205567000,25509.0
1626205597000,25509.0
1626205627000,25509.0
1626205657000,25509.0
1626205687000,25509.0
1626205717000,25509.0
1626205747000,25509.0
1626205777000,25509.0
1626205807000,25509.0
1626205837000,25509.0
1626205867000,25509.0
1626205897000,25509.0
1626205927000,25509.0
1626205957000,25509.0
1626205987000,25509.0
1626206017000,25509.0
1626206047000,25509.0
1626206077000,25509.0
1626206107000,25509.0
1626206137000,25509.0
1626206167000,25509.0
1626206197000,25509.0
1626206227000,25509.0
1626206257000,25509.0
1626206287000,25509.0
1626206317000,25509.0
1626206347000,25509.0
1626206377000,25509.0
1626206407000,25509.0
1626206437000,25509.0
1626206467000,25509.0
1626206497000,25509.0
1626206527000,25509.0
1626206557000,25509.0
1626206587000,25509.0
1626206617000,25509.0
1626206647000,25509.0
1626206677000,25509.0
1626206707000,25509.0
1626206737000,25509.0
1626206767000,25509.0
1626206797000,25509.0
1626206827000,25509.0
1626206857000,25509.0
1626206887000,25509.0
1626206917000,25509.0
1626206947000,25509.0
1626206977000,25509.0
1626207007000,25509.0
1626207037000,25509.0
1626207067000,25509.0
1626207097000,25509.0
1626207127000,25509.0
1626207157000,25509.0
1626207187000,25509.0
1626207217000,25509.0
1626207247000,25509.0
1626207277000,25509.0
1626207307000,25509.0
1626207337000,25509.0
1626207367000,25509.0
1626207397000,25509.0
1626207427000,25509.0
1626207457000,25509.0
1626207487000,25509.0
1626207517000,25509.0
1626207547000,25509.0
1626207577000,25509.0
1626207607000,25509.0
1626207637000,25509.0
1626207667000,25509.0
1626207697000,25509.0
1626207727000,25509.0
1626207757000,25509.0
1626207787000,25509.0
1626207817000,25509.0
1626207847000,25509.0
1626207877000,25509.0
1626207907000,25509.0
1626207937000,25509.0
1626207967000,25509.0
1626207997000,25509.0
1626208027000,25509.0
1626208057000,25509.0
1626208087000,25509.0
1626208117000,25509.0
1626208147000,25509.0
1626208177000,25509.0
1626208207000,25509.0
1626208237000,25509.0
1626208267000,25509.0
1626208297000,25509.0
1626208327000,25509.0
1626208357000,25509.0
1626208387000,25509.0
1626208417000,25509.0
1626208447000,25509.0
1626208477000,25509.0
1626208507000,25509.0
1626208537000,25509.0
1626208567000,25509.0
1626208597000,25509.0
1626208627000,25509.0
1626208657000,25509.0
1626208687000,25509.0
1626208717000,25509.0
1626208747000,25509.0
1626208777000,25509.0
1626208807000,25509.0
1626208837000,25509.0
1626208867000,25509.0
1626208897000,25509.0
1626208927000,25509.0
1626208957000,25509.0
1626208987000,25509.0
1626209017000,25509.0
1626209047000,25509.0
1626209077000,25509.0
1626209107000,25509.0
1626209137000,25509.0
1626209167000,25509.0
1626209197000,25509.0
1626209227000,25509.0
1626209257000,25509.0
1626209287000,25509.0
1626209317000,25509.0
1626209347000,25509.0
1626209377000,25509.0
1626209407000,25509.0
1626209437000,25509.0
1626209467000,25509.0
1626209497000,25509.0
1626209527000,25509.0
1626209557000,25509.0
1626209587000,25509.0
1626209617000,25509.0
1626209647000,25509.0
1626209677000,25509.0
1626209707000,25509.0
1626209737000,25509.0
1626209767000,25509.0
1626209797000,25509.0
1626209827000,25509.0
1626209857000,25509.0
1626209887000,25509.0
1626209917000,25509.0
1626209947000,25509.0
1626209977000,25509.0
1626210007000,25509.0
1626210037000,25509.0
1626210067000,25509.0
1626210097000,25509.0
1626210127000,25509.0
1626210157000,25509.0
1626210187000,25509.0
1626210217000,25509.0
1626210247000,25509.0
1626210277000,25509.0
1626210307000,25509.0
1626210337000,25509.0
1626210367000,25509.0
1626210397000,25509.0
1626210427000,25509.0
1626210457000,25509.0
1626210487000,25509.0
1626210517000,25509.0
1626210547000,25509.0
1626210577000,25509.0
1626210607000,25509.0
1626210637000,25509.0
1626210667000,25509.0
1626210697000,25509.0
1626210727000,25509.0
1626210757000,25509.0
1626210787000,25509.0
1626210817000,25509.0
1626210847000,25509.0
1626210877000,25509.0
1626210907000,25509.0
1626210937000,25509.0
1626210967000,25509.0
1626210997000,25509.0
1626211027000,25509.0
1626211057000,25509.0
1626211087000,25509.0
1626211117000,25509.0
1626211147000,25509.0
1626211177000,25509.0
1626211207000,25509.0
1626211237000,25509.0
1626211267000,25509.0
1626211297000,25509.0
1626211327000,25509.0
1626211357000,25509.0
1626211387000,25509.0
1626211417000,25509.0
1626211447000,25509.0
1626211477000,25509.0
1626211507000,25509.0
1626211537000,25509.0
1626211567000,25509.0
1626211597000,25509.0
1626211627000,25509.0
1626211657000,25509.0
1626211687000,25509.0
1626211717000,25509.0
1626211747000,25509.0
1626211777000,25509.0
1626211807000,25509.0
1626211837000,25509.0
1626211867000,25509.0
1626211897000,25509.0
1626211927000,25509.0
1626211957000,25509.0
1626211987000,25509.0
1626212017000,25509.0
1626212047000,25509.0
1626212077000,25509.0
1626212107000,25509.0
1626212137000,25509.0
1626212167000,25509.0
1626212197000,25509.0
1626212227000,25509.0
1626212257000,25509.0
1626212287000,25509.0
1626212317000,25509.0
1626212347000,25509.0
1626212377000,25509.0
1626212407000,25509.0
1626212437000,25509.0
1626212467000,25509.0
1626212497000,25509.0
1626212527000,25509.0
1626212557000,25509.0
1626212587000,25509.0
1626212617000,25509.0
1626212647000,25509.0
1626212677000,25509.0
1626212707000,25509.0
1626212737000,25509.0
1626212767000,25509.0
1626212797000,25509.0
1626212827000,25509.0
1626212857000,25509.0
1626212887000,25509.0
1626212917000,25509.0
1626212947000,25509.0
1626212977000,25509.0
1626213007000,25509.0
1626213037000,25509.0
1626213067000,25509.0
1626213097000,25509.0
1626213127000,25509.0
1626213157000,25509.0
1626213187000,25509.0
1626213217000,25509.0
1626213247000,25509.0
1626213277000,25509.0
1626213307000,25509.0
1626213337000,25509.0
1626213367000,25509.0
1626213397000,25509.0
1626213427000,25509.0
1626213457000,25509.0
1626213487000,25509.0
1626213517000,25509.0
1626213547000,25509.0
1626213577000,25509.0
1626213607000,25509.0
1626213637000,25509.0
1626213667000,25509.0
1626213697000,25509.0
1626213727000,25509.0
1626213757000,25509.0
1626213787000,25509.0
1626213817000,25509.0
1626213847000,25509.0
1626213877000,25509.0
1626213907000,25509.0
1626213937000,25509.0
1626213967000,25509.0
1626213997000,25509.0
1626214027000,25509.0
1626214057000,25509.0
1626214087000,25509.0
1626214117000,25509.0
1626214147000,25509.0
1626214177000,25509.0
1626214207000,25509.0
1626214237000,25509.0
1626214267000,25509.0
1626214297000,25509.0
1626214327000,25509.0
1626214357000,25509.0
1626214387000,25509.0
1626214417000,25509.0
1626214447000,25509.0
1626214477000,25509.0
1626214507000,25509.0
1626214537000,25509.0
1626214567000,25509.0
1626214597000,25509.0
1626214627000,25509.0
1626214657000,25509.0
1626214687000,25509.0
1626214717000,25509.0
1626214747000,25509.0
1626214777000,25509.0
1626214807000,25509.0
1626214837000,25509.0
1626214867000,25509.0
1626214897000,25509.0
1626214927000,25509.0
1626214957000,25509.0
1626214987000,25509.0
1626215017000,25509.0
1626215047000,25509.0
1626215077000,25509.0
1626215107000,25509.0
1626215137000,25509.0
1626215167000,25509.0
1626215197000,25509.0
1626215227000,25509.0
1626215257000,25509.0
1626215287000,25509.0
1626215317000,25509.0
1626215347000,25509.0
1626215377000,25509.0
1626215407000,25509.0
1626215437000,25509.0
1626215467000,25509.0
1626215497000,25509.0
1626215527000,25509.0
1626215557000,25509.0
1626215587000,25509.0
1626215617000,25509.0
1626215647000,25509.0
1626215677000,25509.0
1626215707000,25509.0
1626215737000,25509.0
1626215767000,25509.0
1626215797000,25509.0
1626215827000,25509.0
1626215857000,25509.0
1626215887000,25509.0
1626215917000,25509.0
1626215947000,25509.0
1626215977000,25509.0
1626216007000,25509.0
1626216037000,25509.0
1626216067000,25509.0
1626216097000,25509.0
1626216127000,25509.0
1626216157000,25509.0
1626216187000,25509.0
1626216217000,25509.0
1626216247000,25509.0
1626216277000,25509.0
1626216307000,25509.0
1626216337000,25509.0
1626216367000,25509.0
1626216397000,25509.0
1626216427000,25509.0
1626216457000,25509.0
1626216487000,25509.0
1626216517000,25509.0
1626216547000,25509.0
1626216577000,25509.0
1626216607000,25509.0
1626216637000,25509.0
1626216667000,25509.0
1626216697000,25509.0
1626216727000,25509.0
1626216757000,25509.0
1626216787000,25509.0
1626216817000,25509.0
1626216847000,25509.0
1626216877000,25509.0
1626216907000,25509.0
1626216937000,25509.0
1626216967000,25509.0
1626216997000,25509.0
1626217027000,25509.0
1626217057000,25509.0
1626217087000,25509.0
1626217117000,25509.0
1626217147000,25509.0
1626217177000,25509.0
1626217207000,25509.0
1626217237000,25509.0
1626217267000,25509.0
1626217297000,25509.0
1626217327000,25509.0
1626217357000,25509.0
1626217387000,25509.0
1626217417000,25509.0
1626217447000,25509.0
1626217477000,25509.0
1626217507000,25509.0
1626217537000,25509.0
1626217567000,25509.0
1626217597000,25509.0
1626217627000,25509.0
1626217657000,25509.0
1626217687000,25509.0
1626217717000,25509.0
1626217747000,25509.0
1626217777000,25509.0
1626217807000,25509.0
1626217837000,25509.0
1626217867000,25509.0
1626217897000,25509.0
1626217927000,25509.0
1626217957000,25509.0
1626217987000,25509.0
1626218017000,25509.0
1626218047000,25509.0
1626218077000,25509.0
1626218107000,25509.0
1626218137000,25509.0
1626218167000,25509.0
1626218197000,25509.0
1626218227000,25509.0
1626218257000,25509.0
1626218287000,25509.0
1626218317000,25509.0
1626218347000,25509.0
1626218377000,25509.0
1626218407000,25509.0
1626218437000,25509.0
1626218467000,25509.0
1626218497000,25509.0
1626218527000,25509.0
1626218557000,25509.0
1626218587000,25509.0
1626218617000,25509.0
1626218647000,25509.0
1626218677000,25509.0
1626218707000,25509.0
1626218737000,25509.0
1626218767000,25509.0
1626218797000,25509.0
1626218827000,25509.0
1626218857000,25509.0
1626218887000,25509.0
1626218917000,25509.0
1626218947000,25509.0
1626218977000,25509.0
1626219007000,25509.0
1626219037000,25509.0
1626219067000,25509.0
1626219097000,25509.0
1626219127000,25509.0
1626219157000,25509.0
1626219187000,25509.0
1626219217000,25509.0
1626219247000,25509.0
1626219277000,25509.0
1626219307000,25509.0
1626219337000,25509.0
1626219367000,25509.0
1626219397000,25509.0
1626219427000,25509.0
1626219457000,25509.0
1626219487000,25509.0
1626219517000,25509.0
1626219547000,25509.0
1626219577000,25509.0
1626219607000,25509.0
1626219637000,25509.0
1626219667000,25509.0
1626219697000,25509.0
1626219727000,25509.0
1626219757000,25509.0
1626219787000,25509.0
1626219817000,25509.0
1626219847000,25509.0
1626219877000,25509.0
1626219907000,25509.0
1626219937000,25509.0
1626219967000,25509.0
1626219997000,25509.0
1626220027000,25509.0
1626220057000,25509.0
1626220087000,25509.0
1626220117000,25509.0
1626220147000,25509.0
1626220177000,25509.0
1626220207000,25509.0
1626220237000,25509.0
1626220267000,25509.0
1626220297000,25509.0
1626220327000,25509.0
1626220357000,25509.0
1626220387000,25509.0
1626220417000,25509.0
1626220447000,25509.0
1626220477000,25509.0
1626220507000,25509.0
1626220537000,25509.0
1626220567000,25509.0
1626220597000,25509.0
1626220627000,25509.0
1626220657000,25509.0
1626220687000,25509.0
1626220717000,25509.0
1626220747000,25509.0
1626220777000,25509.0
1626220807000,25509.0
1626220837000,25509.0
1626220867000,25509.0
1626220897000,25509.0
1626220927000,25509.0
1626220957000,25509.0
1626220987000,25509.0
1626221017000,25509.0
1626221047000,25509.0
1626221077000,25509.0
1626221107000,25509.0
1626221137000,25509.0
1626221167000,25509.0
1626221197000,25509.0
1626221227000,25509.0
1626221257000,25509.0
1626221287000,25509.0
1626221317000,25509.0
1626221347000,25509.0
1626221377000,25509.0
1626221407000,25509.0
1626221437000,25509.0
1626221467000,25509.0
1626221497000,25509.0
1626221527000,25509.0
1626221557000,25509.0
1626221587000,25509.0
1626221617000,25509.0
1626221647000,25509.0
1626221677000,25509.0
1626221707000,25509.0
1626221737000,25509.0
1626221767000,25509.0
1626221797000,25509.0
1626221827000,25509.0
1626221857000,25509.0
1626221887000,25509.0
1626221917000,25509.0
1626221947000,25509.0
1626221977000,25509.0
1626222007000,25509.0
1626222037000,25509.0
1626222067000,25509.0
1626222097000,25509.0
1626222127000,25509.0
1626222157000,25509.0
1626222187000,25509.0
1626222217000,25509.0
1626222247000,25509.0
1626222277000,25509.0
1626222307000,25509.0
1626222337000,25509.0
1626222367000,25509.0
1626222397000,25509.0
1626222427000,25509.0
1626222457000,25509.0
1626222487000,25509.0
1626222517000,25509.0
1626222547000,25509.0
1626222577000,25509.0
1626222607000,25509.0
1626222637000,25509.0
1626222667000,25509.0
1626222697000,25509.0
1626222727000,25509.0
1626222757000,25509.0
1626222787000,25509.0
1626222817000,25509.0
1626222847000,25509.0
1626222877000,25509.0
1626222907000,25509.0
1626222937000,25509.0
1626222967000,25509.0
1626222997000,25509.0
1626223027000,25509.0
1626223057000,25509.0
1626223087000,25509.0
1626223117000,25509.0
1626223147000,25509.0
1626223177000,25509.0
1626223207000,25509.0
1626223237000,25509.0
1626223267000,25509.0
1626223297000,25509.0
1626223327000,25509.0
1626223357000,25509.0
1626223387000,25509.0
1626223417000,25509.0
1626223447000,25509.0
1626223477000,25509.0
1626223507000,25509.0
1626223537000,25509.0
1626223567000,25509.0
1626223597000,25509.0
1626223627000,25509.0
1626223657000,25509.0
1626223687000,25509.0
1626223717000,25509.0
1626223747000,25509.0
1626223777000,25509.0
1626223807000,25509.0
1626223837000,25509.0
1626223867000,25509.0
1626223897000,25509.0
1626223927000,25509.0
1626223957000,25509.0
1626223987000,25509.0
1626224017000,25509.0
1626224047000,25509.0
1626224077000,25509.0
1626224107000,25509.0
1626224137000,25509.0
1626224167000,25509.0
1626224197000,25509.0
1626224227000,25509.0
1626224257000,25509.0
1626224287000,25509.0
1626224317000,25509.0
1626224347000,25509.0
1626224377000,25509.0
1626224407000,25509.0
1626224437000,25509.0
1626224467000,25509.0
1626224497000,25509.0
1626224527000,25509.0
1626224557000,25509.0
1626224587000,25509.0
1626224617000,25509.0
1626224647000,25509.0
1626224677000,25509.0
1626224707000,25509.0
1626224737000,25509.0
1626224767000,25509.0
1626224797000,25509.0
1626224827000,25509.0
1626224857000,25509.0
1626224887000,25509.0
1626224917000,25509.0
1626224947000,25509.0
1626224977000,25509.0
1626225007000,25509.0
1626225037000,25509.0
1626225067000,25509.0
1626225097000,25509.0
1626225127000,25509.0
1626225157000,25509.0
1626225187000,25509.0
1626225217000,25509.0
1626225247000,25509.0
1626225277000,25509.0
1626225307000,25509.0
1626225337000,25509.0
1626225367000,25509.0
1626225397000,25509.0
1626225427000,25509.0
1626225457000,25509.0
1626225487000,25509.0
1626225517000,25509.0
1626225547000,25509.0
1626225577000,25509.0
1626225607000,25509.0
1626225637000,25509.0
1626225667000,25509.0
1626225697000,25509.0
1626225727000,25509.0
1626225757000,25509.0
1626225787000,25509.0
1626225817000,25509.0
1626225847000,25509.0
1626225877000,25509.0
1626225907000,25509.0
1626225937000,25509.0
1626225967000,25509.0
1626225997000,25509.0
1626226027000,25509.0
1626226057000,25509.0
1626226087000,25509.0
1626226117000,25509.0
1626226147000,25509.0
1626226177000,25509.0
1626226207000,25509.0
1626226237000,25509.0
1626226267000,25509.0
1626226297000,25509.0
1626226327000,25509.0
1626226357000,25509.0
1626226387000,25509.0
1626226417000,25509.0
1626226447000,25509.0
1626226477000,25509.0
1626226507000,25509.0
1626226537000,25509.0
1626226567000,25509.0
1626226597000,25509.0
1626226627000,25509.0
1626226657000,25509.0
1626226687000,25509.0
1626226717000,25509.0
1626226747000,25509.0
1626226777000,25509.0
1626226807000,25509.0
1626226837000,25509.0
1626226867000,25509.0
1626226897000,25509.0
1626226927000,25509.0
1626226957000,25509.0
1626226987000,25509.0
1626227017000,25509.0
1626227047000,25509.0
1626227077000,25509.0
1626227107000,25509.0
1626227137000,25509.0
1626227167000,25509.0
1626227197000,25509.0
1626227227000,25509.0
1626227257000,25509.0
1626227287000,25509.0
1626227317000,25509.0
1626227347000,25509.0
1626227377000,25509.0
1626227407000,25509.0
1626227437000,25509.0
1626227467000,25509.0
1626227497000,25509.0
1626227527000,25509.0
1626227557000,25509.0
1626227587000,25509.0
1626227617000,25509.0
1626227647000,25509.0
1626227677000,25509.0
1626227707000,25509.0
1626227737000,25509.0
1626227767000,25509.0
1626227797000,25509.0
1626227827000,25509.0
1626227857000,25509.0
1626227887000,25509.0
1626227917000,25509.0
1626227947000,25509.0
1626227977000,25509.0
1626228007000,25509.0
1626228037000,25509.0
1626228067000,25509.0
1626228097000,25509.0
1626228127000,25509.0
1626228157000,25509.0
1626228187000,25509.0
1626228217000,25509.0
1626228247000,25509.0
1626228277000,25509.0
1626228307000,25509.0
1626228337000,25509.0
1626228367000,25509.0
1626228397000,25509.0
1626228427000,25509.0
1626228457000,25509.0
1626228487000,25509.0
1626228517000,25509.0
1626228547000,25509.0
1626228577000,25509.0
1626228607000,25509.0
1626228637000,25509.0
1626228667000,25509.0
1626228697000,25509.0
1626228727000,25509.0
1626228757000,25509.0
1626228787000,25509.0
1626228817000,25509.0
1626228847000,25509.0
1626228877000,25509.0
1626228907000,25509.0
1626228937000,25509.0
1626228967000,25509.0
1626228997000,25509.0
1626229027000,25509.0
1626229057000,25509.0
1626229087000,25509.0
1626229117000,25509.0
1626229147000,25509.0
1626229177000,25509.0
1626229207000,25509.0
1626229237000,25509.0
1626229267000,25509.0
1626229297000,25509.0
1626229327000,25509.0
1626229357000,25509.0
1626229387000,25509.0
1626229417000,25509.0
1626229447000,25509.0
1626229477000,25509.0
1626229507000,25509.0
1626229537000,25509.0
1626229567000,25509.0
1626229597000,25509.0
1626229627000,25509.0
1626229657000,25509.0
1626229687000,25509.0
1626229717000,25509.0
1626229747000,25509.0
1626229777000,25509.0
1626229807000,25509.0
1626229837000,25509.0
1626229867000,25509.0
1626229897000,25509.0
1626229927000,25509.0
1626229957000,25509.0
1626229987000,25509.0
1626230017000,25509.0
1626230047000,25509.0
1626230077000,25509.0
1626230107000,25509.0
1626230137000,25509.0
1626230167000,25509.0
1626230197000,25509.0
1626230227000,25509.0
1626230257000,25509.0
1626230287000,25509.0
1626230317000,25509.0
1626230347000,25509.0
1626230377000,25509.0
1626230407000,25509.0
1626230437000,25509.0
1626230467000,25509.0
1626230497000,25509.0
1626230527000,25509.0
1626230557000,25509.0
1626230587000,25509.0
1626230617000,25509.0
1626230647000,25509.0
1626230677000,25509.0
1626230707000,25509.0
1626230737000,25509.0
1626230767000,25509.0
1626230797000,25509.0
1626230827000,25509.0
1626230857000,25509.0
1626230887000,25509.0
1626230917000,25509.0
1626230947000,25509.0
1626230977000,25509.0
1626231007000,25509.0
1626231037000,25509.0
1626231067000,25509.0
1626231097000,25509.0
1626231127000,25509.0
1626231157000,25509.0
1626231187000,25509.0
1626231217000,25509.0
1626231247000,25509.0
1626231277000,25509.0
1626231307000,25509.0
1626231337000,25509.0
1626231367000,25509.0
1626231397000,25509.0
1626231427000,25509.0
1626231457000,25509.0
1626231487000,25509.0
1626231517000,25509.0
1626231547000,25509.0
1626231577000,25509.0
1626231607000,25509.0
1626231637000,25509.0
1626231667000,25509.0
1626231697000,25509.0
1626231727000,25509.0
1626231757000,25509.0
1626231787000,25509.0
1626231817000,25509.0
1626231847000,25509.0
1626231877000,25509.0
1626231907000,25509.0
1626231937000,25509.0
1626231967000,25509.0
1626231997000,25509.0
1626232027000,25509.0
1626232057000,25509.0
1626232087000,25509.0
1626232117000,25509.0
1626232147000,25509.0
1626232177000,25509.0
1626232207000,25509.0
1626232237000,25509.0
1626232267000,25509.0
1626232297000,25509.0
1626232327000,25509.0
1626232357000,25509.0
1626232387000,25509.0
1626232417000,25509.0
1626232447000,25509.0
1626232477000,25509.0
1626232507000,25509.0
1626232537000,25509.0
1626232567000,25509.0
1626232597000,25509.0
1626232627000,25509.0
1626232657000,25509.0
1626232687000,25509.0
1626232717000,25509.0
1626232747000,25509.0
1626232777000,25509.0
1626232807000,25509.0
1626232837000,25509.0
1626232867000,25509.0
1626232897000,25509.0
1626232927000,25509.0
1626232957000,25509.0
1626232987000,25509.0
1626233017000,25509.0
1626233047000,25509.0
1626233077000,25509.0
1626233107000,25509.0
1626233137000,25509.0
1626233167000,25509.0
1626233197000,25509.0
1626233227000,25509.0
1626233257000,25509.0
1626233287000,25509.0
1626233317000,25509.0
1626233347000,25509.0
1626233377000,25509.0
1626233407000,25509.0
1626233437000,25509.0
1626233467000,25509.0
1626233497000,25509.0
1626233527000,25509.0
1626233557000,25509.0
1626233587000,25509.0
1626233617000,25509.0
1626233647000,25509.0
1626233677000,25509.0
1626233707000,25509.0
1626233737000,25509.0
1626233767000,25509.0
1626233797000,25509.0
1626233827000,25509.0
1626233857000,25509.0
1626233887000,25509.0
1626233917000,25509.0
1626233947000,25509.0
1626233977000,25509.0
1626234007000,25509.0
1626234037000,25509.0
1626234067000,25509.0
1626234097000,25509.0
1626234127000,25509.0
1626234157000,25509.0
1626234187000,25509.0
1626234217000,25509.0
1626234247000,25509.0
1626234277000,25509.0
1626234307000,25509.0
1626234337000,25509.0
1626234367000,25509.0
1626234397000,25509.0
1626234427000,25509.0
1626234457000,25509.0
1626234487000,25509.0
1626234517000,25509.0
1626234547000,25509.0
1626234577000,25509.0
1626234607000,25509.0
1626234637000,25509.0
1626234667000,25509.0
1626234697000,25509.0
1626234727000,25509.0
1626234757000,25509.0
1626234787000,25509.0
1626234817000,25509.0
1626234847000,25509.0
1626234877000,25509.0
1626234907000,25509.0
1626234937000,25509.0
1626234967000,25509.0
1626234997000,25509.0
1626235027000,25509.0
1626235057000,25509.0
1626235087000,25509.0
1626235117000,25509.0
1626235147000,25509.0
1626235177000,25509.0
1626235207000,25509.0
1626235237000,25509.0
1626235267000,25509.0
1626235297000,25509.0
1626235327000,25509.0
1626235357000,25509.0
1626235387000,25509.0
1626235417000,25509.0
1626235447000,25509.0
1626235477000,25509.0
1626235507000,25509.0
1626235537000,25509.0
1626235567000,25509.0
1626235597000,25509.0
1626235627000,25509.0
1626235657000,25509.0
1626235687000,25509.0
1626235717000,25509.0
1626235747000,25509.0
1626235777000,25509.0
1626235807000,25509.0
1626235837000,25509.0
1626235867000,25509.0
1626235897000,25509.0
1626235927000,25509.0
1626235957000,25509.0
1626235987000,25509.0
1626236017000,25509.0
1626236047000,25509.0
1626236077000,25509.0
1626236107000,25509.0
1626236137000,25509.0
1626236167000,25509.0
1626236197000,25509.0
1626236227000,25509.0
1626236257000,25509.0
1626236287000,25509.0
1626236317000,25509.0
1626236347000,25509.0
1626236377000,25509.0
1626236407000,25509.0
1626236437000,25509.0
1626236467000,25509.0
1626236497000,25509.0
1626236527000,25509.0
1626236557000,25509.0
1626236587000,25509.0
1626236617000,25509.0
1626236647000,25509.0
1626236677000,25509.0
1626236707000,25509.0
1626236737000,25509.0
1626236767000,25509.0
1626236797000,25509.0
1626236827000,25509.0
1626236857000,25509.0
1626236887000,25509.0
1626236917000,25509.0
1626236947000,25509.0
1626236977000,25509.0
1626237007000,25509.0
1626237037000,25509.0
1626237067000,25509.0
1626237097000,25509.0
1626237127000,25509.0
1626237157000,25509.0
1626237187000,25509.0
1626237217000,25509.0
1626237247000,25509.0
1626237277000,25509.0
1626237307000,25509.0
1626237337000,25509.0
1626237367000,25509.0
1626237397000,25509.0
1626237427000,25509.0
1626237457000,25509.0
1626237487000,25509.0
1626237517000,25509.0
1626237547000,25509.0
1626237577000,25509.0
1626237607000,25509.0
1626237637000,25509.0
1626237667000,25509.0
1626237697000,25509.0
1626237727000,25509.0
1626237757000,25509.0
1626237787000,25509.0
1626237817000,25509.0
1626237847000,25509.0
1626237877000,25509.0
1626237907000,25509.0
1626237937000,25509.0
1626237967000,25509.0
1626237997000,25509.0
1626238027000,25509.0
1626238057000,25509.0
1626238087000,25509.0
1626238117000,25509.0
1626238147000,25509.0
1626238177000,25509.0
1626238207000,25509.0
1626238237000,25509.0
1626238267000,25509.0
1626238297000,25509.0
1626238327000,25509.0
1626238357000,25509.0
1626238387000,25509.0
1626238417000,25509.0
1626238447000,25509.0
1626238477000,25509.0
1626238507000,25509.0
1626238537000,25509.0
1626238567000,25509.0
1626238597000,25509.0
1626238627000,25509.0
1626238657000,25509.0
1626238687000,25509.0
1626238717000,25509.0
1626238747000,25509.0
1626238777000,25509.0
1626238807000,25509.0
1626238837000,25509.0
1626238867000,25509.0
1626238897000,25509.0
1626238927000,25509.0
1626238957000,25509.0
1626238987000,25509.0
1626239017000,25509.0
1626239047000,25509.0
1626239077000,25509.0
1626239107000,25509.0
1626239137000,25509.0
1626239167000,25509.0
1626239197000,25509.0
1626239227000,25509.0
1626239257000,25509.0
1626239287000,25509.0
1626239317000,25509.0
1626239347000,25509.0
1626239377000,25509.0
1626239407000,25509.0
1626239437000,25509.0
1626239467000,25509.0
1626239497000,25509.0
1626239527000,25509.0
1626239557000,25509.0
1626239587000,25509.0
1626239617000,25509.0
1626239647000,25509.0
1626239677000,25509.0
1626239707000,25509.0
1626239737000,25509.0
1626239767000,25509.0
1626239797000,25509.0
1626239827000,25509.0
1626239857000,25509.0
1626239887000,25509.0
1626239917000,25509.0
1626239947000,25509.0
1626239977000,25509.0
1626240007000,25509.0
1626240037000,25509.0
1626240067000,25509.0
1626240097000,25509.0
1626240127000,25509.0
1626240157000,25509.0
1626240187000,25509.0
1626240217000,25509.0
1626240247000,25509.0
1626240277000,25509.0
1626240307000,25509.0
1626240337000,25509.0
1626240367000,25509.0
1626240397000,25509.0
1626240427000,25509.0
1626240457000,25509.0
1626240487000,25509.0
1626240517000,25509.0
1626240547000,25509.0
1626240577000,25509.0
1626240607000,25509.0
1626240637000,25509.0
1626240667000,25509.0
1626240697000,25509.0
1626240727000,25509.0
1626240757000,25509.0
1626240787000,25509.0
1626240817000,25509.0
1626240847000,25509.0
1626240877000,25509.0
1626240907000,25509.0
1626240937000,25509.0
1626240967000,25509.0
1626240997000,25509.0
1626241027000,25509.0
1626241057000,25509.0
1626241087000,25509.0
1626241117000,25509.0
1626241147000,25509.0
1626241177000,25509.0
1626241207000,25509.0
1626241237000,25509.0
1626241267000,25509.0
1626241297000,25509.0
1626241327000,25509.0
1626241357000,25509.0
1626241387000,25509.0
1626241417000,25509.0
1626241447000,25509.0
1626241477000,25509.0
1626241507000,25509.0
1626241537000,25509.0
1626241567000,25509.0
1626241597000,25509.0
1626241627000,25509.0
1626241657000,25509.0
1626241687000,25509.0
1626241717000,25509.0
1626241747000,25509.0
1626241777000,25509.0
1626241807000,25509.0
1626241837000,25509.0
1626241867000,25509.0
1626241897000,25509.0
1626241927000,25509.0
1626241957000,25509.0
1626241987000,25509.0
1626242017000,25509.0
1626242047000,25509.0
1626242077000,25509.0
1626242107000,25509.0
1626242137000,25509.0
1626242167000,25509.0
1626242197000,25509.0
1626242227000,25509.0
1626242257000,25509.0
1626242287000,25509.0
1626242317000,25509.0
1626242347000,25509.0
1626242377000,25509.0
1626242407000,25509.0
1626242437000,25509.0
1626242467000,25509.0
1626242497000,25509.0
1626242527000,25509.0
1626242557000,25509.0
1626242587000,25509.0
1626242617000,25509.0
1626242647000,25509.0
1626242677000,25509.0
1626242707000,25509.0
1626242737000,25509.0
1626242767000,25509.0
1626242797000,25509.0
1626242827000,25509.0
1626242857000,25509.0
1626242887000,25509.0
1626242917000,25509.0
1626242947000,25509.0
1626242977000,25509.0
1626243007000,25509.0
1626243037000,25509.0
1626243067000,25509.0
1626243097000,25509.0
1626243127000,25509.0
1626243157000,25509.0
1626243187000,25509.0
1626243217000,25509.0
1626243247000,25509.0
1626243277000,25509.0
1626243307000,25509.0
1626243337000,25509.0
1626243367000,25509.0
1626243397000,25509.0
1626243427000,25509.0
1626243457000,25509.0
1626243487000,25509.0
1626243517000,25509.0
1626243547000,25509.0
1626243577000,25509.0
1626243607000,25509.0
1626243637000,25509.0
1626243667000,25509.0
1626243697000,25509.0
1626243727000,25509.0
1626243757000,25509.0
1626243787000,25509.0
1626243817000,25509.0
1626243847000,25509.0
1626243877000,25509.0
1626243907000,25509.0
1626243937000,25509.0
1626243967000,25509.0
1626243997000,25509.0
1626244027000,25509.0
1626244057000,25509.0
1626244087000,25509.0
1626244117000,25509.0
1626244147000,25509.0
1626244177000,25509.0
1626244207000,25509.0
1626244237000,25509.0
1626244267000,25509.0
1626244297000,25509.0
1626244327000,25509.0
1626244357000,25509.0
1626244387000,25509.0
1626244417000,25509.0
1626244447000,25509.0
1626244477000,25509.0
1626244507000,25509.0
1626244537000,25509.0
1626244567000,25509.0
1626244597000,25509.0
1626244627000,25509.0
1626244657000,25509.0
1626244687000,25509.0
1626244717000,25509.0
1626244747000,25509.0
1626244777000,25509.0
1626244807000,25509.0
1626244837000,25509.0
1626244867000,25509.0
1626244897000,25509.0
1626244927000,25509.0
1626244957000,25509.0
1626244987000,25509.0
1626245017000,25509.0
1626245047000,25509.0
1626245077000,25509.0
1626245107000,25509.0
1626245137000,25509.0
1626245167000,25509.0
1626245197000,25509.0
1626245227000,25509.0
1626245257000,25509.0
1626245287000,25509.0
1626245317000,25509.0
1626245347000,25509.0
1626245377000,25509.0
1626245407000,25509.0
1626245437000,25509.0
1626245467000,25509.0
1626245497000,25509.0
1626245527000,25509.0
1626245557000,25509.0
1626245587000,25509.0
1626245617000,25509.0
1626245647000,25509.0
1626245677000,25509.0
1626245707000,25509.0
1626245737000,25509.0
1626245767000,25509.0
1626245797000,25509.0
1626245827000,25509.0
1626245857000,25509.0
1626245887000,25509.0
1626245917000,25509.0
1626245947000,25509.0
1626245977000,25509.0
1626246007000,25509.0
1626246037000,25509.0
1626246067000,25509.0
1626246097000,25509.0
1626246127000,25509.0
1626246157000,25509.0
1626246187000,25509.0
1626246217000,25509.0
1626246247000,25509.0
1626246277000,25509.0
1626246307000,25509.0
1626246337000,25509.0
1626246367000,25509.0
1626246397000,25509.0
1626246427000,25509.0
1626246457000,25509.0
1626246487000,25509.0
1626246517000,25509.0
1626246547000,25509.0
1626246577000,25509.0
1626246607000,25509.0
1626246637000,25509.0
1626246667000,25509.0
1626246697000,25509.0
1626246727000,25509.0
1626246757000,25509.0
1626246787000,25509.0
1626246817000,25509.0
1626246847000,25509.0
1626246877000,25509.0
1626246907000,25509.0
1626246937000,25509.0
1626246967000,25509.0
1626246997000,25509.0
1626247027000,25509.0
1626247057000,25509.0
1626247087000,25509.0
1626247117000,25509.0
1626247147000,25509.0
1626247177000,25509.0
1626247207000,25509.0
1626247237000,25509.0
1626247267000,25509.0
1626247297000,25509.0
1626247327000,25509.0
1626247357000,25509.0
1626247387000,25509.0
1626247417000,25509.0
1626247447000,25509.0
1626247477000,25509.0
1626247507000,25509.0
1626247537000,25509.0
1626247567000,25509.0
1626247597000,25509.0
1626247627000,25509.0
1626247657000,25509.0
1626247687000,25509.0
1626247717000,25509.0
1626247747000,25509.0
1626247777000,25509.0
1626247807000,25509.0
1626247837000,25509.0
1626247867000,25509.0
1626247897000,25509.0
1626247927000,25509.0
1626247957000,25509.0
1626247987000,25509.0
1626248017000,25509.0
1626248047000,25509.0
1626248077000,25509.0
1626248107000,25509.0
1626248137000,25509.0
1626248167000,25509.0
1626248197000,25509.0
1626248227000,25509.0
1626248257000,25509.0
1626248287000,25509.0
1626248317000,25509.0
1626248347000,25509.0
1626248377000,25509.0
1626248407000,25509.0
1626248437000,25509.0
1626248467000,25509.0
1626248497000,25509.0
1626248527000,25509.0
1626248557000,25509.0
1626248587000,25509.0
1626248617000,25509.0
1626248647000,25509.0
1626248677000,25509.0
1626248707000,25509.0
1626248737000,25509.0
1626248767000,25509.0
1626248797000,25509.0
1626248827000,25509.0
1626248857000,25509.0
1626248887000,25509.0
1626248917000,25509.0
1626248947000,25509.0
1626248977000,25509.0
1626249007000,25509.0
1626249037000,25509.0
1626249067000,25509.0
1626249097000,25509.0
1626249127000,25509.0
1626249157000,25509.0
1626249187000,25509.0
1626249217000,25509.0
1626249247000,25509.0
1626249277000,25509.0
1626249307000,25509.0
1626249337000,25509.0
1626249367000,25509.0
1626249397000,25509.0
1626249427000,25509.0
1626249457000,25509.0
1626249487000,25509.0
1626249517000,25509.0
1626249547000,25509.0
1626249577000,25509.0
1626249607000,25509.0
1626249637000,25509.0
1626249667000,25509.0
1626249697000,25509.0
1626249727000,25509.0
1626249757000,25509.0
1626249787000,25509.0
1626249817000,25509.0
1626249847000,25509.0
1626249877000,25509.0
1626249907000,25509.0
1626249937000,25509.0
1626249967000,25509.0
1626249997000,25509.0
1626250027000,25509.0
1626250057000,25509.0
1626250087000,25509.0
1626250117000,25509.0
1626250147000,25509.0
1626250177000,25509.0
1626250207000,25509.0
1626250237000,25509.0
1626250267000,25509.0
1626250297000,25509.0
1626250327000,25509.0
1626250357000,25509.0
1626250387000,25509.0
1626250417000,25509.0
1626250447000,25509.0
1626250477000,25509.0
1626250507000,25509.0
1626250537000,25509.0
1626250567000,25509.0
1626250597000,25509.0
1626250627000,25509.0
1626250657000,25509.0
1626250687000,25509.0
1626250717000,25509.0
1626250747000,25509.0
1626250777000,25509.0
1626250807000,25509.0
1626250837000,25509.0
1626250867000,25509.0
1626250897000,25509.0
1626250927000,25509.0
1626250957000,25509.0
1626250987000,25509.0
1626251017000,25509.0
1626251047000,25509.0
1626251077000,25509.0
1626251107000,25509.0
1626251137000,25509.0
1626251167000,25509.0
1626251197000,25509.0
1626251227000,25509.0
1626251257000,25509.0
1626251287000,25509.0
1626251317000,25509.0
1626251347000,25509.0
1626251377000,25509.0
1626251407000,25509.0
1626251437000,25509.0
1626251467000,25509.0
1626251497000,25509.0
1626251527000,25509.0
1626251557000,25509.0
1626251587000,25509.0
1626251617000,25509.0
1626251647000,25509.0
1626251677000,25509.0
1626251707000,25509.0
1626251737000,25509.0
1626251767000,25509.0
1626251797000,25509.0
1626251827000,25509.0
1626251857000,25509.0
1626251887000,25509.0
1626251917000,25509.0
1626251947000,25509.0
1626251977000,25509.0
1626252007000,25509.0
1626252037000,25509.0
1626252067000,25509.0
1626252097000,25509.0
1626252127000,25509.0
1626252157000,25509.0
1626252187000,25509.0
1626252217000,25509.0
1626252247000,25509.0
1626252277000,25509.0
1626252307000,25509.0
1626252337000,25509.0
1626252367000,25509.0
1626252397000,25509.0
1626252427000,25509.0
1626252457000,25509.0
1626252487000,25509.0
1626252517000,25509.0
1626252547000,25509.0
1626252577000,25509.0
1626252607000,25509.0
1626252637000,25509.0
1626252667000,25509.0
1626252697000,25509.0
1626252727000,25509.0
1626252757000,25509.0
1626252787000,25509.0
1626252817000,25509.0
1626252847000,25509.0
1626252877000,25509.0
1626252907000,25509.0
1626252937000,25509.0
1626252967000,25509.0
1626252997000,25509.0
1626253027000,25509.0
1626253057000,25509.0
1626253087000,25509.0
1626253117000,25509.0
1626253147000,25509.0
1626253177000,25509.0
1626253207000,25509.0
1626253237000,25509.0
1626253267000,25509.0
1626253297000,25509.0
1626253327000,25509.0
1626253357000,25509.0
1626253387000,25509.0
1626253417000,25509.0
1626253447000,25509.0
1626253477000,25509.0
1626253507000,25509.0
1626253537000,25509.0
1626253567000,25509.0
1626253597000,25509.0
1626253627000,25509.0
1626253657000,25509.0
1626253687000,25509.0
1626253717000,25509.0
1626253747000,25509.0
1626253777000,25509.0
1626253807000,25509.0
1626253837000,25509.0
1626253867000,25509.0
1626253897000,25509.0
1626253927000,25509.0
1626253957000,25509.0
1626253987000,25509.0
1626254017000,25509.0
1626254047000,25509.0
1626254077000,25509.0
1626254107000,25509.0
1626254137000,25509.0
1626254167000,25509.0
1626254197000,25509.0
1626254227000,25509.0
1626254257000,25509.0
1626254287000,25509.0
1626254317000,25509.0
1626254347000,25509.0
1626254377000,25509.0
1626254407000,25509.0
1626254437000,25509.0
1626254467000,25509.0
1626254497000,25509.0
1626254527000,25509.0
1626254557000,25509.0
1626254587000,25509.0
1626254617000,25509.0
1626254647000,25509.0
1626254677000,25509.0
1626254707000,25509.0
1626254737000,25509.0
1626254767000,25509.0
1626254797000,25509.0
1626254827000,25509.0
1626254857000,25509.0
1626254887000,25509.0
1626254917000,25509.0
1626254947000,25509.0
1626254977000,25509.0
1626255007000,25509.0
1626255037000,25509.0
1626255067000,25509.0
1626255097000,25509.0
1626255127000,25509.0
1626255157000,25509.0
1626255187000,25509.0
1626255217000,25509.0
1626255247000,25509.0
1626255277000,25509.0
1626255307000,25509.0
1626255337000,25509.0
1626255367000,25509.0
1626255397000,25509.0
1626255427000,25509.0
1626255457000,25509.0
1626255487000,25509.0
1626255517000,25509.0
1626255547000,25509.0
1626255577000,25509.0
1626255607000,25509.0
1626255637000,25509.0
1626255667000,25509.0
1626255697000,25509.0
1626255727000,25509.0
1626255757000,25509.0
1626255787000,25509.0
1626255817000,25509.0
1626255847000,25509.0
1626255877000,25509.0
1626255907000,25509.0
1626255937000,25509.0
1626255967000,25509.0
1626255997000,25509.0
1626256027000,25509.0
1626256057000,25509.0
1626256087000,25509.0
1626256117000,25509.0
1626256147000,25509.0
1626256177000,25509.0
1626256207000,25509.0
1626256237000,25509.0
1626256267000,25509.0
1626256297000,25509.0
1626256327000,25509.0
1626256357000,25509.0
1626256387000,25509.0
1626256417000,25509.0
1626256447000,25509.0
1626256477000,25509.0
1626256507000,25509.0
1626256537000,25509.0
1626256567000,25509.0
1626256597000,25509.0
1626256627000,25509.0
1626256657000,25509.0
1626256687000,25509.0
1626256717000,25509.0
1626256747000,25509.0
1626256777000,25509.0
1626256807000,25509.0
1626256837000,25509.0
1626256867000,25509.0
1626256897000,25509.0
1626256927000,25509.0
1626256957000,25509.0
1626256987000,25509.0
1626257017000,25509.0
1626257047000,25509.0
1626257077000,25509.0
1626257107000,25509.0
1626257137000,25509.0
1626257167000,25509.0
1626257197000,25509.0
1626257227000,25509.0
1626257257000,25509.0
1626257287000,25509.0
1626257317000,25509.0
1626257347000,25509.0
1626257377000,25509.0
1626257407000,25509.0
1626257437000,25509.0
1626257467000,25509.0
1626257497000,25509.0
1626257527000,25509.0
1626257557000,25509.0
1626257587000,25509.0
1626257617000,25509.0
1626257647000,25509.0
1626257677000,25509.0
1626257707000,25509.0
1626257737000,25509.0
1626257767000,25509.0
1626257797000,25509.0
1626257827000,25509.0
1626257857000,25509.0
1626257887000,25509.0
1626257917000,25509.0
1626257947000,25509.0
1626257977000,25509.0
1626258007000,25509.0
1626258037000,25509.0
1626258067000,25509.0
1626258097000,25509.0
1626258127000,25509.0
1626258157000,25509.0
1626258187000,25509.0
1626258217000,25509.0
1626258247000,25509.0
1626258277000,25509.0
1626258307000,25509.0
1626258337000,25509.0
1626258367000,25509.0
1626258397000,25509.0
1626258427000,25509.0
1626258457000,25509.0
1626258487000,25509.0
1626258517000,25509.0
1626258547000,25509.0
1626258577000,25509.0
1626258607000,25509.0
1626258637000,25509.0
1626258667000,25509.0
1626258697000,25509.0
1626258727000,25509.0
1626258757000,25509.0
1626258787000,25509.0
1626258817000,25509.0
1626258847000,25509.0
1626258877000,25509.0
1626258907000,25509.0
1626258937000,25509.0
1626258967000,25509.0
1626258997000,25509.0
1626259027000,25509.0
1626259057000,25509.0
1626259087000,25509.0
1626259117000,25509.0
1626259147000,25509.0
1626259177000,25509.0
1626259207000,25509.0
1626259237000,25509.0
1626259267000,25509.0
1626259297000,25509.0
1626259327000,25509.0
1626259357000,25509.0
1626259387000,25509.0
1626259417000,25509.0
1626259447000,25509.0
1626259477000,25509.0
1626259507000,25509.0
1626259537000,25509.0
1626259567000,25509.0
1626259597000,25509.0
1626259627000,25509.0
1626259657000,25509.0
1626259687000,25509.0
1626259717000,25509.0
1626259747000,25509.0
1626259777000,25509.0
1626259807000,25509.0
1626259837000,25509.0
1626259867000,25509.0
1626259897000,25509.0
1626259927000,25509.0
1626259957000,25509.0
1626259987000,25509.0
1626260017000,25509.0
1626260047000,25509.0
1626260077000,25509.0
1626260107000,25509.0
1626260137000,25509.0
1626260167000,25509.0
1626260197000,25509.0
1626260227000,25509.0
1626260257000,25509.0
1626260287000,25509.0
1626260317000,25509.0
1626260347000,25509.0
1626260377000,25509.0
1626260407000,25509.0
1626260437000,25509.0
1626260467000,25509.0
1626260497000,25509.0
1626260527000,25509.0
1626260557000,25509.0
1626260587000,25509.0
1626260617000,25509.0
1626260647000,25509.0
1626260677000,25509.0
1626260707000,25509.0
1626260737000,25509.0
1626260767000,25509.0
1626260797000,25509.0
1626260827000,25509.0
1626260857000,25509.0
1626260887000,25509.0
1626260917000,25509.0
1626260947000,25509.0
1626260977000,25509.0
1626261007000,25509.0
1626261037000,25509.0
1626261067000,25509.0
1626261097000,25509.0
1626261127000,25509.0
1626261157000,25509.0
1626261187000,25509.0
1626261217000,25509.0
1626261247000,25509.0
1626261277000,25509.0
1626261307000,25509.0
1626261337000,25509.0
1626261367000,25509.0
1626261397000,25509.0
1626261427000,25509.0
1626261457000,25509.0
1626261487000,25509.0
1626261517000,25509.0
1626261547000,25509.0
1626261577000,25509.0
1626261607000,25509.0
1626261637000,25509.0
1626261667000,25509.0
1626261697000,25509.0
1626261727000,25509.0
1626261757000,25509.0
1626261787000,25509.0
1626261817000,25509.0
1626261847000,25509.0
1626261877000,25509.0
1626261907000,25509.0
1626261937000,25509.0
1626261967000,25509.0
1626261997000,25509.0
1626262027000,25509.0
1626262057000,25509.0
1626262087000,25509.0
1626262117000,25509.0
1626262147000,25509.0
1626262177000,25509.0
1626262207000,25509.0
1626262237000,25509.0
1626262267000,25509.0
1626262297000,25509.0
1626262327000,25509.0
1626262357000,25509.0
1626262387000,25509.0
1626262417000,25509.0
1626262447000,25509.0
1626262477000,25509.0
1626262507000,25509.0
1626262537000,25509.0
1626262567000,25509.0
1626262597000,25509.0
1626262627000,25509.0
1626262657000,25509.0
1626262687000,25509.0
1626262717000,25509.0
1626262747000,25509.0
1626262777000,25509.0
1626262807000,25509.0
1626262837000,25509.0
1626262867000,25509.0
1626262897000,25509.0
1626262927000,25509.0
1626262957000,25509.0
1626262987000,25509.0
1626263017000,25509.0
1626263047000,25509.0
1626263077000,25509.0
1626263107000,25509.0
1626263137000,25509.0
1626263167000,25509.0
1626263197000,25509.0
1626263227000,25509.0
1626263257000,25509.0
1626263287000,25509.0
1626263317000,25509.0
1626263347000,25509.0
1626263377000,25509.0
1626263407000,25509.0
1626263437000,25509.0
1626263467000,25509.0
1626263497000,25509.0
1626263527000,25509.0
1626263557000,25509.0
1626263587000,25509.0
1626263617000,25509.0
1626263647000,25509.0
1626263677000,25509.0
1626263707000,25509.0
1626263737000,25509.0
1626263767000,25509.0
1626263797000,25509.0
1626263827000,25509.0
1626263857000,25509.0
1626263887000,25509.0
1626263917000,25509.0
1626263947000,25509.0
1626263977000,25509.0
1626264007000,25509.0
1626264037000,25509.0
1626264067000,25509.0
1626264097000,25509.0
1626264127000,25509.0
1626264157000,25509.0
1626264187000,25509.0
1626264217000,25509.0
1626264247000,25509.0
1626264277000,25509.0
1626264307000,25509.0
1626264337000,25509.0
1626264367000,25509.0
1626264397000,25509.0
1626264427000,25509.0
1626264457000,25509.0
1626264487000,25509.0
1626264517000,25509.0
1626264547000,25509.0
1626264577000,25509.0
1626264607000,25509.0
1626264637000,25509.0
1626264667000,25509.0
1626264697000,25509.0
1626264727000,25509.0
1626264757000,25509.0
1626264787000,25509.0
1626264817000,25509.0
1626264847000,25509.0
1626264877000,25509.0
1626264907000,25509.0
1626264937000,25509.0
1626264967000,25509.0
1626264997000,25509.0
1626265027000,25509.0
1626265057000,25509.0
1626265087000,25509.0
1626265117000,25509.0
1626265147000,25509.0
1626265177000,25509.0
1626265207000,25509.0
1626265237000,25509.0
1626265267000,25509.0
1626265297000,25509.0
1626265327000,25509.0
1626265357000,25509.0
1626265387000,25509.0
1626265417000,25509.0
1626265447000,25509.0
1626265477000,25509.0
1626265507000,25509.0
1626265537000,25509.0
1626265567000,25509.0
1626265597000,25509.0
1626265627000,25509.0
1626265657000,25509.0
1626265687000,25509.0
1626265717000,25509.0
1626265747000,25509.0
1626265777000,25509.0
1626265807000,25509.0
1626265837000,25509.0
1626265867000,25509.0
1626265897000,25509.0
1626265927000,25509.0
1626265957000,25509.0
1626265987000,25509.0
1626266017000,25509.0
1626266047000,25509.0
1626266077000,25509.0
1626266107000,25509.0
1626266137000,25509.0
1626266167000,25509.0
1626266197000,25509.0
1626266227000,25509.0
1626266257000,25509.0
1626266287000,25509.0
1626266317000,25509.0
1626266347000,25509.0
1626266377000,25509.0
1626266407000,25509.0
1626266437000,25509.0
1626266467000,25509.0
1626266497000,25509.0
1626266527000,25509.0
1626266557000,25509.0
1626266587000,25509.0
1626266617000,25509.0
1626266647000,25509.0
1626266677000,25509.0
1626266707000,25509.0
1626266737000,25509.0
1626266767000,25509.0
1626266797000,25509.0
1626266827000,25509.0
1626266857000,25509.0
1626266887000,25509.0
1626266917000,25509.0
1626266947000,25509.0
1626266977000,25509.0
1626267007000,25509.0
1626267037000,25509.0
1626267067000,25509.0
1626267097000,25509.0
1626267127000,25509.0
1626267157000,25509.0
1626267187000,25509.0
1626267217000,25509.0
1626267247000,25509.0
1626267277000,25509.0
1626267307000,25509.0
1626267337000,25509.0
1626267367000,25509.0
1626267397000,25509.0
1626267427000,25509.0
1626267457000,25509.0
1626267487000,25509.0
1626267517000,25509.0
1626267547000,25509.0
1626267577000,25509.0
1626267607000,25509.0
1626267637000,25509.0
1626267667000,25509.0
1626267697000,25509.0
1626267727000,25509.0
1626267757000,25509.0
1626267787000,25509.0
1626267817000,25509.0
1626267847000,25509.0
1626267877000,25509.0
1626267907000,25509.0
1626267937000,25509.0
1626267967000,25509.0
1626267997000,25509.0
1626268027000,25509.0
1626268057000,25509.0
1626268087000,25509.0
1626268117000,25509.0
1626268147000,25509.0
1626268177000,25509.0
1626268207000,25509.0
1626268237000,25509.0
1626268267000,25509.0
1626268297000,25509.0
1626268327000,25509.0
1626268357000,25509.0
1626268387000,25509.0
1626268417000,25509.0
1626268447000,25509.0
1626268477000,25509.0
1626268507000,25509.0
1626268537000,25509.0
1626268567000,25509.0
1626268597000,25509.0
1626268627000,25509.0
1626268657000,25509.0
1626268687000,25509.0
1626268717000,25509.0
1626268747000,25509.0
1626268777000,25509.0
1626268807000,25509.0
1626268837000,25509.0
1626268867000,25509.0
1626268897000,25509.0
1626268927000,25509.0
1626268957000,25509.0
1626268987000,25509.0
1626269017000,25509.0
1626269047000,25509.0
1626269077000,25509.0
1626269107000,25509.0
1626269137000,25509.0
1626269167000,25509.0
1626269197000,25509.0
1626269227000,25509.0
1626269257000,25509.0
1626269287000,25509.0
1626269317000,25509.0
1626269347000,25509.0
1626269377000,25509.0
1626269407000,25509.0
1626269437000,25509.0
1626269467000,25509.0
1626269497000,25509.0
1626269527000,25509.0
1626269557000,25509.0
1626269587000,25509.0
1626269617000,25509.0
1626269647000,25509.0
1626269677000,25509.0
1626269707000,25509.0
1626269737000,25509.0
1626269767000,25509.0
1626269797000,25509.0
1626269827000,25509.0
1626269857000,25509.0
1626269887000,25509.0
1626269917000,25509.0
1626269947000,25509.0
1626269977000,25509.0
1626270007000,25509.0
1626270037000,25509.0
1626270067000,25509.0
1626270097000,25509.0
1626270127000,25509.0
1626270157000,25509.0
1626270187000,25509.0
1626270217000,25509.0
1626270247000,25509.0
1626270277000,25509.0
1626270307000,25509.0
1626270337000,25509.0
1626270367000,25509.0
1626270397000,25509.0
1626270427000,25509.0
1626270457000,25509.0
1626270487000,25509.0
1626270517000,25509.0
1626270547000,25509.0
1626270577000,25509.0
1626270607000,25509.0
1626270637000,25509.0
1626270667000,25509.0
1626270697000,25509.0
1626270727000,25509.0
1626270757000,25509.0
1626270787000,25509.0
1626270817000,25509.0
1626270847000,25509.0
1626270877000,25509.0
1626270907000,25509.0
1626270937000,25509.0
1626270967000,25509.0
1626270997000,25509.0
1626271027000,25509.0
1626271057000,25509.0
1626271087000,25509.0
1626271117000,25509.0
1626271147000,25509.0
1626271177000,25509.0
1626271207000,25509.0
1626271237000,25509.0
1626271267000,25509.0
1626271297000,25509.0
1626271327000,25509.0
1626271357000,25509.0
1626271387000,25509.0
1626271417000,25509.0
1626271447000,25509.0
1626271477000,25509.0
1626271507000,25509.0
1626271537000,25509.0
1626271567000,25509.0
1626271597000,25509.0
1626271627000,25509.0
1626271657000,25509.0
1626271687000,25509.0
1626271717000,25509.0
1626271747000,25509.0
1626271777000,25509.0
1626271807000,25509.0
1626271837000,25509.0
1626271867000,25509.0
1626271897000,25509.0
1626271927000,25509.0
1626271957000,25509.0
1626271987000,25509.0
1626272017000,25509.0
1626272047000,25509.0
1626272077000,25509.0
1626272107000,25509.0
1626272137000,25509.0
1626272167000,25509.0
1626272197000,25509.0
1626272227000,25509.0
1626272257000,25509.0
1626272287000,25509.0
1626272317000,25509.0
1626272347000,25509.0
1626272377000,25509.0
1626272407000,25509.0
1626272437000,25509.0
1626272467000,25509.0
1626272497000,25509.0
1626272527000,25509.0
1626272557000,25509.0
1626272587000,25509.0
1626272617000,25509.0
1626272647000,25509.0
1626272677000,25509.0
1626272707000,25509.0
1626272737000,25509.0
1626272767000,25509.0
1626272797000,25509.0
1626272827000,25509.0
1626272857000,25509.0
1626272887000,25509.0
1626272917000,25509.0
1626272947000,25509.0
1626272977000,25509.0
1626273007000,25509.0
1626273037000,25509.0
1626273067000,25509.0
1626273097000,25509.0
1626273127000,25509.0
1626273157000,25509.0
1626273187000,25509.0
1626273217000,25509.0
1626273247000,25509.0
1626273277000,25509.0
1626273307000,25509.0
1626273337000,25509.0
1626273367000,25509.0
1626273397000,25509.0
1626273427000,25509.0
1626273457000,25509.0
1626273487000,25509.0
1626273517000,25509.0
1626273547000,25509.0
1626273577000,25509.0
1626273607000,25509.0
1626273637000,25509.0
1626273667000,25509.0
1626273697000,25509.0
1626273727000,25509.0
1626273757000,25509.0
1626273787000,25509.0
1626273817000,25509.0
1626273847000,25509.0
1626273877000,25509.0
1626273907000,25509.0
1626273937000,25509.0
1626273967000,25509.0
1626273997000,25509.0
1626274027000,25509.0
1626274057000,25509.0
1626274087000,25509.0
1626274117000,25509.0
1626274147000,25509.0
1626274177000,25509.0
1626274207000,25509.0
1626274237000,25509.0
1626274267000,25509.0
1626274297000,25509.0
1626274327000,25509.0
1626274357000,25509.0
1626274387000,25509.0
1626274417000,25509.0
1626274447000,25509.0
1626274477000,25509.0
1626274507000,25509.0
1626274537000,25509.0
1626274567000,25509.0
1626274597000,25509.0
1626274627000,25509.0
1626274657000,25509.0
1626274687000,25509.0
1626274717000,25509.0
1626274747000,25509.0
1626274777000,25509.0
1626274807000,25509.0
1626274837000,25509.0
1626274867000,25509.0
1626274897000,25509.0
1626274927000,25509.0
1626274957000,25509.0
1626274987000,25509.0
1626275017000,25509.0
1626275047000,25509.0
1626275077000,25509.0
1626275107000,25509.0
1626275137000,25509.0
1626275167000,25509.0
1626275197000,25509.0
1626275227000,25509.0
1626275257000,25509.0
1626275287000,25509.0
1626275317000,25509.0
1626275347000,25509.0
1626275377000,25509.0
1626275407000,25509.0
1626275437000,25509.0
1626275467000,25509.0
1626275497000,25509.0
1626275527000,25509.0
1626275557000,25509.0
1626275587000,25509.0
1626275617000,25509.0
1626275647000,25509.0
1626275677000,25509.0
1626275707000,25509.0
1626275737000,25509.0
1626275767000,25509.0
1626275797000,25509.0
1626275827000,25509.0
1626275857000,25509.0
1626275887000,25509.0
1626275917000,25509.0
1626275947000,25509.0
1626275977000,25509.0
1626276007000,25509.0
1626276037000,25509.0
1626276067000,25509.0
1626276097000,25509.0
1626276127000,25509.0
1626276157000,25509.0
1626276187000,25509.0
1626276217000,25509.0
1626276247000,25509.0
1626276277000,25509.0
1626276307000,25509.0
1626276337000,25509.0
1626276367000,25509.0
1626276397000,25509.0
1626276427000,25509.0
1626276457000,25509.0
1626276487000,25509.0
1626276517000,25509.0
1626276547000,25509.0
1626276577000,25509.0
1626276607000,25509.0
1626276637000,25509.0
1626276667000,25509.0
1626276697000,25509.0
1626276727000,25509.0
1626276757000,25509.0
1626276787000,25509.0
1626276817000,25509.0
1626276847000,25509.0
1626276877000,25509.0
1626276907000,25509.0
1626276937000,25509.0
1626276967000,25509.0
1626276997000,25509.0
1626277027000,25509.0
1626277057000,25509.0
1626277087000,25509.0
1626277117000,25509.0
1626277147000,25509.0
1626277177000,25509.0
1626277207000,25509.0
1626277237000,25509.0
1626277267000,25509.0
1626277297000,25509.0
1626277327000,25509.0
1626277357000,25509.0
1626277387000,25509.0
1626277417000,25509.0
1626277447000,25509.0
1626277477000,25509.0
1626277507000,25509.0
1626277537000,25509.0
1626277567000,25509.0
1626277597000,25509.0
1626277627000,25509.0
1626277657000,25509.0
1626277687000,25509.0
1626277717000,25509.0
1626277747000,25509.0
1626277777000,25509.0
1626277807000,25509.0
1626277837000,25509.0
1626277867000,25509.0
1626277897000,25509.0
1626277927000,25509.0
1626277957000,25509.0
1626277987000,25509.0
1626278017000,25509.0
1626278047000,25509.0
1626278077000,25509.0
1626278107000,25509.0
1626278137000,25509.0
1626278167000,25509.0
1626278197000,25509.0
1626278227000,25509.0
1626278257000,25509.0
1626278287000,25509.0
1626278317000,25509.0
1626278347000,25509.0
1626278377000,25509.0
