timestamp,value
1627747225000,0.3125597667287399
1627747255000,0.3110128771410967
1627747285000,0.3126072724053724
1627747315000,0.3141323464684015
1627747345000,0.31033159671132765
1627747375000,0.31256916624396136
1627747405000,0.31806519090346536
1627747435000,0.31658071238560104
1627747465000,0.3176565269439421
1627747495000,0.31430737473553205
1627747525000,0.3134264620584653
1627747555000,0.312163101549907
1627747585000,0.309961278908645
1627747615000,0.3115529076732673
1627747645000,0.31236399428571426
1627747675000,0.3149941829510229
1627747705000,0.3120053922699387
1627747735000,0.3225766136167591
1627747765000,0.3165195930218069
1627747795000,0.3184162942046856
1627747825000,0.317314307364577
1627747855000,0.31620780732919257
1627747885000,0.3103323191722459
1627747915000,0.31495607702702705
1627747945000,0.3153735464504284
1627747975000,0.3168572841849148
1627748005000,0.3126010242706393
1627748035000,0.3173720746504559
1627748065000,0.32055538417487683
1627748095000,0.3173490751673768
1627748125000,0.31805060935779816
1627748155000,0.313764382035561
1627748185000,0.3105403197440585
1627748215000,0.3115510199876237
1627748245000,0.3113389713765919
1627748275000,0.3126788477865373
1627748305000,0.31679595608272504
1627748335000,0.3127246074119077
1627748365000,0.31727203020706457
1627748395000,0.31377135920000004
1627748425000,0.3209638147004324
1627748455000,0.3100800021551724
1627748485000,0.314382436610374
1627748515000,0.3173025115455101
1627748545000,0.31582063205596106
1627748575000,0.3118670679926561
1627748605000,0.30990063815628816
1627748635000,0.31593049416058394
1627748665000,0.3141082236890808
1627748695000,0.3154745507626602
1627748725000,0.3207762602540835
1627748755000,0.3161285397459165
1627748785000,0.31781047268830376
1627748815000,0.314014936906212
1627748845000,0.31248564546576185
1627748875000,0.31211343626911314
1627748905000,0.310227037675841
1627748935000,0.3155237987782529
1627748965000,0.31635484741697417
1627748995000,0.31334320753551576
1627749025000,0.3114373014571949
1627749055000,0.3156621118332312
1627749085000,0.3223906186813187
1627749115000,0.31093346449054304
1627749145000,0.3137155194002448
1627749175000,0.31646565904288376
1627749205000,0.31652833121890545
1627749235000,0.3158508053756872
1627749265000,0.3190459633759902
1627749295000,0.3124751037400368
1627749325000,0.3123799868051313
1627749355000,0.3119766325248756
1627749385000,0.31878338697247705
1627749415000,0.31299457548076925
1627749445000,0.31311802513795217
1627749475000,0.3221690385600976
1627749505000,0.31975531023284315
1627749535000,0.3177948501840491
1627749565000,0.3171095531231049
1627749595000,0.3188432698898409
1627749625000,0.3143169877588307
1627749655000,0.31793303441636583
1627749685000,0.31107716334563346
1627749715000,0.3123928490694789
1627749745000,0.3130783313846154
1627749775000,0.3104867168918919
1627749805000,0.3134319543292683
1627749835000,0.312468808302583
1627749865000,0.31746984608266504
1627749895000,0.3131762660595021
1627749925000,0.3113422809782609
1627749955000,0.3125646720715167
1627749985000,0.25078173774954626
1627750015000,0.3080791724053724
1627750045000,0.3113587784361637
1627750075000,0.31471714867365824
1627750105000,0.2537246960096735
1627750135000,0.311686831004902
1627750165000,0.3163885180649112
1627750195000,0.32319248871763256
1627750225000,0.3186034083131068
1627750255000,0.3136884263254113
1627750285000,0.3165235251246883
1627750315000,0.31168688395883776
1627750345000,0.3116900818348624
1627750375000,0.31296645977859777
1627750405000,0.3150579003685504
1627750435000,0.3125305215698393
1627750465000,0.3125529557001239
1627750495000,0.3187817140818859
1627750525000,0.3126867813826561
1627750555000,0.3099040347985348
1627750585000,0.3205581739454094
1627750615000,0.31320888284829723
1627750645000,0.3123012207570208
1627750675000,0.3202131344403444
1627750705000,0.3132456974486621
1627750735000,0.31964500244798044
1627750765000,0.3137581152450091
1627750795000,0.3125138191239975
1627750825000,0.31719843302180684
1627750855000,0.3133203314837153
1627750885000,0.3155019840740741
1627750915000,0.3164516389851485
1627750945000,0.31802938281911675
1627750975000,0.3149313402912621
1627751005000,0.3123227604607721
1627751035000,0.3160658120865905
1627751065000,0.3084596429530201
1627751095000,0.3120187277777778
1627751125000,0.3238743258917589
1627751155000,0.31058494984520124
1627751185000,0.31807756124078623
1627751215000,0.315116937267825
1627751245000,0.31599239660074163
1627751275000,0.31562133019323674
1627751305000,0.3126560277915633
1627751335000,0.3146376660248447
1627751365000,0.31499832644171777
1627751395000,0.31206267037943697
1627751425000,0.31281446457564577
1627751455000,0.31618279517027864
1627751485000,0.3118931825396825
1627751515000,0.3112673399754752
1627751545000,0.3127379732543641
1627751575000,0.3182424826511912
1627751605000,0.3131362194410693
1627751635000,0.31268049203703696
1627751665000,0.314443516565534
1627751695000,0.3151042386150967
1627751725000,0.31587250710382514
1627751755000,0.3119087164124466
1627751785000,0.3165837012254902
1627751815000,0.3148551410967345
1627751845000,0.3110693788612962
1627751875000,0.3164537740012293
1627751905000,0.3131934679726368
1627751935000,0.3120906457090688
1627751965000,0.3153081085852479
1627751995000,0.31541911336963097
1627752025000,0.3142737184634449
1627752055000,0.3145651364083641
1627752085000,0.3114119083435583
1627752115000,0.31664364800735745
1627752145000,0.314330292474413
1627752175000,0.3164186200495049
1627752205000,0.3156410421933086
1627752235000,0.3115561423124231
1627752265000,0.31859499348494164
1627752295000,0.3117833181216135
1627752325000,0.3161390054388133
1627752355000,0.3128427357619915
1627752385000,0.317552907668522
1627752415000,0.311356274526573
1627752445000,0.3165676108602807
1627752475000,0.31207271634146344
1627752505000,0.3186749526187576
1627752535000,0.3176005039755352
1627752565000,0.3165193184624697
1627752595000,0.32039978126148194
1627752625000,0.31349466854345165
1627752655000,0.31448352473846153
1627752685000,0.3122626818627451
1627752715000,0.31330031953743154
1627752745000,0.31198105982748
1627752775000,0.31791765421467555
1627752805000,0.31332831061249244
1627752835000,0.31234714586330936
1627752865000,0.3143287275528701
1627752895000,0.31199459009720537
1627752925000,0.3113261242516799
1627752955000,0.31580525266418835
1627752985000,0.3136218182815356
1627753015000,0.3178020767215113
1627753045000,0.3172571314442413
1627753075000,0.31738904377708976
1627753105000,0.3170253689548547
1627753135000,0.3160554341313689
1627753165000,0.3129369409477521
1627753195000,0.3108089785800971
1627753225000,0.3159269620668693
1627753255000,0.3154870415488629
1627753285000,0.31685974944099377
1627753315000,0.3182620014696877
1627753345000,0.3110545315076923
1627753375000,0.31603895114409397
1627753405000,0.3155360168382798
1627753435000,0.3175025319562576
1627753465000,0.3130439081645181
1627753495000,0.3109741889913899
1627753525000,0.31893615619987664
1627753555000,0.3169589848578492
1627753585000,0.3117075737100737
1627753615000,0.3139024139864449
1627753645000,0.3166417859926918
1627753675000,0.31636252700865264
1627753705000,0.31646115149664017
1627753735000,0.3138336234299517
1627753765000,0.3171534862305296
1627753795000,0.31381492049878346
1627753825000,0.3151648296024465
1627753855000,0.3132599830246914
1627753885000,0.3168940879901961
1627753915000,0.3163134448967193
1627753945000,0.3153613535935564
1627753975000,0.3128487229975728
1627754005000,0.31443881081409475
1627754035000,0.3163169424317618
1627754065000,0.312553847342398
1627754095000,0.3165178387234043
1627754125000,0.3159300599384615
1627754155000,0.3171912748759305
1627754185000,0.31131222604679804
1627754215000,0.31345353074608906
1627754245000,0.3125170641121495
1627754275000,0.31604593435582823
1627754305000,0.3149968164425428
1627754335000,0.3149289058610272
1627754365000,0.31266380225472273
1627754395000,0.316735307607362
1627754425000,0.310767833539604
1627754455000,0.31912296751080915
1627754485000,0.3124077988916256
1627754515000,0.31192438864468863
1627754545000,0.3123977017639903
1627754575000,0.3128885250453721
1627754605000,0.3138032702140673
1627754635000,0.3131412309134906
1627754665000,0.3145438464221287
1627754695000,0.317502290379902
1627754725000,0.3141167841523341
1627754755000,0.3127373260762608
1627754785000,0.311442154251497
1627754815000,0.3125584516860821
1627754845000,0.3156602888412017
1627754875000,0.3131526763636364
1627754905000,0.31630679316394433
1627754935000,0.31237777390769234
1627754965000,0.31758501434624703
1627754995000,0.3110900264093137
1627755025000,0.3115053141809291
1627755055000,0.31321299197761193
1627755085000,0.31713484933333336
1627755115000,0.31696468643649817
1627755145000,0.3176472107540173
1627755175000,0.3108463389126451
1627755205000,0.3106013507936508
1627755235000,0.3171631252753978
1627755265000,0.31095838494423794
1627755295000,0.31427148105590064
1627755325000,0.3119673958024691
1627755355000,0.3169906908433735
1627755385000,0.3160567198055893
1627755415000,0.3177080519704433
1627755445000,0.3120432761846901
1627755475000,0.3138015656422864
1627755505000,0.3177570482273839
1627755535000,0.31776522461632906
1627755565000,0.3123198085285285
1627755595000,0.3138979912183055
1627755625000,0.31383759113846155
1627755655000,0.3185949958410925
1627755685000,0.3094800070609535
1627755715000,0.31125475374692874
1627755745000,0.3127202584719655
1627755775000,0.3153183748923077
1627755805000,0.3112769249381188
1627755835000,0.3190138931707317
1627755865000,0.3148848441396509
1627755895000,0.3143462844211823
1627755925000,0.3155026919235512
1627755955000,0.3115978163873371
1627755985000,0.3146934599877451
1627756015000,0.3125724211206897
1627756045000,0.3162626668090299
1627756075000,0.3112174137362637
1627756105000,0.31691398597672993
1627756135000,0.3093120244363193
1627756165000,0.3108138679730557
1627756195000,0.3186023524818402
1627756225000,0.3111324699576015
1627756255000,0.3139250552757793
1627756285000,0.31786585862913097
1627756315000,0.3135545465316145
1627756345000,0.3144219605548854
1627756375000,0.31281547134109
1627756405000,0.3160126762051916
1627756435000,0.32126461833231146
1627756465000,0.3131986594727161
1627756495000,0.31526462028186275
1627756525000,0.31364241764343
1627756555000,0.3214747452351485
1627756585000,0.3151707518153846
1627756615000,0.3157068871684145
1627756645000,0.3171084510179641
1627756675000,0.3118077115995116
1627756705000,0.3179717898533007
1627756735000,0.31444826090409284
1627756765000,0.31721768078817736
1627756795000,0.310205670191713
1627756825000,0.3189774513263417
1627756855000,0.311869214626683
1627756885000,0.3152248289962825
1627756915000,0.318650348907767
1627756945000,0.31682287501538464
1627756975000,0.3158301763427881
1627757005000,0.3219369923218673
1627757035000,0.312622810042605
1627757065000,0.3150820725935009
1627757095000,0.3130704318849449
1627757125000,0.3185048846059113
1627757155000,0.3127146249232658
1627757185000,0.3174587483496332
1627757215000,0.3161983602446483
1627757245000,0.31708397120933085
1627757275000,0.31641210273889225
1627757305000,0.3193858115289765
1627757335000,0.3141813199513382
1627757365000,0.3203276383519207
1627757395000,0.3131650107617896
1627757425000,0.31486022274412856
1627757455000,0.3173060173184358
1627757485000,0.3122416621588089
1627757515000,0.3171572644026683
1627757545000,0.3124873037037037
1627757575000,0.3141236987677141
1627757605000,0.31687889199266506
1627757635000,0.316439502928615
1627757665000,0.31647236588813765
1627757695000,0.3132599195345989
1627757725000,0.3111640618872549
1627757755000,0.3097283135980746
1627757785000,0.3152105876932591
1627757815000,0.31599600577998754
1627757845000,0.3215680981458591
1627757875000,0.3130869138499085
1627757905000,0.3201326819987585
1627757935000,0.3152238424624625
1627757965000,0.3185958960534305
1627757995000,0.3123860864143921
1627758025000,0.3163537174632353
1627758055000,0.3136707927607362
1627758085000,0.31608101286764706
1627758115000,0.3119270750771129
1627758145000,0.3139635506674757
1627758175000,0.3125303834267913
1627758205000,0.31325832898903777
1627758235000,0.3220297393209877
1627758265000,0.3230543510178902
1627758295000,0.3123949292923077
1627758325000,0.32171302574074073
1627758355000,0.3175904377039275
1627758385000,0.31883909561777235
1627758415000,0.3099953602941177
1627758445000,0.3145826816176471
1627758475000,0.31481596785714283
1627758505000,0.3155913537423313
1627758535000,0.3133142560446373
1627758565000,0.3163767930929096
1627758595000,0.3148803909090909
1627758625000,0.3137573048053528
1627758655000,0.3253410335558252
1627758685000,0.32193239909963983
1627758715000,0.3737031990105133
1627758745000,0.3732361433713257
1627758775000,0.374403078282514
1627758805000,0.3730015148305085
1627758835000,0.3745309613861386
1627758865000,0.3737290852689487
1627758895000,0.3162474379589297
1627758925000,0.3179181587875077
1627758955000,0.3113411068965517
1627758985000,0.31963601840826245
1627759015000,0.3109796293398533
1627759045000,0.31414602786282914
1627759075000,0.3157256469500924
1627759105000,0.31693622930513593
1627759135000,0.31614064810911346
1627759165000,0.3115204797677262
1627759195000,0.3104062341927563
1627759225000,0.313065551908867
1627759255000,0.31397662624768946
1627759285000,0.31654586788099576
1627759315000,0.3156279978075517
1627759345000,0.3118097518879415
1627759375000,0.3163040710961421
1627759405000,0.3147717408754624
1627759435000,0.31611503868974045
1627759465000,0.3212650764669549
1627759495000,0.313631463853211
1627759525000,0.3163268110765401
1627759555000,0.3175978256473489
1627759585000,0.3134080862260655
1627759615000,0.313114397392359
1627759645000,0.32061124663814183
1627759675000,0.3124888713333333
1627759705000,0.3163244283353733
1627759735000,0.3177516140232701
1627759765000,0.3187168880790611
1627759795000,0.3116748245049505
1627759825000,0.3161915568651276
1627759855000,0.3141100360957643
1627759885000,0.31237889784615386
1627759915000,0.3142485342121031
1627759945000,0.312077289202454
1627759975000,0.3103742784409257
1627760005000,0.3157512033108522
1627760035000,0.3148051540422885
1627760065000,0.3179317787583688
1627760095000,0.316524032002457
1627760125000,0.3147556968921389
1627760155000,0.3193153112962963
1627760185000,0.31553130950337216
1627760215000,0.3111488976426799
1627760245000,0.310880352879902
1627760275000,0.3138665112763321
1627760305000,0.31576280472440943
1627760335000,0.31164232941176473
1627760365000,0.31143942380952383
1627760395000,0.31685823760000004
1627760425000,0.3129396647277228
1627760455000,0.31432737605042016
1627760485000,0.31771421907090464
1627760515000,0.3110448720815318
1627760545000,0.31185402093163944
1627760575000,0.3206570101494396
1627760605000,0.31181423219094245
1627760635000,0.31732368979717274
1627760665000,0.3144641535315985
1627760695000,0.31226290751086283
1627760725000,0.3186518151985112
1627760755000,0.3138542957446809
1627760785000,0.3157220523573201
1627760815000,0.3129608773062731
1627760845000,0.3116543009174312
1627760875000,0.31568936959171234
1627760905000,0.3185583595282433
1627760935000,0.31979966825980394
1627760965000,0.31383541198547216
1627760995000,0.3118368854622871
1627761025000,0.31293914857673266
1627761055000,0.3152094838787879
1627761085000,0.31145732431776835
1627761115000,0.31216954914529915
1627761145000,0.3152186654680719
1627761175000,0.31061544153005466
1627761205000,0.3169652683497537
1627761235000,0.3202228483672212
1627761265000,0.3123349789957134
1627761295000,0.3111278392551893
1627761325000,0.3127823713862559
1627761355000,0.3144528949090909
1627761385000,0.31278062591911765
1627761415000,0.3163119700551133
1627761445000,0.3146400739449541
1627761475000,0.3128794750606796
1627761505000,0.3173031044117647
1627761535000,0.3156637514714715
1627761565000,0.3131610315270936
1627761595000,0.3190298304615385
1627761625000,0.3137873708732057
1627761655000,0.31659591673690546
1627761685000,0.31165644887263866
1627761715000,0.3182119329215565
1627761745000,0.3161432993230769
1627761775000,0.3151386857231533
1627761805000,0.3117640117791411
1627761835000,0.31391533773584906
1627761865000,0.3120306635045317
1627761895000,0.3113342876231527
1627761925000,0.3128277735603715
1627761955000,0.3119819269041769
1627761985000,0.3105633642640824
1627762015000,0.3168968625383201
1627762045000,0.311376775
1627762075000,0.3192118432333129
1627762105000,0.31321634683466504
1627762135000,0.31215417036809817
1627762165000,0.3125733496664645
1627762195000,0.3114282859670531
1627762225000,0.3121062678330264
1627762255000,0.31207790676090963
1627762285000,0.3129203553846154
1627762315000,0.3172232844115835
1627762345000,0.3119754717271051
1627762375000,0.318697902879902
1627762405000,0.317527116131026
1627762435000,0.3217958434170239
1627762465000,0.3157699100679432
1627762495000,0.3109510266626723
1627762525000,0.31219562553582364
1627762555000,0.3224661331068561
1627762585000,0.3161907318594791
1627762615000,0.3141420093980344
1627762645000,0.313762341529052
1627762675000,0.3110318717589775
1627762705000,0.3123272621638142
1627762735000,0.313863254065534
1627762765000,0.3177929501221001
1627762795000,0.3182698218923933
1627762825000,0.3146573272394881
1627762855000,0.3141186428141912
1627762885000,0.31345805296969703
1627762915000,0.3190474743961353
1627762945000,0.3117400593654667
1627762975000,0.31953288227848103
1627763005000,0.3127699148974668
1627763035000,0.3190846633846154
1627763065000,0.3233827143806646
1627763095000,0.3125542374465486
1627763125000,0.3153099831200488
1627763155000,0.31339380915795945
1627763185000,0.3208306202469136
1627763215000,0.3123809591549296
1627763245000,0.31410203846153845
1627763275000,0.3135676902409639
1627763305000,0.3117321090298963
1627763335000,0.317750321875
1627763365000,0.3106148384337349
1627763395000,0.3134606923744575
1627763425000,0.31277707589123865
1627763455000,0.3171684778733866
1627763485000,0.32095080740967546
1627763515000,0.31835073335403724
1627763545000,0.31713099119951776
1627763575000,0.31700154198142416
1627763605000,0.3133612677777778
1627763635000,0.3213547950091297
1627763665000,0.3149564853495441
1627763695000,0.31445653875
1627763725000,0.3158792993171943
1627763755000,0.31192305341118626
1627763785000,0.25319183854103344
1627763815000,0.2512787633414933
1627763845000,0.2509601199632578
1627763875000,0.24920372639314145
1627763905000,0.31303955702075703
1627763935000,0.2545863788895668
1627763965000,0.31867693969512195
1627763995000,0.3172411830985916
1627764025000,0.3220618863912515
1627764055000,0.3121959295817958
1627764085000,0.3188338380073801
1627764115000,0.3118084329067642
1627764145000,0.3143340041589075
1627764175000,0.3172874740331492
1627764205000,0.3166039465018094
1627764235000,0.3195957299876847
1627764265000,0.3191350514714715
1627764295000,0.3163419306707317
1627764325000,0.3154017026251526
1627764355000,0.31861959498777503
1627764385000,0.3219183593672457
1627764415000,0.3123687544831881
1627764445000,0.3176596987187309
1627764475000,0.3158302662591687
1627764505000,0.3114454177300613
1627764535000,0.3182696295609153
1627764565000,0.31894249383394385
1627764595000,0.3215527439114391
1627764625000,0.3118903291997557
1627764655000,0.3163759126153846
1627764685000,0.3108365414945322
1627764715000,0.31118440475319925
1627764745000,0.311524697008547
1627764775000,0.3165916893186004
1627764805000,0.3112975260790273
1627764835000,0.316294374738783
1627764865000,0.3211270644607843
1627764895000,0.31298919004250153
1627764925000,0.31059743335380835
1627764955000,0.31057664770922416
1627764985000,0.2542326253968254
1627765015000,0.31058146090179123
1627765045000,0.31237324202094885
1627765075000,0.3100578589838909
1627765105000,0.3174231157480315
1627765135000,0.3109569671760391
1627765165000,0.31615291764705883
1627765195000,0.3141906014032947
1627765225000,0.31252218950276245
1627765255000,0.3164355034969325
1627765285000,0.318830852326284
1627765315000,0.31171034554815263
1627765345000,0.31585510366076874
1627765375000,0.3134468521256932
1627765405000,0.3173084116923077
1627765435000,0.31344650320197043
1627765465000,0.3092066014007308
1627765495000,0.31629067256797583
1627765525000,0.3100575043715847
1627765555000,0.3161151405204461
1627765585000,0.31022297115151515
1627765615000,0.31127947811366385
1627765645000,0.31271774013398296
1627765675000,0.3171054606376456
1627765705000,0.3176934628691983
1627765735000,0.3177147429280397
1627765765000,0.3161023916767189
1627765795000,0.3197476621538461
1627765825000,0.3123524380170316
1627765855000,0.3104243045899633
1627765885000,0.3198168752299203
1627765915000,0.3173932569427527
1627765945000,0.3109206524710189
1627765975000,0.31346618979217605
1627766005000,0.3189388619402985
1627766035000,0.3114978085731782
1627766065000,0.31514653912507695
1627766095000,0.3162104381099444
1627766125000,0.31881282625387
1627766155000,0.31645027854128993
1627766185000,0.3173671202998126
1627766215000,0.3171546379589297
1627766245000,0.3131825213981763
1627766275000,0.31657231530424096
1627766305000,0.3156866819852941
1627766335000,0.3188426294587946
1627766365000,0.3100819701754386
1627766395000,0.3206677877289377
1627766425000,0.3126219220360025
1627766455000,0.3165709134580567
1627766485000,0.3143528973358116
1627766515000,0.3123515993846154
1627766545000,0.31005962458614345
1627766575000,0.31267831687041564
1627766605000,0.3157377863803681
1627766635000,0.3142775421084704
1627766665000,0.3150890972972973
1627766695000,0.3151210188271605
1627766725000,0.3161748306021105
1627766755000,0.3115196353416149
1627766785000,0.3156487008547009
1627766815000,0.3177982889719626
1627766845000,0.3165711657542579
1627766875000,0.3146228924159021
1627766905000,0.31136842289081884
1627766935000,0.31182721056466306
1627766965000,0.3170614001854141
1627766995000,0.31840613247232474
1627767025000,0.3113068596638656
1627767055000,0.31492690844036697
1627767085000,0.31589028971848226
1627767115000,0.31103163156269303
1627767145000,0.32498607420362274
1627767175000,0.3147594619727047
1627767205000,0.31520043954489546
1627767235000,0.3146970726711906
1627767265000,0.311698222324159
1627767295000,0.31396991483516484
1627767325000,0.31689872651191203
1627767355000,0.31069691173623715
1627767385000,0.3129779055453992
1627767415000,0.3164317861813695
1627767445000,0.3171076761266748
1627767475000,0.3183033837338263
1627767505000,0.31206602133413464
1627767535000,0.315480836996337
1627767565000,0.3140612199142157
1627767595000,0.31327499236408063
1627767625000,0.3146780619398404
1627767655000,0.3125661699507389
1627767685000,0.322355636977887
1627767715000,0.3131726700372208
1627767745000,0.31153296864303176
1627767775000,0.3138842649546828
1627767805000,0.3202602720515971
1627767835000,0.31234486283076923
1627767865000,0.31385457221549634
1627767895000,0.3159318051143201
1627767925000,0.31714568776889984
1627767955000,0.30634940404345196
1627767985000,0.3197683333333333
1627768015000,0.3183062924297924
1627768045000,0.3214433688084841
1627768075000,0.31052126974581523
1627768105000,0.3122633461117861
1627768135000,0.3139157881812615
1627768165000,0.3175888721573448
1627768195000,0.3205293263613861
1627768225000,0.31807671705521473
1627768255000,0.3205020118232732
1627768285000,0.3183411969400245
1627768315000,0.3119000318209687
1627768345000,0.31286791355721394
1627768375000,0.3113083812117503
1627768405000,0.31999636477757465
1627768435000,0.3120462042527339
1627768465000,0.313874171857756
1627768495000,0.3131541059495193
1627768525000,0.3161768936469151
1627768555000,0.3173027956976029
1627768585000,0.31473323139178416
1627768615000,0.3136498005524862
1627768645000,0.31314262925336606
1627768675000,0.31164498279901354
1627768705000,0.3225272201223241
1627768735000,0.3195310915640394
1627768765000,0.31124572752403845
1627768795000,0.3119456081130916
1627768825000,0.317174120626151
1627768855000,0.31069962893275754
1627768885000,0.3158260280961183
1627768915000,0.3126274465549348
1627768945000,0.31344620264452644
1627768975000,0.3170019551470588
1627769005000,0.3105053573430835
1627769035000,0.31515259852398525
1627769065000,0.3167317490976976
1627769095000,0.31451357183271833
1627769125000,0.3206777430844553
1627769155000,0.31131249758454105
1627769185000,0.3205526181087763
1627769215000,0.31195927156684816
1627769245000,0.3110109756806931
1627769275000,0.31052221498150434
1627769305000,0.31220720490378645
1627769335000,0.31718656151960783
1627769365000,0.31581027533992584
1627769395000,0.31475847521008404
1627769425000,0.3160393507626601
1627769455000,0.3139951095731707
1627769485000,0.31230156384284835
1627769515000,0.31275882267406035
1627769545000,0.3193068863080685
1627769575000,0.3124778263906057
1627769605000,0.3146529620899149
1627769635000,0.31527990372632864
1627769665000,0.3153017078163772
1627769695000,0.3162202617073171
1627769725000,0.31661293843807203
1627769755000,0.31738753785450063
1627769785000,0.3136071771779141
1627769815000,0.3183057731123389
1627769845000,0.3151179231848688
1627769875000,0.3188202221071864
1627769905000,0.3170271888888889
1627769935000,0.3139457977342315
1627769965000,0.3121058565980629
1627769995000,0.3171857976843388
1627770025000,0.31127476715151514
1627770055000,0.3151741368292683
1627770085000,0.3121582004268293
1627770115000,0.31371900766467065
1627770145000,0.31601514297213623
1627770175000,0.3137110776563449
1627770205000,0.31793950208717003
1627770235000,0.31088372185230023
1627770265000,0.31486379141445336
1627770295000,0.31471808279438684
1627770325000,0.31903741657525897
1627770355000,0.3223401810365853
1627770385000,0.31476906563636364
1627770415000,0.3157055954244431
1627770445000,0.3141319786455156
1627770475000,0.31122868922413793
1627770505000,0.3178059947527141
1627770535000,0.31526905021618284
1627770565000,0.31850943127294984
1627770595000,0.3154070564516129
1627770625000,0.31491893380368097
1627770655000,0.3126856464352139
1627770685000,0.31825287842778793
1627770715000,0.3191107511221945
1627770745000,0.318206082015691
1627770775000,0.3184551710429448
1627770805000,0.3142730244725738
1627770835000,0.3175775653374233
1627770865000,0.3191433796836983
1627770895000,0.3181622282995703
1627770925000,0.3115330729598051
1627770955000,0.312962050710315
1627770985000,0.31772221464737793
1627771015000,0.318370469297164
1627771045000,0.3163482323803605
1627771075000,0.3177095450030656
1627771105000,0.32334579630526955
1627771135000,0.3149091492465341
1627771165000,0.31937840030807146
1627771195000,0.3129209793145655
1627771225000,0.3135812742073171
1627771255000,0.3127737400730816
1627771285000,0.31684278073671496
1627771315000,0.3139480229307173
1627771345000,0.3123578800613497
1627771375000,0.3135516056372549
1627771405000,0.31622993074572125
1627771435000,0.3125806139778325
1627771465000,0.31279389981751826
1627771495000,0.3166750146650573
1627771525000,0.3123479156500308
1627771555000,0.3120730793776693
1627771585000,0.3125088013398295
1627771615000,0.3117941314442413
1627771645000,0.3169527350973236
1627771675000,0.316409475347432
1627771705000,0.3151909759803921
1627771735000,0.3120950663602941
1627771765000,0.3139759683107275
1627771795000,0.3204849548406863
1627771825000,0.3118990101172116
1627771855000,0.3150057637037037
1627771885000,0.3064329455384616
1627771915000,0.3119424132317073
1627771945000,0.31156265554202195
1627771975000,0.3155334179331307
1627772005000,0.31539821864615386
1627772035000,0.3165550132884262
1627772065000,0.31803245042735045
1627772095000,0.3175005995670996
1627772125000,0.3151295584
1627772155000,0.31657556750306
1627772185000,0.3120163713754647
1627772215000,0.3143620225747407
1627772245000,0.3131133176029963
1627772275000,0.3153683167887668
1627772305000,0.3158221489608802
1627772335000,0.3130376569351908
1627772365000,0.3165825250620347
1627772395000,0.3121364037259615
1627772425000,0.31709249883292384
1627772455000,0.3138433751374465
1627772485000,0.3109491993898719
1627772515000,0.3138326029769137
1627772545000,0.31072887743496674
1627772575000,0.3144810081707317
1627772605000,0.31371263198061783
1627772635000,0.3163167058823529
1627772665000,0.31938894034653464
1627772695000,0.3119593082200247
1627772725000,0.3197199139225181
1627772755000,0.3152283812847437
1627772785000,0.3132062660110633
1627772815000,0.3116066828115408
1627772845000,0.32064548668280873
1627772875000,0.31759212119731217
1627772905000,0.311441858750773
1627772935000,0.3117778605344935
1627772965000,0.31869636447044336
1627772995000,0.3160389619804401
1627773025000,0.31958176128834354
1627773055000,0.3182877313967862
1627773085000,0.31448355408225903
1627773115000,0.31616668727828745
1627773145000,0.3119913508740205
1627773175000,0.3118177607013301
1627773205000,0.31682657902227723
1627773235000,0.3130981526927785
1627773265000,0.3171910409338993
1627773295000,0.3136940028816677
1627773325000,0.31248423531941033
1627773355000,0.3168445585501859
1627773385000,0.31545567656725504
1627773415000,0.3150086944272446
1627773445000,0.311539591620456
1627773475000,0.3125825217337461
1627773505000,0.3207881566118221
1627773535000,0.31696563765996344
1627773565000,0.3163422506765068
1627773595000,0.3141907067360686
1627773625000,0.3191792422492401
1627773655000,0.31331767635467983
1627773685000,0.3201969624539877
1627773715000,0.3160978467437614
1627773745000,0.3113247946428571
1627773775000,0.3128139371517028
1627773805000,0.3191440955909369
1627773835000,0.3154745608616505
1627773865000,0.318466019927096
1627773895000,0.3174218
1627773925000,0.3166991427154371
1627773955000,0.3109879587009804
1627773985000,0.31329613632982023
1627774015000,0.3140276406362545
1627774045000,0.3125323691594561
1627774075000,0.3136458096415328
1627774105000,0.3126941909147095
1627774135000,0.3141896891992551
1627774165000,0.31178042845825715
1627774195000,0.3131057763480392
1627774225000,0.3165725022506083
1627774255000,0.3204248780279976
1627774285000,0.3135941802928615
1627774315000,0.3167604922843256
1627774345000,0.3121806192800488
1627774375000,0.31603041890886546
1627774405000,0.31703821927115505
1627774435000,0.3212081215087282
1627774465000,0.3108220427160494
1627774495000,0.3138218267356882
1627774525000,0.3185251914945322
1627774555000,0.3106585094247246
1627774585000,0.3113100838164251
1627774615000,0.31778028399754754
1627774645000,0.3147013848428836
1627774675000,0.3168702187810945
1627774705000,0.3129145590742997
1627774735000,0.31240006033108525
1627774765000,0.31118612914906457
1627774795000,0.3160196841425937
1627774825000,0.3161608499084808
1627774855000,0.3148172864160097
1627774885000,0.3113071947815534
1627774915000,0.3173310058715597
1627774945000,0.3155824002447981
1627774975000,0.31131429694563223
1627775005000,0.31173380018495683
1627775035000,0.31297581558520315
1627775065000,0.3121009147310513
1627775095000,0.25091025956923074
1627775125000,0.3138992904791537
1627775155000,0.31654301134663343
1627775185000,0.32386471783950616
1627775215000,0.3122024803308823
1627775245000,0.31102146496350364
1627775275000,0.31828329233621755
1627775305000,0.3123357562730627
1627775335000,0.3112263732926829
1627775365000,0.3153834456508328
1627775395000,0.31002875078125
1627775425000,0.31117705245603394
1627775455000,0.31314002022332504
1627775485000,0.31272406549636805
1627775515000,0.31058222512224937
1627775545000,0.3148070001856436
1627775575000,0.3130490518248175
1627775605000,0.2547059958024691
1627775635000,0.3119623632615385
1627775665000,0.31229669607120936
1627775695000,0.3123745146401985
1627775725000,0.3126833231699939
1627775755000,0.31353036149668073
1627775785000,0.3106830649567367
1627775815000,0.310228168053044
1627775845000,0.3158269412630288
1627775875000,0.3135874635635019
1627775905000,0.3112527717995169
1627775935000,0.3162417076642336
1627775965000,0.31543824309392265
1627775995000,0.3126691590114527
1627776025000,0.31699008409363744
1627776055000,0.31143198675659106
1627776085000,0.31326625719557194
1627776115000,0.312362029598562
1627776145000,0.31113903944615384
1627776175000,0.3127282133863081
1627776205000,0.3127601905590062
1627776235000,0.3159450578467153
1627776265000,0.3150843143208359
1627776295000,0.3148863627355623
1627776325000,0.3130712015422579
1627776355000,0.3115674411084044
1627776385000,0.31229506256948736
1627776415000,0.31655307458665033
1627776445000,0.3128706661919505
1627776475000,0.31355545978999383
1627776505000,0.3141060153705954
1627776535000,0.3154985883536585
1627776565000,0.3125553509236453
1627776595000,0.31569212463054186
1627776625000,0.31397517489361704
1627776655000,0.31679745484647803
1627776685000,0.3128224613430127
1627776715000,0.31526070400972056
1627776745000,0.3124278823637477
1627776775000,0.3189790860248447
1627776805000,0.3114969039417829
1627776835000,0.3126146381840048
1627776865000,0.31609384379915306
1627776895000,0.31133465607819183
1627776925000,0.3131587483910891
1627776955000,0.3152986314442413
1627776985000,0.3170867389809699
1627777015000,0.3129018387076923
1627777045000,0.30896929461585
1627777075000,0.3132740815365551
1627777105000,0.3167410853878533
1627777135000,0.3096784868245294
1627777165000,0.3213971903546982
1627777195000,0.3128867478986403
1627777225000,0.31141068622142
1627777255000,0.31190434082007346
1627777285000,0.3201660037014189
1627777315000,0.3149379347509113
1627777345000,0.3159125354760461
1627777375000,0.3118453611145511
1627777405000,0.31451724727381664
1627777435000,0.3155431788099575
1627777465000,0.3186795562615669
1627777495000,0.3123233438682123
1627777525000,0.3124671267933783
1627777555000,0.3143681061087355
1627777585000,0.3159272079876161
1627777615000,0.31649424268142684
1627777645000,0.3157265025990099
1627777675000,0.3122506075495049
1627777705000,0.3177576872661436
1627777735000,0.3174061983281733
1627777765000,0.3143874941140777
1627777795000,0.3176382228960396
1627777825000,0.32098774431610944
1627777855000,0.3113640533128834
1627777885000,0.3116486283415841
1627777915000,0.3127602860036832
1627777945000,0.3112710398900428
1627777975000,0.3176803962088254
1627778005000,0.31754912928176804
1627778035000,0.3200369611178615
1627778065000,0.3121903297885572
1627778095000,0.3234642451612903
1627778125000,0.31914594527950313
1627778155000,0.3137929035824583
1627778185000,0.3154102272672309
1627778215000,0.31180180324159024
1627778245000,0.3189302642059553
1627778275000,0.3169943930487805
1627778305000,0.3200187296770262
1627778335000,0.3209157699938763
1627778365000,0.31162781012891344
1627778395000,0.31211675741656364
1627778425000,0.3118142940963856
1627778455000,0.3155701231566118
1627778485000,0.3163370130909091
1627778515000,0.31472799665042633
1627778545000,0.31443805673494724
1627778575000,0.3110132547794118
1627778605000,0.3191466830258303
1627778635000,0.3170242551829268
1627778665000,0.31736681986511345
1627778695000,0.31368204897451835
1627778725000,0.3140342360585723
1627778755000,0.3165167990694789
1627778785000,0.312535757072872
1627778815000,0.3168869367050273
1627778845000,0.3170451027244582
1627778875000,0.3165375687537994
1627778905000,0.3175295326678766
1627778935000,0.3201523557538461
1627778965000,0.316159323853211
1627778995000,0.3176166778255528
1627779025000,0.3115386672049689
1627779055000,0.31532151104256634
1627779085000,0.31006140847560976
1627779115000,0.31324806123321125
1627779145000,0.3171367305641661
1627779175000,0.32022127767584097
1627779205000,0.3154058316604709
1627779235000,0.31694223582822084
1627779265000,0.31612351919561243
1627779295000,0.3193244034504005
1627779325000,0.3158014086100861
1627779355000,0.3156110561381863
1627779385000,0.3180204153419593
1627779415000,0.3127601619251993
1627779445000,0.31588002082294264
1627779475000,0.312117955300682
1627779505000,0.3170844880023995
1627779535000,0.3117667717026379
1627779565000,0.3141292554528651
1627779595000,0.3132047965728274
1627779625000,0.3136815158924205
1627779655000,0.3178801401931201
1627779685000,0.3146005569115816
1627779715000,0.31801545516616314
1627779745000,0.3134135182549505
1627779775000,0.3117648557288542
1627779805000,0.31051229278668313
1627779835000,0.31537965617283953
1627779865000,0.3120401449479486
1627779895000,0.31079260734843844
1627779925000,0.3207746878123096
1627779955000,0.3110848754901961
1627779985000,0.3170331370668317
1627780015000,0.31227064848109115
1627780045000,0.3174061068773234
1627780075000,0.3188634138888889
1627780105000,0.31817669324739106
1627780135000,0.3139611231006794
1627780165000,0.3143219640644362
1627780195000,0.31615428020643593
1627780225000,0.3163564939130435
1627780255000,0.31702740579800504
1627780285000,0.31369250818461536
1627780315000,0.3161226301048735
1627780345000,0.3163053707021792
1627780375000,0.3165083649599013
1627780405000,0.3201518856441718
1627780435000,0.3147513359853121
1627780465000,0.3107090568543452
1627780495000,0.3122917989640463
1627780525000,0.3194363063473054
1627780555000,0.3171521774969174
1627780585000,0.3121220396530359
1627780615000,0.3158904982142857
1627780645000,0.3111648410049628
1627780675000,0.315725840098401
1627780705000,0.3114637808074534
1627780735000,0.31623992440801457
1627780765000,0.3156630179408138
1627780795000,0.3112393061414392
1627780825000,0.3119097589219331
1627780855000,0.3146744469706059
1627780885000,0.3124547385326757
1627780915000,0.3128200290797546
1627780945000,0.3144867004291845
1627780975000,0.3108106825195901
1627781005000,0.3168450534653465
1627781035000,0.3113711068965517
1627781065000,0.3171811259627329
1627781095000,0.311697878427788
1627781125000,0.31713294441717793
1627781155000,0.31882803467992543
1627781185000,0.3174185321140732
1627781215000,0.31536124489920586
1627781245000,0.31437307735618114
1627781275000,0.3144095168726823
1627781305000,0.3108768806071871
1627781335000,0.31264119975594873
1627781365000,0.3149376211916462
1627781395000,0.3114422057332529
1627781425000,0.3110020270782396
1627781455000,0.3161974234499693
1627781485000,0.3162725154954955
1627781515000,0.3117764509213759
1627781545000,0.3140148012210012
1627781575000,0.3149983611178615
1627781605000,0.30984788219261056
1627781635000,0.3122190853584447
1627781665000,0.3223532959752322
1627781695000,0.3105534919504644
1627781725000,0.3159884198901769
1627781755000,0.3171193860606061
1627781785000,0.3225779108830846
1627781815000,0.31204795410539216
1627781845000,0.3190033444171779
1627781875000,0.3172739262737876
1627781905000,0.3151488895833333
1627781935000,0.3130267443962848
1627781965000,0.3145139050185873
1627781995000,0.3166807871287129
1627782025000,0.3125599818404908
1627782055000,0.3130191909932141
1627782085000,0.3218582725647349
1627782115000,0.314762779498164
1627782145000,0.3177267680322781
1627782175000,0.3134229894060012
1627782205000,0.3136098249537893
1627782235000,0.3083921659496005
1627782265000,0.31753853535603715
1627782295000,0.31597138855932205
1627782325000,0.3116907699257426
1627782355000,0.3182923889574337
1627782385000,0.3123352252469136
1627782415000,0.3190295217445483
1627782445000,0.3166399704918033
1627782475000,0.3148004148263027
1627782505000,0.3135652128518972
1627782535000,0.31546681970624235
1627782565000,0.3144233684210526
1627782595000,0.3131533364691509
1627782625000,0.31678257612863325
1627782655000,0.31542114482331063
1627782685000,0.31339975399754
1627782715000,0.3192750309012876
1627782745000,0.317329224954573
1627782775000,0.31702733943833944
1627782805000,0.31422611463414635
1627782835000,0.31058723116962644
1627782865000,0.3130002355733662
1627782895000,0.3115761419216646
1627782925000,0.3172174892900857
1627782955000,0.3126426804907975
1627782985000,0.3172891712686567
1627783015000,0.3173482026267563
1627783045000,0.3145407565325077
1627783075000,0.31630024892440073
1627783105000,0.3127638769981696
1627783135000,0.3127367202094886
1627783165000,0.3155712125693161
1627783195000,0.325454687125
1627783225000,0.314436643823712
1627783255000,0.3212738863692689
1627783285000,0.3126579275609756
1627783315000,0.3166581594827586
1627783345000,0.3187560874469376
1627783375000,0.3107990454268293
1627783405000,0.32065924326153844
1627783435000,0.3148075945731708
1627783465000,0.31126539963746225
1627783495000,0.315848316
1627783525000,0.3160689079287031
1627783555000,0.3115555638855055
1627783585000,0.312474327345187
1627783615000,0.312359497882939
1627783645000,0.3154657159607121
1627783675000,0.3149828619865113
1627783705000,0.3170203564180929
1627783735000,0.3126377825659914
1627783765000,0.3123038651319828
1627783795000,0.31749578218068536
1627783825000,0.3109732018697225
1627783855000,0.31751108023399016
1627783885000,0.3137248908194701
1627783915000,0.3167904159803319
1627783945000,0.3125911014197531
1627783975000,0.31715368186244675
1627784005000,0.3142934272615385
1627784035000,0.31559792114914426
1627784065000,0.31364807690875235
1627784095000,0.3143077645756457
1627784125000,0.3205890829447853
1627784155000,0.311439499815838
1627784185000,0.31645210362047443
1627784215000,0.31216701945288755
1627784245000,0.316513501931201
1627784275000,0.32011851088685017
1627784305000,0.3167879324879227
1627784335000,0.3080105369538835
1627784365000,0.3138325303921569
1627784395000,0.3131704754158965
1627784425000,0.3201819608034084
1627784455000,0.3205354047186933
1627784485000,0.3114685640074211
1627784515000,0.3203823483929654
1627784545000,0.3131641754975125
1627784575000,0.3202786055279503
1627784605000,0.31224102845629265
1627784635000,0.3121180072704868
1627784665000,0.3161973286065071
1627784695000,0.3211298859232176
1627784725000,0.31364772153196624
1627784755000,0.31902256301452786
1627784785000,0.31230270036407765
1627784815000,0.31101619332921554
1627784845000,0.31164056886559804
1627784875000,0.3183294613043478
1627784905000,0.3111854353846154
1627784935000,0.3202787306097561
1627784965000,0.3120584880098888
1627784995000,0.31528815821794104
1627785025000,0.3224458358153846
1627785055000,0.31663584169221337
1627785085000,0.3209169283792049
1627785115000,0.31057231777089783
1627785145000,0.3187785408088235
1627785175000,0.3117582255528256
1627785205000,0.3160112925499697
1627785235000,0.3135750758961681
1627785265000,0.3188201230347349
1627785295000,0.3181207434380776
1627785325000,0.31965544146195324
1627785355000,0.3128103294045427
1627785385000,0.31576692992078004
1627785415000,0.32185316078672405
1627785445000,0.31458505486993343
1627785475000,0.31245172348252603
1627785505000,0.31824176270769233
1627785535000,0.3155833545066992
1627785565000,0.3113100903384615
1627785595000,0.3126085948479205
1627785625000,0.3144917207823961
1627785655000,0.3121283719776813
1627785685000,0.31317190778258186
1627785715000,0.31415889601715685
1627785745000,0.31374430359317906
1627785775000,0.3120105962507683
1627785805000,0.3159188385688296
1627785835000,0.3156589903822441
1627785865000,0.31582396593886464
1627785895000,0.3184114092638037
1627785925000,0.3167451804520464
1627785955000,0.3114910288508557
1627785985000,0.3134353398886828
1627786015000,0.3144538166056166
1627786045000,0.3167186219571865
1627786075000,0.3113942367458867
1627786105000,0.3144324955882353
1627786135000,0.3138436135862913
1627786165000,0.3164853821842587
1627786195000,0.3187025468769326
1627786225000,0.31447945347721823
1627786255000,0.3131637903763109
1627786285000,0.3161149294224924
1627786315000,0.3155094170598911
1627786345000,0.3132996493570117
1627786375000,0.319400252969697
1627786405000,0.3147606599637681
1627786435000,0.3129208973732437
1627786465000,0.31573907419950736
1627786495000,0.3151881297846154
1627786525000,0.31295969638258736
1627786555000,0.31613544831598284
1627786585000,0.32100767515225337
1627786615000,0.3120405565741858
1627786645000,0.31170367276051186
1627786675000,0.3168524073304826
1627786705000,0.3200174762254902
1627786735000,0.31620198041615666
1627786765000,0.31233973705738705
1627786795000,0.3163800442105263
1627786825000,0.31633698981481484
1627786855000,0.3206333874155924
1627786885000,0.315605449055454
1627786915000,0.32163043758556314
1627786945000,0.3170089048543689
1627786975000,0.31729125890326554
1627787005000,0.3151279961514966
1627787035000,0.32250358261398177
1627787065000,0.3104453850764526
1627787095000,0.31588132797330104
1627787125000,0.3215252443553362
1627787155000,0.31634021300309595
1627787185000,0.32203181053936764
1627787215000,0.3095841972727273
1627787245000,0.3121352597449909
1627787275000,0.317037867587477
1627787305000,0.3178982249385749
1627787335000,0.3147974165024631
1627787365000,0.31207846026331537
1627787395000,0.3168706134817563
1627787425000,0.31432437444511097
1627787455000,0.3084114137598069
1627787485000,0.3185732287399131
1627787515000,0.3154176745972739
1627787545000,0.3085936577575757
1627787575000,0.3197250512431777
1627787605000,0.3126985573170732
1627787635000,0.3160288159062885
1627787665000,0.3148697426642112
1627787695000,0.3155956616666667
1627787725000,0.3110656212394705
1627787755000,0.3157384969993876
1627787785000,0.32350143099022005
1627787815000,0.3143681392420538
1627787845000,0.31335671069486404
1627787875000,0.3190543506119951
1627787905000,0.3166298627921279
1627787935000,0.3165481244923077
1627787965000,0.3145745979041916
1627787995000,0.31632187436823106
1627788025000,0.31957469926605503
1627788055000,0.3114263312269939
1627788085000,0.32129379353233833
1627788115000,0.3151105817013464
1627788145000,0.3137979602307225
1627788175000,0.3119771047647769
1627788205000,0.3191305487669544
1627788235000,0.3173300692679976
1627788265000,0.3123571525030525
1627788295000,0.31145434544899203
1627788325000,0.3216517644242424
1627788355000,0.31434635702075703
1627788385000,0.3178097986486487
1627788415000,0.3117240994495413
1627788445000,0.3103274510729614
1627788475000,0.3210871582007344
1627788505000,0.3156792655900621
1627788535000,0.311973970460199
1627788565000,0.3155810956361401
1627788595000,0.31437906062081555
1627788625000,0.31346604810911344
1627788655000,0.315982782020445
1627788685000,0.3194381546454768
1627788715000,0.3149324228658537
1627788745000,0.31431658229166665
1627788775000,0.31600211568265685
1627788805000,0.3163339751374465
1627788835000,0.3168253122436296
1627788865000,0.317631804138357
1627788895000,0.3115673714808044
1627788925000,0.3170808217877095
1627788955000,0.3131983813112745
1627788985000,0.3176464807169345
1627789015000,0.3162575786240786
1627789045000,0.3162645062043796
1627789075000,0.3166013591214155
1627789105000,0.3136843106051154
1627789135000,0.3165653573275862
1627789165000,0.3135798928615009
1627789195000,0.3116510473300971
1627789225000,0.3108783795607077
1627789255000,0.32136351246928746
1627789285000,0.3181961159903089
1627789315000,0.3113225150862069
1627789345000,0.31204407846625765
1627789375000,0.3162783534996957
1627789405000,0.3134935009287926
1627789435000,0.3136820931734317
1627789465000,0.31728782094886016
1627789495000,0.3150197251696484
1627789525000,0.31139031144094004
1627789555000,0.3131273434889435
1627789585000,0.31447211696969696
1627789615000,0.3158676378313253
1627789645000,0.3156862203058104
1627789675000,0.3126035912355447
1627789705000,0.3119293256218906
1627789735000,0.3114663422535211
1627789765000,0.3196898221071864
1627789795000,0.30928120519951635
1627789825000,0.3108754078740157
1627789855000,0.3122226484068628
1627789885000,0.31348811808576754
1627789915000,0.3193516163491088
1627789945000,0.31897913967560826
1627789975000,0.3120557422818792
1627790005000,0.3138685625
1627790035000,0.3123341111313869
1627790065000,0.3163529818459658
1627790095000,0.31459665573870577
1627790125000,0.3150270665644172
1627790155000,0.3128911141089109
1627790185000,0.3120743110633067
1627790215000,0.31247168325092706
1627790245000,0.3130894499696786
1627790275000,0.31336720774309723
1627790305000,0.3141237185162477
1627790335000,0.31663329359756104
1627790365000,0.31181371953743153
1627790395000,0.3183562014188772
1627790425000,0.3192445342874922
1627790455000,0.3220324312731768
1627790485000,0.32158426429895004
1627790515000,0.3120607967162329
1627790545000,0.3186098211199026
1627790575000,0.31625129407041386
1627790605000,0.32245977403076925
1627790635000,0.3162996690389294
1627790665000,0.3193868592638037
1627790695000,0.3216382167883212
1627790725000,0.3174642836474164
1627790755000,0.3216744563546187
1627790785000,0.3197760729368932
1627790815000,0.3210038418392205
1627790845000,0.32129106535384616
1627790875000,0.3202233230674847
1627790905000,0.32164841241507103
1627790935000,0.3222987791181874
1627790965000,0.3142277361094225
1627790995000,0.3189489838967425
1627791025000,0.3114991377737226
1627791055000,0.3176934744
1627791085000,0.3123608831917476
1627791115000,0.3121363889092017
1627791145000,0.3117967807411908
1627791175000,0.3145625039057657
1627791205000,0.31835890554539914
1627791235000,0.31103010103343465
1627791265000,0.31136522799510996
1627791295000,0.3099938831515152
1627791325000,0.3152662140914709
1627791355000,0.3199232592615385
1627791385000,0.3218108970517449
1627791415000,0.3150900757722592
1627791445000,0.3164757581452105
1627791475000,0.3124894790782292
1627791505000,0.3122684943806647
1627791535000,0.3178225288723668
1627791565000,0.3153051519056261
1627791595000,0.3198262692685925
1627791625000,0.3122972066871166
1627791655000,0.3121959094561187
1627791685000,0.3206796404878049
1627791715000,0.32052240881995137
1627791745000,0.313060840625
1627791775000,0.3138482609815951
1627791805000,0.3154641941641337
1627791835000,0.31501807725587144
1627791865000,0.32147273570544554
1627791895000,0.31379163145795524
1627791925000,0.3174849736414741
1627791955000,0.3153153691835482
1627791985000,0.3168716805690073
1627792015000,0.3218914942942943
1627792045000,0.3141919754331683
1627792075000,0.31299922076271186
1627792105000,0.3120999112053301
1627792135000,0.3197914147076923
1627792165000,0.3208675652279635
1627792195000,0.3118289105586249
1627792225000,0.3141415948670377
1627792255000,0.3129590598400984
1627792285000,0.3188154274438373
1627792315000,0.31900502138098125
1627792345000,0.3133228660747091
1627792375000,0.3130403367521368
1627792405000,0.31570255369249395
1627792435000,0.3130659825230769
1627792465000,0.3172250043662826
1627792495000,0.3103913828867235
1627792525000,0.3199930905946602
1627792555000,0.31864643566686784
1627792585000,0.31104246592592594
1627792615000,0.3165190013406459
1627792645000,0.3132342030284676
1627792675000,0.3199961942998761
1627792705000,0.3156534284658041
1627792735000,0.31513917783816425
1627792765000,0.3126725954795357
1627792795000,0.3128102958870473
1627792825000,0.3174620141997593
1627792855000,0.3114860844115835
1627792885000,0.3183460875764994
1627792915000,0.3123691721230769
1627792945000,0.31447659116022103
1627792975000,0.31718630617206983
1627793005000,0.31051543972188633
1627793035000,0.316573075781729
1627793065000,0.3171461150954654
1627793095000,0.3104492373612824
1627793125000,0.3221088630930376
1627793155000,0.3118991355953115
1627793185000,0.31933374310239115
1627793215000,0.3161313568674699
1627793245000,0.3136863479876161
1627793275000,0.3119255762138906
1627793305000,0.3178264933823529
1627793335000,0.31385452151975685
1627793365000,0.3131352468479605
1627793395000,0.3110676932645631
1627793425000,0.3157183931901841
1627793455000,0.3174203056269113
1627793485000,0.31906616282438144
1627793515000,0.3126351731004902
1627793545000,0.3126548021341463
1627793575000,0.3135802419374248
1627793605000,0.31271491486988845
1627793635000,0.3120562463563993
1627793665000,0.3104258922982885
1627793695000,0.3184249706707317
1627793725000,0.31407308754578755
1627793755000,0.3158997721331689
1627793785000,0.3161096990729295
1627793815000,0.3131781929963459
1627793845000,0.31675967601453664
1627793875000,0.3155230754589963
1627793905000,0.31849965856966705
1627793935000,0.3176800040173053
1627793965000,0.3098426521954236
1627793995000,0.3143841494402985
1627794025000,0.3179112961023143
1627794055000,0.3180715427594779
1627794085000,0.3126149986552567
1627794115000,0.31537041947656724
1627794145000,0.31889802561881186
1627794175000,0.3123402085591133
1627794205000,0.3241926887507769
1627794235000,0.3136390827063107
1627794265000,0.31892681832298136
1627794295000,0.31223551766522545
1627794325000,0.3159868759728227
1627794355000,0.3107712038106945
1627794385000,0.3182607429894997
1627794415000,0.3149688331521739
1627794445000,0.3134160738546121
1627794475000,0.3136081660049628
1627794505000,0.3114708981662592
1627794535000,0.3145195141270821
1627794565000,0.3101849777236762
1627794595000,0.3113819123245882
1627794625000,0.3113838939938081
1627794655000,0.31454110351418
1627794685000,0.3175207815581253
1627794715000,0.3203260260024301
1627794745000,0.3126570799019608
1627794775000,0.31653348179596824
1627794805000,0.3128929305084745
1627794835000,0.3085459594692401
1627794865000,0.31000715
1627794895000,0.317681108
1627794925000,0.3189256984491315
1627794955000,0.31202650092194223
1627794985000,0.3172517980246913
1627795015000,0.31579831500607536
1627795045000,0.3151825983774039
1627795075000,0.31270013734567903
1627795105000,0.3178436801470588
1627795135000,0.3162922762454435
1627795165000,0.31006530012239897
1627795195000,0.31350934638480393
1627795225000,0.3136415157797029
1627795255000,0.3190325878487291
1627795285000,0.31213575716923075
1627795315000,0.31123901869273063
1627795345000,0.3121497103298071
1627795375000,0.3167892174816626
1627795405000,0.3126207837378641
1627795435000,0.3146811496359223
1627795465000,0.3167701705308115
1627795495000,0.31650353846633417
1627795525000,0.3132708078066915
1627795555000,0.3148558274907749
1627795585000,0.314726664957265
1627795615000,0.3205019721118013
1627795645000,0.3194947881114551
1627795675000,0.3172643942521632
1627795705000,0.3160598509456986
1627795735000,0.3114827155256724
1627795765000,0.3184657246785058
1627795795000,0.31176003199268737
1627795825000,0.31196841753407684
1627795855000,0.3171333930547019
1627795885000,0.3161800484068628
1627795915000,0.30662260824742266
1627795945000,0.31209354911531423
1627795975000,0.31353327682323856
1627796005000,0.3177235476104053
1627796035000,0.3119463613414634
1627796065000,0.3190297049606776
1627796095000,0.31650162176829266
1627796125000,0.31662524420289856
1627796155000,0.3116480392108508
1627796185000,0.31202686233128835
1627796215000,0.30986624318181816
1627796245000,0.31164084771758976
1627796275000,0.31895496803680984
1627796305000,0.3157124415702982
1627796335000,0.3207704007303713
1627796365000,0.3227303361230769
1627796395000,0.3094112812048193
1627796425000,0.3099537924757281
1627796455000,0.31606456503965835
1627796485000,0.31774183442319553
1627796515000,0.3255992659300184
1627796545000,0.3151565412158055
1627796575000,0.3189799156766687
1627796605000,0.3113866697846154
1627796635000,0.317077389244713
1627796665000,0.31504538723274284
1627796695000,0.31601944743985194
1627796725000,0.3204497932844933
1627796755000,0.3144457929143561
1627796785000,0.3207547788888889
1627796815000,0.3162301861367837
1627796845000,0.3191234509456986
1627796875000,0.3129438415164699
1627796905000,0.31441519301042303
1627796935000,0.3112832656078192
1627796965000,0.31576595113288425
1627796995000,0.31333767079754604
1627797025000,0.3119789118008605
1627797055000,0.3167285974248927
1627797085000,0.3172153930360415
1627797115000,0.3155396501514234
1627797145000,0.3139235416767922
1627797175000,0.3121080395604396
1627797205000,0.3129798093023256
1627797235000,0.3126289603762136
1627797265000,0.31716978846625765
1627797295000,0.3163935094017094
1627797325000,0.3102539056569343
1627797355000,0.3217726125
1627797385000,0.3192785274924471
1627797415000,0.316270675531269
1627797445000,0.3103271772643253
1627797475000,0.3198557568796069
1627797505000,0.3164751508652658
1627797535000,0.31036306414978515
1627797565000,0.3198188682766845
1627797595000,0.3124470648331273
1627797625000,0.315048014673913
1627797655000,0.3121655693154034
1627797685000,0.3114878714547677
1627797715000,0.3123793684881603
1627797745000,0.314248107400722
1627797775000,0.31727624356014583
1627797805000,0.3176310883692308
1627797835000,0.31679545501538464
1627797865000,0.2508190740580605
1627797895000,0.2499757850828729
1627797925000,0.2543183646378576
1627797955000,0.31524717038369304
1627797985000,0.3143738012851897
1627798015000,0.3153892651747394
1627798045000,0.31046483804281344
1627798075000,0.31177829914425426
1627798105000,0.3114475159118727
1627798135000,0.3158571727832512
1627798165000,0.30999379080318823
1627798195000,0.3123267812958435
1627798225000,0.31648984180478823
1627798255000,0.31539658723274283
1627798285000,0.3180555216283406
1627798315000,0.3202290668504902
1627798345000,0.3128295942805539
1627798375000,0.3131355150943396
1627798405000,0.3174635777845777
1627798435000,0.32139732197392923
1627798465000,0.31138537527607363
1627798495000,0.31060886970624235
1627798525000,0.3127367415544676
1627798555000,0.3122414824034335
1627798585000,0.3162288574908648
1627798615000,0.31580259042168674
1627798645000,0.3157368723048327
1627798675000,0.3111649979153893
1627798705000,0.31330564865525673
1627798735000,0.3144521154456654
1627798765000,0.3150031073611977
1627798795000,0.3172789610055181
1627798825000,0.3178773008029648
1627798855000,0.3144137478924863
1627798885000,0.3132639536585366
1627798915000,0.31335678935523115
1627798945000,0.3129298138753056
1627798975000,0.31430438858895704
1627799005000,0.31136661153381645
1627799035000,0.3127204040272615
1627799065000,0.3144329607339449
1627799095000,0.3154894950956938
1627799125000,0.312854557342233
1627799155000,0.3158640857055215
1627799185000,0.3178122192168675
1627799215000,0.3188267621572212
1627799245000,0.3148556082309582
1627799275000,0.31525884911746804
1627799305000,0.3154689554934823
1627799335000,0.3187479624227441
1627799365000,0.3187672929268293
1627799395000,0.3124608156019656
1627799425000,0.3152428840196681
1627799455000,0.3173035372121966
1627799485000,0.3254411244186047
1627799515000,0.3145508555692308
1627799545000,0.316833850331525
1627799575000,0.31062597656725505
1627799605000,0.3213021875
1627799635000,0.3212845837378641
1627799665000,0.3183641168195719
1627799695000,0.3143259961841308
1627799725000,0.3153197072171254
1627799755000,0.3177185368259804
1627799785000,0.3186391363413137
1627799815000,0.31611151370869034
1627799845000,0.3169470631291692
1627799875000,0.31577497159581025
1627799905000,0.3125236704024768
1627799935000,0.3124579190127971
1627799965000,0.3165953465260546
1627799995000,0.3155250208178439
1627800025000,0.3214783589884217
1627800055000,0.3124789326341764
1627800085000,0.3167587506375228
1627800115000,0.3165022077395577
1627800145000,0.31565185802318485
1627800175000,0.31479145838967426
1627800205000,0.31648827257177764
1627800235000,0.3160745262962963
1627800265000,0.31420967489204193
1627800295000,0.3129572978301302
1627800325000,0.31974450061387355
1627800355000,0.3196855501234568
1627800385000,0.3117819929361179
1627800415000,0.31445373783447417
1627800445000,0.3124119027915633
1627800475000,0.31261919185185183
1627800505000,0.3117159879007865
1627800535000,0.32026513280680435
1627800565000,0.3185672954601227
1627800595000,0.3148948271384616
1627800625000,0.3121131758074345
1627800655000,0.31254387518472904
1627800685000,0.3130470081818182
1627800715000,0.3166801935088794
1627800745000,0.3118888086185819
1627800775000,0.3116431913919414
1627800805000,0.31509184708410065
1627800835000,0.3117303408225905
1627800865000,0.3163677644389945
1627800895000,0.3112074409564684
1627800925000,0.3099895846387371
1627800955000,0.3141508786732796
1627800985000,0.3156574396796057
1627801015000,0.31236673463653025
1627801045000,0.31149287997543
1627801075000,0.3177927509503372
1627801105000,0.3180975635644769
1627801135000,0.3115040689272503
1627801165000,0.3158396192354369
1627801195000,0.3108647689550425
1627801225000,0.3151352112590799
1627801255000,0.3137003160570366
1627801285000,0.31691833495086
1627801315000,0.3235747144177449
1627801345000,0.31245176022374144
1627801375000,0.3148228072948328
1627801405000,0.3161738604216868
1627801435000,0.317769434533252
1627801465000,0.320369967364532
1627801495000,0.3104623926814637
1627801525000,0.3109194688778673
1627801555000,0.31530663942366643
1627801585000,0.3144826357449417
1627801615000,0.31002655958612296
1627801645000,0.3172958068265683
1627801675000,0.31605841321803585
1627801705000,0.3183818084403669
1627801735000,0.3124307417575757
1627801765000,0.3126183599264706
1627801795000,0.3224249675389408
1627801825000,0.31168001817625457
1627801855000,0.3116406504854369
1627801885000,0.3111844848540146
1627801915000,0.3179726763726095
1627801945000,0.31216067766871164
1627801975000,0.3169894279384615
1627802005000,0.3152121059802713
1627802035000,0.3166993575517661
1627802065000,0.3124115678419453
1627802095000,0.31605701882566584
1627802125000,0.3186813127870888
1627802155000,0.3115944200495049
1627802185000,0.3175656940777298
1627802215000,0.3162934791008505
1627802245000,0.3181014980511571
1627802275000,0.312785328136419
1627802305000,0.3141593462200369
1627802335000,0.3179442812883436
1627802365000,0.31289424554334555
1627802395000,0.3139039553191489
1627802425000,0.32097289619565217
1627802455000,0.31703937415254235
1627802485000,0.31729577310559004
1627802515000,0.31133273530849115
1627802545000,0.3190597570036541
1627802575000,0.31182461244582044
1627802605000,0.3201075070719603
1627802635000,0.3133870478960396
1627802665000,0.3168773338235294
1627802695000,0.3159061288793104
1627802725000,0.31318444948391017
1627802755000,0.3218319873291925
1627802785000,0.3133569602556299
1627802815000,0.31105805091911765
1627802845000,0.31780560024554944
1627802875000,0.31433947144607843
1627802905000,0.3118336493017608
1627802935000,0.3116404148058252
1627802965000,0.3200865833026397
1627802995000,0.3154754813260341
1627803025000,0.3167052698374473
1627803055000,0.3167358665432099
1627803085000,0.31604888414179105
1627803115000,0.31145953954767724
1627803145000,0.31613563047735616
1627803175000,0.3145171649176327
1627803205000,0.3154829334981459
1627803235000,0.3136188116891065
1627803265000,0.3211706886977887
1627803295000,0.31467567686703096
1627803325000,0.31939947383004924
1627803355000,0.3113727509213759
1627803385000,0.320599439004914
1627803415000,0.31474706146400483
1627803445000,0.3147956738787879
1627803475000,0.31696842553846155
1627803505000,0.3158660474953618
1627803535000,0.3119864585292345
1627803565000,0.3145052923357664
1627803595000,0.31138483414485696
1627803625000,0.3172099203860073
1627803655000,0.3151727626065773
1627803685000,0.3130922574984821
1627803715000,0.3140042850764526
1627803745000,0.31624968087330874
1627803775000,0.3226084127306273
1627803805000,0.3141706734270006
1627803835000,0.3133610368615385
1627803865000,0.31729844861025325
1627803895000,0.3121022745398773
1627803925000,0.3015974179408138
1627803955000,0.3145465872185028
1627803985000,0.3217120861042184
1627804015000,0.31713553421846713
1627804045000,0.32218434157862025
1627804075000,0.3166251627607362
1627804105000,0.31278351345208844
1627804135000,0.31195313894080995
1627804165000,0.31115245545905706
1627804195000,0.3115572832422587
1627804225000,0.3160597638598648
1627804255000,0.31282627243707795
1627804285000,0.3172004679268293
1627804315000,0.3105354113345521
1627804345000,0.31161798294902915
1627804375000,0.3168031122647237
1627804405000,0.3112027927651748
1627804435000,0.3153205681087763
1627804465000,0.3151013419001218
1627804495000,0.31493417334536705
1627804525000,0.31451462285361337
1627804555000,0.31577348008604794
1627804585000,0.31543274445820435
1627804615000,0.3175209493482309
1627804645000,0.3180523755692308
1627804675000,0.30761368967623703
1627804705000,0.3169551464831804
1627804735000,0.31984748729763385
1627804765000,0.3153631657601978
1627804795000,0.3136672066342057
1627804825000,0.3128784087871287
1627804855000,0.3165095356392835
1627804885000,0.3136087986402967
1627804915000,0.31220688223039217
1627804945000,0.31596216143031786
1627804975000,0.3077389138138138
1627805005000,0.3116257942557134
1627805035000,0.3132366332125604
1627805065000,0.3119104197560976
1627805095000,0.31925047785276073
1627805125000,0.31449025694103194
1627805155000,0.3167064128755365
1627805185000,0.3176107143033292
1627805215000,0.3173522159633028
1627805245000,0.3129448940298508
1627805275000,0.3110956682616596
1627805305000,0.31668950738705737
1627805335000,0.3137852483159829
1627805365000,0.3111814471159684
1627805395000,0.3110004707878788
1627805425000,0.31294055462392106
1627805455000,0.3161845032238443
1627805485000,0.3158377946854001
1627805515000,0.3195669018726592
1627805545000,0.31297679798903105
1627805575000,0.3124856161426844
1627805605000,0.3154851536178108
1627805635000,0.3124019585099939
1627805665000,0.31591064787168416
1627805695000,0.3177276757538461
1627805725000,0.3117423799879081
1627805755000,0.3132332257694629
1627805785000,0.3203758142416769
1627805815000,0.3125035540173053
1627805845000,0.3133821288156288
1627805875000,0.3168961622100122
1627805905000,0.3152422781403941
1627805935000,0.31323074541033435
1627805965000,0.31761181131840793
1627805995000,0.3136926477777778
1627806025000,0.3129730335388409
1627806055000,0.3136719295327103
1627806085000,0.3107278498463429
1627806115000,0.31309046928264866
1627806145000,0.3174508734731647
1627806175000,0.3140188702818628
1627806205000,0.3171127590324556
1627806235000,0.311428701546073
1627806265000,0.3121579767384615
1627806295000,0.3219816179518816
1627806325000,0.31256991853448274
1627806355000,0.3191732664197531
1627806385000,0.3109409196186962
1627806415000,0.31160294575851394
1627806445000,0.3138821697225573
1627806475000,0.3123261506982392
1627806505000,0.3144383780888618
1627806535000,0.3139099899144254
1627806565000,0.3174760766074709
1627806595000,0.31900297859756105
1627806625000,0.31162275734223305
1627806655000,0.32244688140672784
1627806685000,0.3141447943627451
1627806715000,0.3164002502145923
1627806745000,0.3141264703772418
1627806775000,0.3150372462445686
1627806805000,0.31489211783950616
1627806835000,0.313483341044323
1627806865000,0.3149081547263682
1627806895000,0.3198722696670777
1627806925000,0.3113390364691509
1627806955000,0.3127721437880633
1627806985000,0.3129258327183272
1627807015000,0.32315334452012384
1627807045000,0.3153573201588271
1627807075000,0.31562192134220074
1627807105000,0.3190000796104687
1627807135000,0.31559525914634146
1627807165000,0.3119153678462477
1627807195000,0.316291406873065
1627807225000,0.3116374003063725
1627807255000,0.31967937092671106
1627807285000,0.3221343506127451
1627807315000,0.3108088342962508
1627807345000,0.31497350667074664
1627807375000,0.3171186158993247
1627807405000,0.3119819272560976
1627807435000,0.3113347289882061
1627807465000,0.3165244686666667
1627807495000,0.3118390383017715
1627807525000,0.32001781707168897
1627807555000,0.3119886386168911
1627807585000,0.3126104316081331
1627807615000,0.3147628789538461
1627807645000,0.31518380434250765
1627807675000,0.3125752965644172
1627807705000,0.3224243817348809
1627807735000,0.3131129798882681
1627807765000,0.3147719332087228
1627807795000,0.31972342896341466
1627807825000,0.3148192637795276
1627807855000,0.3105658084939759
1627807885000,0.3144505470841007
1627807915000,0.31710101391625617
1627807945000,0.3168015655637255
1627807975000,0.3121057988176727
1627808005000,0.31056873461304085
1627808035000,0.3242992389440994
1627808065000,0.31042926116207953
1627808095000,0.3133353438831406
1627808125000,0.3121184188002474
1627808155000,0.3134937746898263
1627808185000,0.3222961127672572
1627808215000,0.3131521937810945
1627808245000,0.3104972051869723
1627808275000,0.31508263133498143
1627808305000,0.31610625152439026
1627808335000,0.3216696119705341
1627808365000,0.3114063623312883
1627808395000,0.3168580068209501
1627808425000,0.31545465372245385
1627808455000,0.3220633834957369
1627808485000,0.31403136314837155
1627808515000,0.3129798125307125
1627808545000,0.3125785656326034
1627808575000,0.3165498142592593
1627808605000,0.3107413495180723
1627808635000,0.31143836234718825
1627808665000,0.31651649596823456
1627808695000,0.3165889995694957
1627808725000,0.31147832801698
1627808755000,0.3156806084756097
1627808785000,0.3106929154886294
1627808815000,0.3166024239704979
1627808845000,0.31969687637028016
1627808875000,0.3103879383160464
1627808905000,0.3131049726479751
1627808935000,0.3102189184354154
1627808965000,0.313229978057775
1627808995000,0.31198879488428743
1627809025000,0.31148343941782897
1627809055000,0.3156025162195122
1627809085000,0.3133726931378665
1627809115000,0.31236495341463416
1627809145000,0.3129019145654835
1627809175000,0.31520534749845586
1627809205000,0.31814769889502764
1627809235000,0.31351116140135216
1627809265000,0.31429105942995755
1627809295000,0.31217251438313703
1627809325000,0.3135952675558313
1627809355000,0.3141173891809291
1627809385000,0.31342891438313697
1627809415000,0.31236701963636365
1627809445000,0.31415955254133504
1627809475000,0.31164160570552146
1627809505000,0.3176206208029197
1627809535000,0.3140003095325953
1627809565000,0.3189449197328476
1627809595000,0.3124949950556242
1627809625000,0.3124052638077859
1627809655000,0.31723561465358674
1627809685000,0.3170912466584158
1627809715000,0.31785352741836104
1627809745000,0.31644800922029703
1627809775000,0.31229881695331696
1627809805000,0.3150163521846154
1627809835000,0.309166017495396
1627809865000,0.3183036588998764
1627809895000,0.3106434313369631
1627809925000,0.31702710964373465
1627809955000,0.3206196205302096
1627809985000,0.3158414565980629
1627810015000,0.3152815441732764
1627810045000,0.31300008313773936
1627810075000,0.3132495910878918
1627810105000,0.31183244981572483
1627810135000,0.3121778159535452
1627810165000,0.3143147256014805
1627810195000,0.3166542969128329
1627810225000,0.317016423110285
1627810255000,0.3148505909811091
1627810285000,0.3161360619485294
1627810315000,0.3145234892546584
1627810345000,0.3167837792
1627810375000,0.3116862562461913
1627810405000,0.3146473135499693
1627810435000,0.3127963570820669
1627810465000,0.31519682775384616
1627810495000,0.3122639637689969
1627810525000,0.31168646996941896
1627810555000,0.31676390239999996
1627810585000,0.3124617413243409
1627810615000,0.3184185547677262
1627810645000,0.31506321393643033
1627810675000,0.3151057464068209
1627810705000,0.31695850976514217
1627810735000,0.3115304570648878
1627810765000,0.3086349433894231
1627810795000,0.3153223815498155
1627810825000,0.3172711329397141
1627810855000,0.3163950749394673
1627810885000,0.31309861246898263
1627810915000,0.3205607689634146
1627810945000,0.3126383409202454
1627810975000,0.31659826988322065
1627811005000,0.3154340744143033
1627811035000,0.31711266540372673
1627811065000,0.3137130928958459
1627811095000,0.316315029281768
1627811125000,0.3180302910933661
1627811155000,0.3208700674177832
1627811185000,0.3164902443286328
1627811215000,0.31681417704615383
1627811245000,0.3148450451278928
1627811275000,0.3146308679233622
1627811305000,0.32256761686226065
1627811335000,0.31649001974248925
1627811365000,0.31843598604794104
1627811395000,0.3126922969790382
1627811425000,0.3120291423384615
1627811455000,0.3121486723086497
1627811485000,0.31204353572755417
1627811515000,0.31326715053827753
1627811545000,0.3098272147342995
1627811575000,0.2490582563148261
1627811605000,0.31519779033639145
1627811635000,0.3100979264868179
1627811665000,0.315591416635973
1627811695000,0.3134581057301294
1627811725000,0.3124715090133983
1627811755000,0.3115764151135006
1627811785000,0.31398489423076925
1627811815000,0.3255051280830281
1627811845000,0.309973037939394
1627811875000,0.31741045315533983
1627811905000,0.31510470639751553
1627811935000,0.31721079455445544
1627811965000,0.3214416616329036
1627811995000,0.3171137813186813
1627812025000,0.3152713266261398
1627812055000,0.3163104004910988
1627812085000,0.3108427574442435
1627812115000,0.3099067015114873
1627812145000,0.3125554915140415
1627812175000,0.3171052872938302
1627812205000,0.3222430127856702
1627812235000,0.3153105224953903
1627812265000,0.3186599549219688
1627812295000,0.31663310262836186
1627812325000,0.3126908484346225
1627812355000,0.31801520786585363
1627812385000,0.3116315059002433
1627812415000,0.31142574975460124
1627812445000,0.3136031476923077
1627812475000,0.3105804229102167
1627812505000,0.3141148662153846
1627812535000,0.3156718822948797
1627812565000,0.3144768311435523
1627812595000,0.3216104731123389
1627812625000,0.3178223260815822
1627812655000,0.3117660892546584
1627812685000,0.3197978924129353
1627812715000,0.3202934241569589
1627812745000,0.3173140742173112
1627812775000,0.31352473063652586
1627812805000,0.31571646004947435
1627812835000,0.31227724432863274
1627812865000,0.31317904849785405
1627812895000,0.3119222812538414
1627812925000,0.3122898745421245
1627812955000,0.3163308370121951
1627812985000,0.3159512050248139
1627813015000,0.3173015916256158
1627813045000,0.31739532722802705
1627813075000,0.31166907675840977
1627813105000,0.3161767895807645
1627813135000,0.3162171115712546
1627813165000,0.3195250244251088
1627813195000,0.31945535109756096
1627813225000,0.3162767148079306
1627813255000,0.316349473899566
1627813285000,0.31604659446861405
1627813315000,0.3171177762816553
1627813345000,0.3263051213185459
1627813375000,0.3175149271091812
1627813405000,0.317562544
1627813435000,0.3145460046699876
1627813465000,0.3190131461725395
1627813495000,0.31652198530120484
1627813525000,0.3161111327194598
1627813555000,0.3118425804334365
1627813585000,0.3182669531770512
1627813615000,0.3186242204320988
1627813645000,0.3167209365942029
1627813675000,0.31772178184615385
1627813705000,0.3156002778940887
1627813735000,0.3197188953316953
1627813765000,0.3101521083333333
1627813795000,0.3155705758873929
1627813825000,0.31463858013365736
1627813855000,0.31178190225472274
1627813885000,0.3170742918330309
1627813915000,0.3122722956601467
1627813945000,0.32209474632034635
1627813975000,0.3157072918769231
1627814005000,0.3090678787430684
1627814035000,0.31455812082818296
1627814065000,0.31237905213675216
1627814095000,0.3196096637888199
1627814125000,0.3126748972710734
1627814155000,0.3169691969584109
1627814185000,0.320035459554731
1627814215000,0.3158930095771144
1627814245000,0.3120161725796753
1627814275000,0.3139515977818854
1627814305000,0.3246896998765432
1627814335000,0.3124031540754258
1627814365000,0.3137596081064731
1627814395000,0.3117151782367448
1627814425000,0.3198933772839506
1627814455000,0.31681249736680955
1627814485000,0.3133556992063492
1627814515000,0.3104668313149847
1627814545000,0.32152133774875624
1627814575000,0.31233357714819426
1627814605000,0.32248419138038725
1627814635000,0.31957389708617484
1627814665000,0.3185564454600853
1627814695000,0.3160937173939394
1627814725000,0.3139498829419036
1627814755000,0.3123067465965347
1627814785000,0.3146664291285801
1627814815000,0.31523102347127857
1627814845000,0.3122381424969249
1627814875000,0.3160356603458925
1627814905000,0.3156874023399015
1627814935000,0.3153563354878049
1627814965000,0.3171193647525962
1627814995000,0.3152915537349398
1627815025000,0.31130475470341523
1627815055000,0.3171842385039853
1627815085000,0.31261518003651856
1627815115000,0.31424568
1627815145000,0.3173697667894414
1627815175000,0.31522234627594625
1627815205000,0.3114231136196319
1627815235000,0.3107451761239368
1627815265000,0.3156260566909976
1627815295000,0.31103646352583586
1627815325000,0.3206031153092468
1627815355000,0.31638759141630896
1627815385000,0.31659886335365856
1627815415000,0.3115535651644336
1627815445000,0.31599637090800475
1627815475000,0.3117738459096459
1627815505000,0.31790926605616604
1627815535000,0.31746368534063263
1627815565000,0.3235440438423645
1627815595000,0.31652928248447204
1627815625000,0.3130643445820433
1627815655000,0.31875846138259833
1627815685000,0.3130242132678133
1627815715000,0.3134127680837954
1627815745000,0.3171630089361702
1627815775000,0.3141433668319901
1627815805000,0.3116047786372008
1627815835000,0.3116342024271845
1627815865000,0.310653030946602
1627815895000,0.3172797918734491
1627815925000,0.32233494248768474
1627815955000,0.3113098579044118
1627815985000,0.3191845133292383
1627816015000,0.3163173081395349
1627816045000,0.3147633901510574
1627816075000,0.3206117680122324
1627816105000,0.3116624610159119
1627816135000,0.3199196265104809
1627816165000,0.3159301080273802
1627816195000,0.3162456852869353
1627816225000,0.3118500508978328
1627816255000,0.317826993006135
1627816285000,0.31283205069993913
1627816315000,0.3122701063112745
1627816345000,0.31441446709168186
1627816375000,0.3207039506832298
1627816405000,0.3104446685573366
1627816435000,0.3129295615384615
1627816465000,0.3123351591723286
1627816495000,0.3159898520220588
1627816525000,0.3189865184935701
1627816555000,0.3129183726102941
1627816585000,0.3199851863720073
1627816615000,0.3154250078335373
1627816645000,0.3159296048602673
1627816675000,0.3206402216656608
1627816705000,0.3144572772205438
1627816735000,0.31511990730509515
1627816765000,0.3140205230533415
1627816795000,0.3132547251713396
1627816825000,0.3123687565773447
1627816855000,0.314862463997555
1627816885000,0.3148149434202547
1627816915000,0.3204916838962605
1627816945000,0.317607598007472
1627816975000,0.3198856052566481
1627817005000,0.3114242747062461
1627817035000,0.3116466097859327
1627817065000,0.3205216778119238
1627817095000,0.31554996499694565
1627817125000,0.3171994953173136
1627817155000,0.3132791164333536
1627817185000,0.30906189969915765
1627817215000,0.3150110120195241
1627817245000,0.3184333581663631
1627817275000,0.31231659734239803
1627817305000,0.31619459075215783
1627817335000,0.3160452822372465
1627817365000,0.31019552337662337
1627817395000,0.3130996854679803
1627817425000,0.3137110044978435
1627817455000,0.3122091722119532
1627817485000,0.31218392609500306
1627817515000,0.3178132886604361
1627817545000,0.3167541207361963
1627817575000,0.31540770904615384
1627817605000,0.3109669387867647
1627817635000,0.3136872324324324
1627817665000,0.31411641877702284
1627817695000,0.3128782867073171
1627817725000,0.3204122386740331
1627817755000,0.320350286100861
1627817785000,0.3133563096892139
1627817815000,0.3155817339076923
1627817845000,0.313532546571958
1627817875000,0.3125994429008568
1627817905000,0.318155640668693
1627817935000,0.31511290000000003
1627817965000,0.3138439585932722
1627817995000,0.3180349868680641
1627818025000,0.31652326561743344
1627818055000,0.3187365407911001
1627818085000,0.32412740748630553
1627818115000,0.3142548556632344
1627818145000,0.32211690554550937
1627818175000,0.3128097387332521
1627818205000,0.31813856891064873
1627818235000,0.31654191850946856
1627818265000,0.31906778216283405
1627818295000,0.3113146623011016
1627818325000,0.3120234800979792
1627818355000,0.3140227040740741
1627818385000,0.3180064296457427
1627818415000,0.3175553689356436
1627818445000,0.313849607354759
1627818475000,0.3127230856968215
1627818505000,0.313196919927096
1627818535000,0.315133485064536
1627818565000,0.31347387745876604
1627818595000,0.3192353517769608
1627818625000,0.3114235944547135
1627818655000,0.3159637119877676
1627818685000,0.31497324759556106
1627818715000,0.31625071363636365
1627818745000,0.3112287470333745
1627818775000,0.31242010030413625
1627818805000,0.3149897678593461
1627818835000,0.3126789510104103
1627818865000,0.3126067465549348
1627818895000,0.3104603908364084
1627818925000,0.31601645294840297
1627818955000,0.31682258212974296
1627818985000,0.3118973465116279
1627819015000,0.31768566057810577
1627819045000,0.3160884757020757
1627819075000,0.3107346062804878
1627819105000,0.3161055972392638
1627819135000,0.3123954302791262
1627819165000,0.314071608996328
1627819195000,0.31113365175384616
1627819225000,0.3122092915036675
1627819255000,0.3142236460462287
1627819285000,0.3204111778857837
1627819315000,0.3124772262669963
1627819345000,0.3171824936964504
1627819375000,0.3107516137062077
1627819405000,0.3148039296656535
1627819435000,0.31976037998768475
1627819465000,0.318850498540146
1627819495000,0.3138506649693252
1627819525000,0.3200435012121212
1627819555000,0.31203441874615856
1627819585000,0.31373103733984137
1627819615000,0.3159153899451554
1627819645000,0.31483078055214725
1627819675000,0.3142033413151365
1627819705000,0.31738223965728274
1627819735000,0.31146130855063675
1627819765000,0.3106187358199753
1627819795000,0.3163356778051788
1627819825000,0.31374410386292834
1627819855000,0.3134882876459742
1627819885000,0.3140966197590361
1627819915000,0.3131987209807573
1627819945000,0.3176712074096755
1627819975000,0.3161569474296206
1627820005000,0.3226099280766852
1627820035000,0.3188081009852217
1627820065000,0.3148610675460123
1627820095000,0.3187532232360097
1627820125000,0.31785389913151363
1627820155000,0.32055689180124225
1627820185000,0.3184361774741955
1627820215000,0.3137482474195507
1627820245000,0.3128064583793739
1627820275000,0.31692160327160496
1627820305000,0.31310332205700125
1627820335000,0.3154185899020808
1627820365000,0.3116043818688119
1627820395000,0.31606276872727274
1627820425000,0.3163643353337416
1627820455000,0.31368729619631897
1627820485000,0.3175943512568976
1627820515000,0.3139154049782203
1627820545000,0.3143423072979493
1627820575000,0.31524457986658583
1627820605000,0.31616269034653466
1627820635000,0.3137762533126935
1627820665000,0.31327323417023883
1627820695000,0.31033241521212124
1627820725000,0.3162553218559219
1627820755000,0.3139407297648515
1627820785000,0.3171319315465188
1627820815000,0.32053954797794115
1627820845000,0.3107060783404515
1627820875000,0.31642088006097563
1627820905000,0.3174340545343137
1627820935000,0.3166435521924482
1627820965000,0.3185894098219767
1627820995000,0.3183344674006116
1627821025000,0.31313336523341523
1627821055000,0.32083024756691
1627821085000,0.3104715862257282
1627821115000,0.31100846648284314
1627821145000,0.31358462766871165
1627821175000,0.3182758992082826
1627821205000,0.3170593781873112
1627821235000,0.3205604304136253
1627821265000,0.3163998105781058
1627821295000,0.3135419543370508
1627821325000,0.3169152538461538
1627821355000,0.3122423372828784
1627821385000,0.3130309479368932
1627821415000,0.313135931466829
1627821445000,0.3101595345100426
1627821475000,0.3186279898034398
1627821505000,0.3162677052407069
1627821535000,0.3159316465328467
1627821565000,0.3170805275423729
1627821595000,0.31252961509433963
1627821625000,0.3166421801558753
1627821655000,0.3144141400245549
1627821685000,0.31159760175970874
1627821715000,0.31246963541409145
1627821745000,0.3136852123170732
1627821775000,0.3171679617810761
1627821805000,0.3133203509491733
1627821835000,0.31638291799877977
1627821865000,0.31636592024767796
1627821895000,0.3157998128712871
1627821925000,0.31267960706388204
1627821955000,0.3110105553693358
1627821985000,0.3120679213801602
1627822015000,0.3125964135869565
1627822045000,0.3131721176648518
1627822075000,0.3135168147699758
1627822105000,0.2535911691594561
1627822135000,0.32263109490171993
1627822165000,0.3136332039702233
1627822195000,0.3128049393183201
1627822225000,0.31496678583586624
1627822255000,0.3083896339242054
1627822285000,0.31762804498762376
1627822315000,0.3184896752487562
1627822345000,0.3177301987767584
1627822375000,0.3159115880122324
1627822405000,0.312272559497549
1627822435000,0.31190923776009793
1627822465000,0.3089142894202032
1627822495000,0.3120118265045593
1627822525000,0.316327873296837
1627822555000,0.3130897998798799
1627822585000,0.3154615254342432
1627822615000,0.31217660436654365
1627822645000,0.3107805167901235
1627822675000,0.3142254784217016
1627822705000,0.31272039896341464
1627822735000,0.31353023701657456
1627822765000,0.3109029154366544
1627822795000,0.3157797588599752
1627822825000,0.3202698945995145
1627822855000,0.3134643172435105
1627822885000,0.3103522303142329
1627822915000,0.3153433402811736
1627822945000,0.31787519945054943
1627822975000,0.31659189266055043
1627823005000,0.3159798108338405
1627823035000,0.3131515721643164
1627823065000,0.31451163778047303
1627823095000,0.3163848261080753
1627823125000,0.3133025150676507
1627823155000,0.313336205380334
1627823185000,0.3156295046942557
1627823215000,0.3240175088861838
1627823245000,0.3120765363359708
1627823275000,0.3163906497569866
1627823305000,0.31099032656534953
1627823335000,0.3226829728606357
1627823365000,0.3138887702853598
1627823395000,0.3177536131627057
1627823425000,0.3138153406926407
1627823455000,0.31686868343483554
1627823485000,0.31304137002457
1627823515000,0.31294986999383856
1627823545000,0.316684391025641
1627823575000,0.3160877166666667
1627823605000,0.32126486061728393
1627823635000,0.31299403272058823
1627823665000,0.31957451647131396
1627823695000,0.31803908266666664
1627823725000,0.31506005594874925
1627823755000,0.3107393429878049
1627823785000,0.31323126440572496
1627823815000,0.3132193098290598
1627823845000,0.3166325591687041
1627823875000,0.3181869622629969
1627823905000,0.3188500220245399
1627823935000,0.3134097432317073
1627823965000,0.31682560321981423
1627823995000,0.3178410442073171
1627824025000,0.31597067319148936
1627824055000,0.3095400393362016
1627824085000,0.31523246004828004
1627824115000,0.309632459566787
1627824145000,0.31732141529919805
1627824175000,0.3184049412446614
1627824205000,0.31892602339782344
1627824235000,0.31285519234478604
1627824265000,0.3114546069325153
1627824295000,0.3124257383545069
1627824325000,0.3117756958845209
1627824355000,0.3120807122132672
1627824385000,0.3086131173463177
1627824415000,0.3149432212383901
1627824445000,0.3227836549129353
1627824475000,0.31243807062043794
1627824505000,0.3133775647241165
1627824535000,0.31708261319358816
1627824565000,0.31499399451476795
1627824595000,0.3119702384756097
1627824625000,0.3143252670545009
1627824655000,0.3205355166157605
1627824685000,0.3130624341419042
1627824715000,0.31857541245487364
1627824745000,0.3199824850061958
1627824775000,0.3178976907464528
1627824805000,0.3153265740900679
1627824835000,0.31099239458966565
1627824865000,0.3170164000617284
1627824895000,0.3203405868852459
1627824925000,0.3107472813365442
1627824955000,0.31183886474239597
1627824985000,0.3127420516149068
1627825015000,0.3108157480981595
1627825045000,0.3165655531707317
1627825075000,0.3161886602230483
1627825105000,0.3222613080565805
1627825135000,0.31592397556923074
1627825165000,0.3150440053439804
1627825195000,0.3169688145499384
1627825225000,0.31348231479902555
1627825255000,0.31675691601466993
1627825285000,0.31347886637931033
1627825315000,0.3124813105359318
1627825345000,0.31103231927115504
1627825375000,0.3224318997506234
1627825405000,0.3169253165036675
1627825435000,0.3152331641763625
1627825465000,0.31727788789346245
1627825495000,0.3159819034358047
1627825525000,0.3127980880294659
1627825555000,0.3174409630608482
1627825585000,0.3191697675970874
1627825615000,0.3210994257731959
1627825645000,0.3130437611386139
1627825675000,0.3169844827205882
1627825705000,0.31728860982197665
1627825735000,0.3124503882424242
1627825765000,0.31836697112893275
1627825795000,0.31174889374613
1627825825000,0.3149863378395062
1627825855000,0.3113303929347826
1627825885000,0.31517093987841943
1627825915000,0.3104737901699029
1627825945000,0.32354886090409285
1627825975000,0.3200524349784084
1627826005000,0.3167009464987715
1627826035000,0.3139479824175824
1627826065000,0.31580565283251233
1627826095000,0.3218343219076923
1627826125000,0.3169430804534314
1627826155000,0.31632079932721713
1627826185000,0.3197647290161893
1627826215000,0.3122607822878229
1627826245000,0.3156135263743051
1627826275000,0.3123632848615385
1627826305000,0.3144801881408277
1627826335000,0.3149347045815516
1627826365000,0.31309711066422913
1627826395000,0.32036717236604456
1627826425000,0.31399652218114604
1627826455000,0.31991715982800983
1627826485000,0.31614272044609665
1627826515000,0.3147298360148515
1627826545000,0.3180468312731768
1627826575000,0.3165057501221001
1627826605000,0.3162115054037644
1627826635000,0.3143742005421687
1627826665000,0.31604091012891344
1627826695000,0.31013683728915664
1627826725000,0.3200336083687083
1627826755000,0.3221704326140567
1627826785000,0.31610576525735296
1627826815000,0.3172019033042394
1627826845000,0.3149839429969419
1627826875000,0.31603442311893204
1627826905000,0.312278043367656
1627826935000,0.3191026735511714
1627826965000,0.3142412080174021
1627826995000,0.31503351732522794
1627827025000,0.31257143007980354
1627827055000,0.31455579903498193
1627827085000,0.31777398482800984
1627827115000,0.3222332683855126
1627827145000,0.3183777447223917
1627827175000,0.31996135733578884
1627827205000,0.30714854713682943
1627827235000,0.3191508024554941
1627827265000,0.3185133087438424
1627827295000,0.31358936099815155
1627827325000,0.3179351228080932
1627827355000,0.31611126292892155
1627827385000,0.3115254961939841
1627827415000,0.3100958075972823
1627827445000,0.31848128850855745
1627827475000,0.3107265755487805
1627827505000,0.3188138591304348
1627827535000,0.31704826095471234
1627827565000,0.31585734981640146
1627827595000,0.3130623371479928
1627827625000,0.3135028608133087
1627827655000,0.3133873452933985
1627827685000,0.31323284465370593
1627827715000,0.32204984338010983
1627827745000,0.3118449787025704
1627827775000,0.3176353595978062
1627827805000,0.3134723625458996
1627827835000,0.3180711471744472
1627827865000,0.3236131987311178
1627827895000,0.3127188284229829
1627827925000,0.3145171359461115
1627827955000,0.3126648616718266
1627827985000,0.32698041470588235
1627828015000,0.3172575245841035
1627828045000,0.31925173902140674
1627828075000,0.316614777188656
1627828105000,0.312182216344994
1627828135000,0.3132885327028676
1627828165000,0.31774257653250776
1627828195000,0.3126542820109025
1627828225000,0.312624032199271
1627828255000,0.3148816819803198
1627828285000,0.3168697135613928
1627828315000,0.3177217747826087
1627828345000,0.3129819714373843
1627828375000,0.3110272403215832
1627828405000,0.3120551509456986
1627828435000,0.3139339726826274
1627828465000,0.3117981708230958
1627828495000,0.31658221496305416
1627828525000,0.3152544512089275
1627828555000,0.31066777398773004
1627828585000,0.3138794770278638
1627828615000,0.3118116656019656
1627828645000,0.3124781157601978
1627828675000,0.3160133930203829
1627828705000,0.31647746834047763
1627828735000,0.31191582036585364
1627828765000,0.3146931174019608
1627828795000,0.3118700011015912
1627828825000,0.3121571644688645
1627828855000,0.3123977431384615
1627828885000,0.3154226969192853
1627828915000,0.3126710916458853
1627828945000,0.32077818957694665
1627828975000,0.3119446402220851
1627829005000,0.3112296484774665
1627829035000,0.31467758952557
1627829065000,0.3183373872650091
1627829095000,0.31175811766522543
1627829125000,0.31558452148461075
1627829155000,0.3120535724433558
1627829185000,0.3147862252007412
1627829215000,0.3185807172794118
1627829245000,0.31114547115384616
1627829275000,0.3108832182327318
1627829305000,0.31521597988963823
1627829335000,0.3139783504493709
1627829365000,0.3194044286151961
1627829395000,0.3131394206875754
1627829425000,0.3104403887792848
1627829455000,0.31854329295861644
1627829485000,0.3122851627640314
1627829515000,0.31069964226299696
1627829545000,0.31783734046134665
1627829575000,0.31635893296969697
1627829605000,0.31108073329215563
1627829635000,0.3126929284929835
1627829665000,0.31672852648318045
1627829695000,0.3125522684146341
1627829725000,0.3160208988414634
1627829755000,0.3111371249391727
1627829785000,0.31502391368613136
1627829815000,0.3122605941358025
1627829845000,0.3105580406459476
1627829875000,0.3163428300847458
1627829905000,0.31063299777914866
1627829935000,0.3210915693498452
1627829965000,0.31563637850182696
1627829995000,0.3182318444715944
1627830025000,0.3154498589552239
1627830055000,0.31348918093457945
1627830085000,0.310899936485662
1627830115000,0.3190813137386018
1627830145000,0.31762942697731456
1627830175000,0.3167460295609153
1627830205000,0.3125041597651422
1627830235000,0.3180875967861557
1627830265000,0.31845624567975833
1627830295000,0.3121968055487053
1627830325000,0.3172082493466086
1627830355000,0.3173351520807833
1627830385000,0.3169780332322619
1627830415000,0.3119103868159204
1627830445000,0.3188720559002433
1627830475000,0.31451088001237626
1627830505000,0.318696428597786
1627830535000,0.3186059290482077
1627830565000,0.3134696685140073
1627830595000,0.3174038823310601
1627830625000,0.31856628118445396
1627830655000,0.31665147095384616
1627830685000,0.3209747940821256
1627830715000,0.3163656310087173
1627830745000,0.3115507868277946
1627830775000,0.3148666405204461
1627830805000,0.3140788129051988
1627830835000,0.31456084175352544
1627830865000,0.31188038764525994
1627830895000,0.3210199257529195
1627830925000,0.3119464191985646
1627830955000,0.3171641494430693
1627830985000,0.3173972296798029
1627831015000,0.3178255280905753
1627831045000,0.31381149597024177
1627831075000,0.31275616595223515
1627831105000,0.3197853926129426
1627831135000,0.3175322764814815
1627831165000,0.315327496132252
1627831195000,0.3189972189857761
1627831225000,0.31377920360696515
1627831255000,0.3129446726715686
1627831285000,0.3153223092457421
1627831315000,0.31689120968537937
1627831345000,0.3152471898523985
1627831375000,0.3152218795692308
1627831405000,0.3116898149848943
1627831435000,0.3176036684468999
1627831465000,0.3135532048573164
1627831495000,0.31512659396341464
1627831525000,0.3158694332311465
1627831555000,0.3205090598668281
1627831585000,0.3124856280562347
1627831615000,0.3194248400122549
1627831645000,0.3195557119558553
1627831675000,0.3163534854077253
1627831705000,0.318505749378882
1627831735000,0.3107380034146341
1627831765000,0.31420141393791845
1627831795000,0.3170634643031785
1627831825000,0.3225564403584673
1627831855000,0.31173082757352943
1627831885000,0.3181716563004345
1627831915000,0.3115858866342649
1627831945000,0.31916028449004225
1627831975000,0.31451913768472906
1627832005000,0.3132571547034152
1627832035000,0.3117621322303922
1627832065000,0.3189677929814037
1627832095000,0.31178773095823104
1627832125000,0.31640501870018395
1627832155000,0.31684613355302577
1627832185000,0.3151374747160789
1627832215000,0.3128560433394721
1627832245000,0.31769920995671
1627832275000,0.31105919236874235
1627832305000,0.3134591574404762
1627832335000,0.3130182223443224
1627832365000,0.3134278416099071
1627832395000,0.3167521535125229
1627832425000,0.3135667453153705
1627832455000,0.31803611042944785
1627832485000,0.3172120159803319
1627832515000,0.31281802660098523
1627832545000,0.3125691810344828
1627832575000,0.3140457850588965
1627832605000,0.3122904263641937
1627832635000,0.31592338983890955
1627832665000,0.31815439888268154
1627832695000,0.3118389582634731
1627832725000,0.32041072929104475
1627832755000,0.31554654009750155
1627832785000,0.3166278169869808
1627832815000,0.3103278998187311
1627832845000,0.3181086670776819
1627832875000,0.3193128523020258
1627832905000,0.3170129988161994
1627832935000,0.31436426964071856
1627832965000,0.3117891519879518
1627832995000,0.3198342625386997
1627833025000,0.3181920539393939
1627833055000,0.3111601163614164
1627833085000,0.32136153175675675
1627833115000,0.3153921463961236
1627833145000,0.3129126611248455
1627833175000,0.3188680591073583
1627833205000,0.31293165795314426
1627833235000,0.31187978965728275
1627833265000,0.3119099496014715
1627833295000,0.31826613655256725
1627833325000,0.3161522055451713
1627833355000,0.3135834561728395
1627833385000,0.3153529737523105
1627833415000,0.31459245586080586
1627833445000,0.314017743361754
1627833475000,0.3106163864749082
1627833505000,0.31594614565483475
1627833535000,0.31665217599510104
1627833565000,0.31256989602932195
1627833595000,0.3106928
1627833625000,0.31306306782178217
1627833655000,0.3112288160692213
1627833685000,0.31362444067901235
1627833715000,0.3134272153225807
1627833745000,0.3131603471848225
1627833775000,0.3187480168114144
1627833805000,0.3131246460772105
1627833835000,0.3198417788854489
1627833865000,0.3185363990135635
1627833895000,0.3176054440793553
1627833925000,0.3165455934161491
1627833955000,0.3168263827053737
1627833985000,0.3170231626609442
1627834015000,0.31166582363413137
1627834045000,0.31370680884848484
1627834075000,0.3103448207489257
1627834105000,0.3125022419653894
1627834135000,0.30883753216232585
1627834165000,0.31208482619788425
1627834195000,0.30639528468523003
1627834225000,0.3162012464088398
1627834255000,0.31080534516717323
1627834285000,0.3132839224264706
1627834315000,0.3165762855916616
1627834345000,0.3167711659300184
1627834375000,0.31361922741935483
1627834405000,0.31717416736453197
1627834435000,0.3173405819631902
1627834465000,0.3144412489425982
1627834495000,0.31566640402930396
1627834525000,0.3188405628220859
1627834555000,0.3118693222702036
1627834585000,0.3159779790825688
1627834615000,0.31683201395205896
1627834645000,0.3200818945632254
1627834675000,0.3181672403476102
1627834705000,0.318222720582878
1627834735000,0.3130763235294118
1627834765000,0.3176316597282273
1627834795000,0.31077666404425325
1627834825000,0.3118780358153846
1627834855000,0.3188889456615385
1627834885000,0.31356980024405123
1627834915000,0.3120143967781908
1627834945000,0.3136474128615385
1627834975000,0.3125972115571776
1627835005000,0.31652154656212306
1627835035000,0.31851889780085524
1627835065000,0.3105536715601966
1627835095000,0.3116827618476305
1627835125000,0.3154387590628853
1627835155000,0.3143363401201201
1627835185000,0.3159186538179597
1627835215000,0.3118369277470841
1627835245000,0.31488289049079754
1627835275000,0.3124771006727829
1627835305000,0.31578629672435105
1627835335000,0.3198540051439069
1627835365000,0.31941393732351137
1627835395000,0.3143203492149759
1627835425000,0.3189928719107896
1627835455000,0.3200327050061805
1627835485000,0.32088014285714284
1627835515000,0.3152902002473717
1627835545000,0.31794348311688314
1627835575000,0.3219101540942928
1627835605000,0.3162073560493827
1627835635000,0.3201738738997555
1627835665000,0.31211441120099565
1627835695000,0.31176064853658536
1627835725000,0.3100192465634675
1627835755000,0.3158152541641337
1627835785000,0.3155646480463981
1627835815000,0.3155413776219512
1627835845000,0.31853479920972644
1627835875000,0.31351495340346536
1627835905000,0.3215950550486618
1627835935000,0.3133635481028152
1627835965000,0.3144255134064595
1627835995000,0.3119526952176579
1627836025000,0.3174964069325153
1627836055000,0.3188958557680444
1627836085000,0.3134614677615572
1627836115000,0.3122795343421865
1627836145000,0.3124694933956386
1627836175000,0.3120237258620689
1627836205000,0.3130559170447578
1627836235000,0.31921170957055217
1627836265000,0.31673279721706865
1627836295000,0.3157713324523663
1627836325000,0.3207911807317073
1627836355000,0.3127996909257004
1627836385000,0.3221356611801242
1627836415000,0.31905071749539593
1627836445000,0.3137718513546798
1627836475000,0.3178621624305984
1627836505000,0.31123346143470265
1627836535000,0.31507072796817626
1627836565000,0.3175280184690158
1627836595000,0.31754531604938274
1627836625000,0.3156433041615667
1627836655000,0.3191210353846154
1627836685000,0.30979239604863223
1627836715000,0.3125868519877676
1627836745000,0.3180546782477341
1627836775000,0.3185156683046683
1627836805000,0.3169085487970389
1627836835000,0.3119929846957591
1627836865000,0.3129330022318661
1627836895000,0.3182233235221675
1627836925000,0.321641276993865
1627836955000,0.31137334887401097
1627836985000,0.3177864415048544
1627837015000,0.3196650391439206
1627837045000,0.3170805681564246
1627837075000,0.3227134465420561
1627837105000,0.3167491909825871
1627837135000,0.3135888339483395
1627837165000,0.3128861565479783
1627837195000,0.3165864516860822
1627837225000,0.3074559175045427
1627837255000,0.31223033696186964
1627837285000,0.3156774519680197
1627837315000,0.31916175484068626
1627837345000,0.31650030391304346
1627837375000,0.3121688212378641
1627837405000,0.3123715284301607
1627837435000,0.3114262682912154
1627837465000,0.3117142795856185
1627837495000,0.310781258649789
1627837525000,0.3206969344191764
1627837555000,0.31147489684601115
1627837585000,0.3187214739666872
1627837615000,0.3111200322954823
1627837645000,0.3127121730364873
1627837675000,0.3173963422262553
1627837705000,0.3144663713140037
1627837735000,0.31125194684848484
1627837765000,0.31261432288647345
1627837795000,0.3159830067837674
1627837825000,0.3162729245549417
1627837855000,0.3135659867947923
1627837885000,0.3146865359733978
1627837915000,0.3172580269066504
1627837945000,0.3115921930018416
1627837975000,0.31589790501237625
1627838005000,0.30996183840937114
1627838035000,0.3243382620838471
1627838065000,0.3118863570734669
1627838095000,0.31524136176291795
1627838125000,0.3126277853925746
1627838155000,0.31410437151626763
1627838185000,0.3167634187923598
1627838215000,0.3159288241442543
1627838245000,0.312195618398533
1627838275000,0.3137141454322502
1627838305000,0.3153290112718505
1627838335000,0.3159771577363034
1627838365000,0.3172362373700306
1627838395000,0.31326665477784543
1627838425000,0.31328845681536555
1627838455000,0.3127519146933819
1627838485000,0.3177075674177832
1627838515000,0.31331553418960245
1627838545000,0.31176035606337604
1627838575000,0.3121849106633602
1627838605000,0.31482243892288864
1627838635000,0.3121036698596705
1627838665000,0.3118997656707317
1627838695000,0.3154633094710947
1627838725000,0.3104699495473748
1627838755000,0.31592282134556576
1627838785000,0.3174432699082569
1627838815000,0.3191714092751843
1627838845000,0.3122723086930091
1627838875000,0.3148036822141561
1627838905000,0.3115449817391304
1627838935000,0.3131854982630273
1627838965000,0.3118566077770974
1627838995000,0.3150875149474985
1627839025000,0.3131762903460838
1627839055000,0.31205682949194546
1627839085000,0.3178999902601331
1627839115000,0.31530946561168594
1627839145000,0.31081755104551045
1627839175000,0.31173939044740023
1627839205000,0.312082396875
1627839235000,0.31165807541692403
1627839265000,0.31343569187692305
1627839295000,0.31503696511627904
1627839325000,0.3138741910429448
1627839355000,0.3144410001221747
1627839385000,0.31680509086389064
1627839415000,0.32559234678899085
1627839445000,0.3138644254601227
1627839475000,0.3250257720074813
1627839505000,0.3113628760948905
1627839535000,0.3128019248301421
1627839565000,0.3131963172563625
1627839595000,0.31197223158536586
1627839625000,0.31259643306845963
1627839655000,0.317107404601227
1627839685000,0.3123043000610501
1627839715000,0.3136942619865113
1627839745000,0.3208348060145808
1627839775000,0.3113943892393321
1627839805000,0.3090703638014528
1627839835000,0.3109120806273063
1627839865000,0.3131074985958486
1627839895000,0.3163987540037244
1627839925000,0.31212592901866343
1627839955000,0.31370718337468984
1627839985000,0.31416581948842875
1627840015000,0.3123194454601606
1627840045000,0.3129771062043796
1627840075000,0.3131024425350396
1627840105000,0.3211140782447466
1627840135000,0.31108944485294115
1627840165000,0.3109995470516717
1627840195000,0.3123597137764351
1627840225000,0.31833320589318603
1627840255000,0.3133038982241273
1627840285000,0.3169714989538461
1627840315000,0.310579467747858
1627840345000,0.31501326615289765
1627840375000,0.3120326309246785
1627840405000,0.31864702140672785
1627840435000,0.31889504398289553
1627840465000,0.3162187600982197
1627840495000,0.3146284283343577
1627840525000,0.3150428919504644
1627840555000,0.3099940282438141
1627840585000,0.3170729227526348
1627840615000,0.3123824739817629
1627840645000,0.31158585211180123
1627840675000,0.3144556602453988
1627840705000,0.3112490178787879
1627840735000,0.3161082978855721
1627840765000,0.3116824093577982
1627840795000,0.3150043839782346
1627840825000,0.3143371800373134
1627840855000,0.3085707025981873
1627840885000,0.31422911
1627840915000,0.3152129845310597
1627840945000,0.3185386123540258
1627840975000,0.3165402371428571
1627841005000,0.3164148016625616
1627841035000,0.3151065137037037
1627841065000,0.3148399529126213
1627841095000,0.3108651189189189
1627841125000,0.3200425004895961
1627841155000,0.3132211575757576
1627841185000,0.31501275963855424
1627841215000,0.31314697937462416
1627841245000,0.32083534449938195
1627841275000,0.312939652833638
1627841305000,0.31680841293532336
1627841335000,0.3127769709359606
1627841365000,0.30992116941601444
1627841395000,0.3194825746958638
1627841425000,0.3110391600370599
1627841455000,0.3172722647203442
1627841485000,0.31179267554216866
1627841515000,0.31651590233990146
1627841545000,0.31789638589822194
1627841575000,0.3169381455494168
1627841605000,0.3134876949724096
1627841635000,0.31640602391304345
1627841665000,0.31322470184615386
1627841695000,0.3096493096696697
1627841725000,0.3135338431527693
1627841755000,0.3165531663990117
1627841785000,0.3118522047239264
1627841815000,0.3118581019041769
1627841845000,0.3133624031843233
1627841875000,0.31273128909541514
1627841905000,0.3118940207501512
1627841935000,0.32285327872078723
1627841965000,0.3128655918257757
1627841995000,0.3125452860161591
1627842025000,0.3131464385793019
1627842055000,0.3156315625935162
1627842085000,0.3138932473587224
1627842115000,0.3150427373639661
1627842145000,0.3123454052535125
1627842175000,0.31988609079754604
1627842205000,0.3226674862971985
1627842235000,0.3163684541847489
1627842265000,0.3144842356435644
1627842295000,0.31286932837432513
1627842325000,0.31486324225181606
1627842355000,0.31254747052959503
1627842385000,0.31845522660098524
1627842415000,0.31683456658595643
1627842445000,0.3132052491153142
1627842475000,0.3147748368131868
1627842505000,0.3161585643776824
1627842535000,0.3122653571254568
1627842565000,0.3185516856102004
1627842595000,0.3173336460923077
1627842625000,0.3156932660074165
1627842655000,0.310760680086048
1627842685000,0.3125992876231527
1627842715000,0.3148103352798053
1627842745000,0.31880519130702833
1627842775000,0.32051473934226554
1627842805000,0.3124216283692308
1627842835000,0.32086579396709325
1627842865000,0.32106344701219514
1627842895000,0.3159928920810313
1627842925000,0.3207170764705882
1627842955000,0.3111932133819951
1627842985000,0.31892498480096504
1627843015000,0.31423616498771506
1627843045000,0.31447187304347823
1627843075000,0.3160540983009709
1627843105000,0.3149154741836106
1627843135000,0.31096994778597786
1627843165000,0.3222164154754506
1627843195000,0.3134974307169345
1627843225000,0.3215289196701283
1627843255000,0.3178197660933661
1627843285000,0.31668581877702284
1627843315000,0.31229045226715685
1627843345000,0.3198703397302268
1627843375000,0.31150293172959803
1627843405000,0.3119958917481663
1627843435000,0.3091199833836858
1627843465000,0.3174670759627329
1627843495000,0.3155769604579208
1627843525000,0.31910846321909425
1627843555000,0.31299586581352834
1627843585000,0.3129364165137615
1627843615000,0.3107906565033273
1627843645000,0.31576235331288344
1627843675000,0.3160952646880678
1627843705000,0.31543219759036145
1627843735000,0.31454466491442545
1627843765000,0.3203781806411837
1627843795000,0.3168884625463535
1627843825000,0.3204843987116565
1627843855000,0.31148130776283617
1627843885000,0.3169148254769231
1627843915000,0.31698457956656345
1627843945000,0.3106919917525773
1627843975000,0.31269573004318324
1627844005000,0.31418458847102343
1627844035000,0.3107943953743153
1627844065000,0.3168328973121564
1627844095000,0.31561016964504285
1627844125000,0.3114767365127582
1627844155000,0.3201038730721393
1627844185000,0.3117299522194821
1627844215000,0.3145809010982306
1627844245000,0.3145710250609756
1627844275000,0.3141463192048929
1627844305000,0.31075602044198897
1627844335000,0.31274543851897946
1627844365000,0.3168775704390847
1627844395000,0.3123369621419676
1627844425000,0.31741541464307504
1627844455000,0.3101961628942486
1627844485000,0.3116008541436464
1627844515000,0.31292324164603963
1627844545000,0.3182104298949969
1627844575000,0.3178995639584606
1627844605000,0.3179066960493827
1627844635000,0.31532620730371275
1627844665000,0.3141762119852489
1627844695000,0.3115991833636916
1627844725000,0.31266887374540997
1627844755000,0.31573605733414484
1627844785000,0.31287971920529806
1627844815000,0.31755659226044225
1627844845000,0.3089659479975354
1627844875000,0.32254642976117576
1627844905000,0.3177983588162762
1627844935000,0.3185565257246377
1627844965000,0.3166034542961609
1627844995000,0.31467866974892833
1627845025000,0.3234860399625935
1627845055000,0.3227327085714285
1627845085000,0.32273941030927833
1627845115000,0.37237020462740383
1627845145000,0.37290342975106255
1627845175000,0.37477660399999996
1627845205000,0.37339706198651135
1627845235000,0.3730855799267847
1627845265000,0.3211177673230769
1627845295000,0.31331384211502783
1627845325000,0.31457421464307506
1627845355000,0.31831517332506204
1627845385000,0.31247377847946045
1627845415000,0.31643158923076925
1627845445000,0.3140342456269113
1627845475000,0.32380541456790124
1627845505000,0.3123259123568415
1627845535000,0.3160091943223443
1627845565000,0.3115579334993773
1627845595000,0.3171458511627907
1627845625000,0.3125207565538461
1627845655000,0.3137407119852489
1627845685000,0.3124082321384425
1627845715000,0.31222972077205885
1627845745000,0.3149805230255164
1627845775000,0.3133100152998776
1627845805000,0.3122238724477245
1627845835000,0.3123861429440389
1627845865000,0.31823759203647417
1627845895000,0.3170444603785104
1627845925000,0.31855594574209245
1627845955000,0.3149997485783424
1627845985000,0.3139948866585809
1627846015000,0.3162612333538841
1627846045000,0.31236143329245863
1627846075000,0.3145343930821495
1627846105000,0.32029991509779954
1627846135000,0.315706926691496
1627846165000,0.310963336900369
1627846195000,0.3181919075887393
1627846225000,0.31232364183168315
1627846255000,0.31125340262035345
1627846285000,0.3110395995710784
1627846315000,0.3159021103257529
1627846345000,0.3215574225137279
1627846375000,0.3115905349009901
1627846405000,0.3182676560559951
1627846435000,0.3172032399393939
1627846465000,0.31542606617647057
1627846495000,0.3109048496296296
1627846525000,0.31218812712177124
1627846555000,0.31290459398034404
1627846585000,0.31228569054972205
1627846615000,0.3118932105263158
1627846645000,0.31743625391198044
1627846675000,0.3158429934146341
1627846705000,0.31509147618461536
1627846735000,0.31447894054711245
1627846765000,0.3149891058566978
1627846795000,0.31397541736972706
1627846825000,0.3145600763570567
1627846855000,0.31735463526894864
1627846885000,0.3135410576312576
1627846915000,0.31256980355828223
1627846945000,0.3161384469015796
1627846975000,0.3187735421341463
1627847005000,0.31536547146401983
1627847035000,0.3124151797146402
1627847065000,0.31230746531862746
1627847095000,0.3115288375847197
1627847125000,0.3128028543707377
1627847155000,0.31374824353658537
1627847185000,0.3159015781326781
1627847215000,0.3146054485330073
1627847245000,0.3127384469188529
1627847275000,0.31223075703883496
1627847305000,0.31723454861708666
1627847335000,0.31705633201219513
1627847365000,0.3132691732394366
1627847395000,0.3130575745510836
1627847425000,0.3135017828906733
1627847455000,0.3151120323618701
1627847485000,0.31336161051987765
1627847515000,0.31731380959319977
1627847545000,0.31732777429088715
1627847575000,0.3133012999388753
1627847605000,0.3160249485160509
1627847635000,0.31761860363748456
1627847665000,0.31244848557575755
1627847695000,0.3144474429963459
1627847725000,0.31821096288659795
1627847755000,0.3127076704837722
1627847785000,0.3130002245376079
1627847815000,0.31107233953057445
1627847845000,0.31905219309290955
1627847875000,0.31122517686153844
1627847905000,0.316243738372799
1627847935000,0.30892192463768114
1627847965000,0.3119483071647275
1627847995000,0.31148247577601945
1627848025000,0.3144271930929096
1627848055000,0.3127626618757613
1627848085000,0.3120363168525403
1627848115000,0.3113521426443203
1627848145000,0.31544638293284044
1627848175000,0.3198640106422018
1627848205000,0.3164444142337977
1627848235000,0.31879084580060424
1627848265000,0.3199590325367647
1627848295000,0.31588795506715506
1627848325000,0.31198292362399505
1627848355000,0.3130239098795181
1627848385000,0.3119920205285802
1627848415000,0.3151878657125078
1627848445000,0.3118914708078335
1627848475000,0.3134870484068628
1627848505000,0.31077410911300124
1627848535000,0.3171166328606658
1627848565000,0.3124723883906634
1627848595000,0.31655153893643034
1627848625000,0.3167891156191662
1627848655000,0.31290683554070475
1627848685000,0.311214435995086
1627848715000,0.3164277233599019
1627848745000,0.3212218474802672
1627848775000,0.31732284984746795
1627848805000,0.31313706514497225
1627848835000,0.3162936049846154
1627848865000,0.31291906331689273
1627848895000,0.3205789492345377
1627848925000,0.3172335279780086
1627848955000,0.31480070658794285
1627848985000,0.3148074936117936
1627849015000,0.32113263867403313
1627849045000,0.31750919875853506
1627849075000,0.3102056805638872
1627849105000,0.3216231799140049
1627849135000,0.3125058238670695
1627849165000,0.31122207558139536
1627849195000,0.31211980564071123
1627849225000,0.3151448361195851
1627849255000,0.3169139038905775
1627849285000,0.3156193124078624
1627849315000,0.3112186336996337
1627849345000,0.3163287203306797
1627849375000,0.3154470076828519
1627849405000,0.32073678084848484
1627849435000,0.31680044726826273
1627849465000,0.31169163220543805
1627849495000,0.31324932030120484
1627849525000,0.3156579615147783
1627849555000,0.3131601536044362
1627849585000,0.31170784926017264
1627849615000,0.3148532588998764
1627849645000,0.31535693308641977
1627849675000,0.3155227942592593
1627849705000,0.3094523225258045
1627849735000,0.311161282382134
1627849765000,0.3088222641818182
1627849795000,0.31247123970406904
1627849825000,0.3122733213639107
1627849855000,0.31805270260545904
1627849885000,0.31216657337423315
1627849915000,0.3176063049230769
1627849945000,0.31360905357798163
1627849975000,0.31128642736077483
1627850005000,0.31027269326864765
1627850035000,0.2759167421798029
1627850065000,0.31932071256157635
1627850095000,0.3201716135315534
1627850125000,0.3126622812765957
1627850155000,0.32135458816604706
1627850185000,0.3189837881740196
1627850215000,0.315397461679951
1627850245000,0.3127562301519757
1627850275000,0.3118888594292804
1627850305000,0.3168022814565484
1627850335000,0.3162313060923077
1627850365000,0.3111647148962149
1627850395000,0.3127912450184502
1627850425000,0.3135963799876467
1627850455000,0.3162912007854985
1627850485000,0.3171215049413218
1627850515000,0.3193115835039133
1627850545000,0.3122819826593137
1627850575000,0.31785125580823603
1627850605000,0.3158040042131351
1627850635000,0.31351313345610804
1627850665000,0.3156961105960265
1627850695000,0.3167348211736237
1627850725000,0.31417492274124154
1627850755000,0.31200890886998783
1627850785000,0.2804169801857585
1627850815000,0.3187185829957029
1627850845000,0.3139981391702257
1627850875000,0.3186325759516616
1627850905000,0.3156632806411837
1627850935000,0.3174990501226994
1627850965000,0.3102607498143564
1627850995000,0.31249612084095063
1627851025000,0.3141377060681115
1627851055000,0.3145792693349754
1627851085000,0.3148462322444041
1627851115000,0.3171805235906863
1627851145000,0.3146443441446965
1627851175000,0.3182033228762136
1627851205000,0.3123522122510561
1627851235000,0.31320306038557216
1627851265000,0.3186201535539216
1627851295000,0.31214889821757835
1627851325000,0.2482551026283619
1627851355000,0.3167322413814181
1627851385000,0.3114814916666667
1627851415000,0.3130066794808405
1627851445000,0.31149661899340925
1627851475000,0.31734152814224403
1627851505000,0.3140440385600976
1627851535000,0.31503803517495393
1627851565000,0.3162863827884022
1627851595000,0.317261512968654
1627851625000,0.3169924372933252
1627851655000,0.3111102841260037
1627851685000,0.3182139265508685
1627851715000,0.3156432100433974
1627851745000,0.31660479304029304
1627851775000,0.3124213112727273
1627851805000,0.3176682302993281
1627851835000,0.3103788299570289
1627851865000,0.31886119870848706
1627851895000,0.3111146148988351
1627851925000,0.3205507169708029
1627851955000,0.31354262515151515
1627851985000,0.32509710859756097
1627852015000,0.3119805984019668
1627852045000,0.3194685216830467
1627852075000,0.3162200831223629
1627852105000,0.31497110909653464
1627852135000,0.31531695821342925
1627852165000,0.3161109661090458
1627852195000,0.321377709733416
1627852225000,0.3136048282890673
1627852255000,0.3210257567467653
1627852285000,0.3139838926753569
1627852315000,0.311009929244114
1627852345000,0.3087126123434705
1627852375000,0.3112885654689403
1627852405000,0.3111226189602446
1627852435000,0.31547079141813755
1627852465000,0.32448863083028084
1627852495000,0.31576605147420145
1627852525000,0.3064264406921241
1627852555000,0.3133017168114144
1627852585000,0.31793577484737484
1627852615000,0.31330941855670097
1627852645000,0.3122573537071651
1627852675000,0.3177481108947048
1627852705000,0.30951448725609754
1627852735000,0.32104306507059543
1627852765000,0.3143769127956337
1627852795000,0.3123414412883436
1627852825000,0.31654083015970513
1627852855000,0.3108125452541335
1627852885000,0.3165810862745098
1627852915000,0.3134228838988279
1627852945000,0.3129055174289246
1627852975000,0.3162189353479853
1627853005000,0.3099703776236429
1627853035000,0.311715248736907
1627853065000,0.3130374093023256
1627853095000,0.3157310643649815
1627853125000,0.31677954304029304
1627853155000,0.31697470362407865
1627853185000,0.3118513767272727
1627853215000,0.3161615934863524
1627853245000,0.3111100137739345
1627853275000,0.31407093430340555
1627853305000,0.3190905049597024
1627853335000,0.3137816209063444
1627853365000,0.3116491457492355
1627853395000,0.3118971220443349
1627853425000,0.3192962838490099
1627853455000,0.3162540221671827
1627853485000,0.3161687310054184
1627853515000,0.31609743149847097
1627853545000,0.31551650506485485
1627853575000,0.3163757495668317
1627853605000,0.31092146174661744
1627853635000,0.31685008038366336
1627853665000,0.3147910318265119
1627853695000,0.3143175855222969
1627853725000,0.3134223901840491
1627853755000,0.3086863505733253
1627853785000,0.31201381322718924
1627853815000,0.3114955241866176
1627853845000,0.31381486519637464
1627853875000,0.3156714173726212
1627853905000,0.3141445750612745
1627853935000,0.31659941315136475
1627853965000,0.31219513175182484
1627853995000,0.3114581444309191
1627854025000,0.3147597137077295
1627854055000,0.31877283064615386
1627854085000,0.3167978661547912
1627854115000,0.3202653139216905
1627854145000,0.3128967790998767
1627854175000,0.3190370962056304
1627854205000,0.3115487115712546
1627854235000,0.31799232992656057
1627854265000,0.31607005902948404
1627854295000,0.3134389145071296
1627854325000,0.3168036897389193
1627854355000,0.31282303739342265
1627854385000,0.3139213623011016
1627854415000,0.3166996905172414
1627854445000,0.31649891774390243
1627854475000,0.31343787732843137
1627854505000,0.3188527761230769
1627854535000,0.3132199123030303
1627854565000,0.32132359993943066
1627854595000,0.3126579156424581
1627854625000,0.31388077891156463
1627854655000,0.3110088817629179
1627854685000,0.3168001348651961
1627854715000,0.3188104355839416
1627854745000,0.31741026938902744
1627854775000,0.3232075003063726
1627854805000,0.3128440144954128
1627854835000,0.31073481445121953
1627854865000,0.3176787503359805
1627854895000,0.31656251663551405
1627854925000,0.3130574953416149
1627854955000,0.3119417022167488
1627854985000,0.3194652061360875
1627855015000,0.31333671435523114
1627855045000,0.3110179036764706
1627855075000,0.3214115842267406
1627855105000,0.3137587123396457
1627855135000,0.3118769604026846
1627855165000,0.31437154210850804
1627855195000,0.3151704303142329
1627855225000,0.31755558904528763
1627855255000,0.3143825373486683
1627855285000,0.32159138
1627855315000,0.3140769803970223
1627855345000,0.3119399314883149
1627855375000,0.31514197418960244
1627855405000,0.3122154259975816
1627855435000,0.3147363812844037
1627855465000,0.31333489710055523
1627855495000,0.3123886520148791
1627855525000,0.32448488126535624
1627855555000,0.3121028715668481
1627855585000,0.3205200442542787
1627855615000,0.3154940504920049
1627855645000,0.3166477183323115
1627855675000,0.3149338272289157
1627855705000,0.3159528480168269
1627855735000,0.31360986837871285
1627855765000,0.3139114935425468
1627855795000,0.317183088490099
1627855825000,0.3177805364749082
1627855855000,0.3148505446834665
1627855885000,0.3184466408312959
1627855915000,0.3139286990220049
1627855945000,0.3201142913122721
1627855975000,0.31216674120541205
1627856005000,0.31081714954792045
1627856035000,0.3113375539855072
1627856065000,0.3151792154834761
1627856095000,0.31196230067609104
1627856125000,0.31696959026331906
1627856155000,0.3155693317901235
1627856185000,0.3173990448019802
1627856215000,0.31159267172029703
1627856245000,0.31960097163995066
1627856275000,0.3133646895975232
1627856305000,0.31250609103030297
1627856335000,0.3169244836996337
1627856365000,0.31705795555555555
1627856395000,0.31622050281345565
1627856425000,0.3135106551681957
1627856455000,0.32103090343980345
1627856485000,0.3139514078134464
1627856515000,0.3169484548923077
1627856545000,0.31140825729360644
1627856575000,0.3139177594874924
1627856605000,0.3205315124542125
1627856635000,0.31677684761018
1627856665000,0.31705678803471793
1627856695000,0.3161764297677261
1627856725000,0.3210620832926829
1627856755000,0.31335821140024783
1627856785000,0.31441346930091185
1627856815000,0.3159627849103277
1627856845000,0.3193186047885572
1627856875000,0.3176831046256847
1627856905000,0.3131707869216533
1627856935000,0.31197177158603795
1627856965000,0.31309939920683344
1627856995000,0.3109208971934106
1627857025000,0.3173769369380316
1627857055000,0.3120355483014206
1627857085000,0.3178367802347128
1627857115000,0.3186490767326733
1627857145000,0.31220872042553194
1627857175000,0.3141473210240964
1627857205000,0.31055239933373713
1627857235000,0.31635972554744524
1627857265000,0.31096427232472323
1627857295000,0.3146478907284768
1627857325000,0.3132902695913461
1627857355000,0.3183775003708282
1627857385000,0.3164732328322309
1627857415000,0.31478911553637484
1627857445000,0.3145053417582417
1627857475000,0.31603432045454544
1627857505000,0.3122210113861386
1627857535000,0.3109689081472541
1627857565000,0.3114584528756957
1627857595000,0.31142168525872443
1627857625000,0.3110437276791182
1627857655000,0.3109722197416974
1627857685000,0.32225754046032706
1627857715000,0.31546233464615386
1627857745000,0.3128684207434053
1627857775000,0.31174477120838473
1627857805000,0.31436136024390243
1627857835000,0.3105382098192771
1627857865000,0.3180453201857585
1627857895000,0.31076230116779346
1627857925000,0.3156979395858709
1627857955000,0.3126049732464308
1627857985000,0.3237654482800983
1627858015000,0.3154748024721879
1627858045000,0.31797912357624003
1627858075000,0.3127242598791541
1627858105000,0.31230747273280585
1627858135000,0.31670355692116703
1627858165000,0.31649423005600497
1627858195000,0.3157107466625842
1627858225000,0.31205211014580797
1627858255000,0.3133069728004957
1627858285000,0.3152450447480267
1627858315000,0.3195084907749077
1627858345000,0.3230707770491803
1627858375000,0.30997411299816063
1627858405000,0.3195643320743034
1627858435000,0.3107799298017348
1627858465000,0.3126977262669963
1627858495000,0.3130810907532149
1627858525000,0.3135835980416157
1627858555000,0.3133213208205756
1627858585000,0.3192297314232902
1627858615000,0.31436718026474125
1627858645000,0.3121279312345679
1627858675000,0.3116612176327029
1627858705000,0.31443260146878826
1627858735000,0.3175276875539125
1627858765000,0.3176646689655173
1627858795000,0.3104225249390244
1627858825000,0.3124367580845771
1627858855000,0.3150385876063184
1627858885000,0.31435118782714544
1627858915000,0.3132024655193608
1627858945000,0.3150717267356882
1627858975000,0.3115584309046752
1627859005000,0.315272602039555
1627859035000,0.32028089605181986
1627859065000,0.3215950430317848
1627859095000,0.3092587422912858
1627859125000,0.31235964905198776
1627859155000,0.3141707100746269
1627859185000,0.3145723231481481
1627859215000,0.3138346634638923
1627859245000,0.3182582318938927
1627859275000,0.3219263269704434
1627859305000,0.3158680244910549
1627859335000,0.2493898107926829
1627859365000,0.2481371563423645
1627859395000,0.31680615251533745
1627859425000,0.31768833854231004
1627859455000,0.3131208129789864
1627859485000,0.3131846134556575
1627859515000,0.3109857896656535
1627859545000,0.3122250482066869
1627859575000,0.31048474180377816
1627859605000,0.3152058272560976
1627859635000,0.31102808925061426
1627859665000,0.3124121258766626
1627859695000,0.3116390906559406
1627859725000,0.31126646793478263
1627859755000,0.31054408494558644
1627859785000,0.31403271105651104
1627859815000,0.3117744797297297
1627859845000,0.3103828988336403
1627859875000,0.31103433027522936
1627859905000,0.3117030882998172
1627859935000,0.3169833106069896
1627859965000,0.2521404262644729
1627859995000,0.3096772874010956
1627860025000,0.3104146318742293
1627860055000,0.2526182081212121
1627860085000,0.3191831995657568
1627860115000,0.3201366287306501
1627860145000,0.3108550409448819
1627860175000,0.31073042165759224
1627860205000,0.32038094055690075
1627860235000,0.31426205732522794
1627860265000,0.3162927877899878
1627860295000,0.31287148360148515
1627860325000,0.31817016049079755
1627860355000,0.3150092759950249
1627860385000,0.3115224837920489
1627860415000,0.3132018737066342
1627860445000,0.3163142553062462
1627860475000,0.3169979160912454
1627860505000,0.3158514395833333
1627860535000,0.3098988581896552
1627860565000,0.31737725858895705
1627860595000,0.3115384753542822
1627860625000,0.3124565674087817
1627860655000,0.31648704770079705
1627860685000,0.31353901171827564
1627860715000,0.31399456766138856
1627860745000,0.3129476818627451
1627860775000,0.3089942190505173
1627860805000,0.3127263380481779
1627860835000,0.3191345641509434
1627860865000,0.3113702967133293
1627860895000,0.3121823200980392
1627860925000,0.3131559434089516
1627860955000,0.31314513114653586
1627860985000,0.31274638835784313
1627861015000,0.31198672052858023
1627861045000,0.3146938839657283
1627861075000,0.3146049640663391
1627861105000,0.31649608053365674
1627861135000,0.3159374824497258
1627861165000,0.31771463792690235
1627861195000,0.3182019696876914
1627861225000,0.3194797366049383
1627861255000,0.3123080389788294
1627861285000,0.3148316313414634
1627861315000,0.31273446085343226
1627861345000,0.3129798107843137
1627861375000,0.3166944643161094
1627861405000,0.3169118826034063
1627861435000,0.3165091758812616
1627861465000,0.3107088818902439
1627861495000,0.3150905052243393
1627861525000,0.315885174877451
1627861555000,0.3170990817301875
1627861585000,0.31211991894543223
1627861615000,0.3166339209057072
1627861645000,0.31575230647525965
1627861675000,0.3166340303527981
1627861705000,0.3173530006646525
1627861735000,0.31745216917019986
1627861765000,0.3131168418204182
1627861795000,0.3146085177051203
1627861825000,0.3162905660158633
1627861855000,0.31070895722188074
1627861885000,0.3138730738414634
1627861915000,0.311710996007371
1627861945000,0.3213329957249071
1627861975000,0.315824575169858
1627862005000,0.3120166285801341
1627862035000,0.3113358849449204
1627862065000,0.3163368698898409
1627862095000,0.3162664956602604
1627862125000,0.31729242925045703
1627862155000,0.31803023796240143
1627862185000,0.3152929678832117
1627862215000,0.3132755696517413
1627862245000,0.3159580315184513
1627862275000,0.3142773055896806
1627862305000,0.31391741541795665
1627862335000,0.3123338106069896
1627862365000,0.3129169398890259
1627862395000,0.311835446625387
1627862425000,0.3111158037851038
1627862455000,0.31315255928439234
1627862485000,0.3182667997547517
1627862515000,0.3159454285015291
1627862545000,0.32153369283088234
1627862575000,0.31551851842751844
1627862605000,0.3113094003078818
1627862635000,0.3165083652743142
1627862665000,0.31306040801479657
1627862695000,0.31106836703296703
1627862725000,0.3108259406790124
1627862755000,0.3131898102405922
1627862785000,0.3174729732885085
1627862815000,0.31478398865161683
1627862845000,0.3236238580110497
1627862875000,0.312085406601467
1627862905000,0.3192179075895568
1627862935000,0.3127520097350585
1627862965000,0.31392013265306123
1627862995000,0.31370742265768525
1627863025000,0.3097603851089588
1627863055000,0.32300479237861096
1627863085000,0.31199045556238475
1627863115000,0.3160741221677893
1627863145000,0.3134632895027624
1627863175000,0.31667252830882353
1627863205000,0.3161985239117106
1627863235000,0.3135651314039409
1627863265000,0.31272380918114145
1627863295000,0.3151755342216838
1627863325000,0.3156957912377451
1627863355000,0.3196799668918919
1627863385000,0.3147494195197044
1627863415000,0.3137197224691358
1627863445000,0.31522964491315136
1627863475000,0.3105858952527744
1627863505000,0.3166231955900621
1627863535000,0.3176926308019441
1627863565000,0.3135840157862026
1627863595000,0.31839126167076165
1627863625000,0.31569393540640395
1627863655000,0.31772599025578563
1627863685000,0.3115687107208873
1627863715000,0.3167062584318606
1627863745000,0.32178910973072217
1627863775000,0.31286931019417474
1627863805000,0.3171669469945355
1627863835000,0.3110494554013277
1627863865000,0.320116273605948
1627863895000,0.3105739151626765
1627863925000,0.3111085709538461
1627863955000,0.3136048158023185
1627863985000,0.3143520551786796
1627864015000,0.3113973418704156
1627864045000,0.31337827496998805
1627864075000,0.31396673701657457
1627864105000,0.3092697855733662
1627864135000,0.31435505003092146
1627864165000,0.3165970199390244
1627864195000,0.31044647569528416
1627864225000,0.31738019357798164
1627864255000,0.3212099169305725
1627864285000,0.3125440795638629
1627864315000,0.31983432694684794
1627864345000,0.3112221666872682
1627864375000,0.3166629413258984
1627864405000,0.31692744654011024
1627864435000,0.3157183357362908
1627864465000,0.3141991282160194
1627864495000,0.31365174011022656
1627864525000,0.3131357908200734
1627864555000,0.3144532276894865
1627864585000,0.3159645411435674
1627864615000,0.3154696469835466
1627864645000,0.31129662756489496
1627864675000,0.31731787689932056
1627864705000,0.31790736283987914
1627864735000,0.3107451690830235
1627864765000,0.3178712819291819
1627864795000,0.3133729990848078
1627864825000,0.31241386184371184
1627864855000,0.3167524991520291
1627864885000,0.31351682806060605
1627864915000,0.31162789243441125
1627864945000,0.3223565998783455
1627864975000,0.3176380405910736
1627865005000,0.3130637769371568
1627865035000,0.3161418787692308
1627865065000,0.3115911957642726
1627865095000,0.3121045111647556
1627865125000,0.3178749673112913
1627865155000,0.3165787758917589
1627865185000,0.3171370255900621
1627865215000,0.32072203034398034
1627865245000,0.31246112951515154
1627865275000,0.31921137149672035
1627865305000,0.3156181812195122
1627865335000,0.3151482111042945
1627865365000,0.3110237576593137
1627865395000,0.31347535563680684
1627865425000,0.3191924248753117
1627865455000,0.3106069862922705
1627865485000,0.31566299981796114
1627865515000,0.3173051242312423
1627865545000,0.3150878718120805
1627865575000,0.3246303656114215
1627865605000,0.31791392816301706
1627865635000,0.31061076235579843
1627865665000,0.3167833814972611
1627865695000,0.31532264600737103
1627865725000,0.3218626420727946
1627865755000,0.3193434844499078
1627865785000,0.3125332647272727
1627865815000,0.3177652289361702
1627865845000,0.31281082365325075
1627865875000,0.31635540528278433
1627865905000,0.3116392015470297
1627865935000,0.31697268674475954
1627865965000,0.3132518504289216
1627865995000,0.31292873451380554
1627866025000,0.3139653670078266
1627866055000,0.3117826510391198
1627866085000,0.3172033112276373
1627866115000,0.31240759075682384
1627866145000,0.3133426787220844
1627866175000,0.3133889806374023
1627866205000,0.3110491830269608
1627866235000,0.31081913683567497
1627866265000,0.3118934689147762
1627866295000,0.3157348148328267
1627866325000,0.31563169384615386
1627866355000,0.32124768177887586
1627866385000,0.3109222860169492
1627866415000,0.3158433947747748
1627866445000,0.31779372685925017
1627866475000,0.3105884551724138
1627866505000,0.3187886560945274
1627866535000,0.3134772319486866
1627866565000,0.31256279386996905
1627866595000,0.3161257047123623
1627866625000,0.31897444940957115
1627866655000,0.31115685667692305
1627866685000,0.31264737625458994
1627866715000,0.3187400254556501
1627866745000,0.3117723089860352
1627866775000,0.3208836854919054
1627866805000,0.3120817101234568
1627866835000,0.31529010919117645
1627866865000,0.31049997087438425
1627866895000,0.3181908321230769
1627866925000,0.31176983583385
1627866955000,0.3163935160272277
1627866985000,0.3121012893447642
1627867015000,0.3143911985949908
1627867045000,0.31416027011852776
1627867075000,0.3201235952469136
1627867105000,0.3150260585139319
1627867135000,0.317727746801968
1627867165000,0.3115510173267327
1627867195000,0.3174331515809051
1627867225000,0.3151670237037037
1627867255000,0.31261133689080817
1627867285000,0.3195582394957983
1627867315000,0.3157700651774786
1627867345000,0.314181589981895
1627867375000,0.31342973078833025
1627867405000,0.3176547894833948
1627867435000,0.3178272737034777
1627867465000,0.31290837464440324
1627867495000,0.3151826706443914
1627867525000,0.3133177103703704
1627867555000,0.31723271809290954
1627867585000,0.31900884530962603
1627867615000,0.3188218561735941
1627867645000,0.3118714519902021
1627867675000,0.3163281416049383
1627867705000,0.3166574229616307
1627867735000,0.3164559746827795
1627867765000,0.3112083710091743
1627867795000,0.3174876435835351
1627867825000,0.3124291177379481
1627867855000,0.3195279601851852
1627867885000,0.31076769805589305
1627867915000,0.3192729561403509
1627867945000,0.3194047005514706
1627867975000,0.3137198253785585
1627868005000,0.3160174372777437
1627868035000,0.31700062673992674
1627868065000,0.3222800021026592
1627868095000,0.31847522838002434
1627868125000,0.3127480056720099
1627868155000,0.31278528342541434
1627868185000,0.3145118659666461
1627868215000,0.31237037155963304
1627868245000,0.31653429488916257
1627868275000,0.31078030682237245
1627868305000,0.3187115686456401
1627868335000,0.31520993255384616
1627868365000,0.3079616936771025
1627868395000,0.3171032583182093
1627868425000,0.3177751607734807
1627868455000,0.31939002301048736
1627868485000,0.3144749544895449
1627868515000,0.3115911657072872
1627868545000,0.3124017409477521
1627868575000,0.3120929130116066
1627868605000,0.3130384548721072
1627868635000,0.31319056474164136
1627868665000,0.31279983666061706
1627868695000,0.31613634812538416
1627868725000,0.3108292551132884
1627868755000,0.3123346775217933
1627868785000,0.3120918966728281
1627868815000,0.31090748988491823
1627868845000,0.3077340986194478
1627868875000,0.3100743196417542
1627868905000,0.3160895333333333
1627868935000,0.31490337235722965
1627868965000,0.3101502703067485
1627868995000,0.31777818946723824
1627869025000,0.3113025976600985
1627869055000,0.3125201378593272
1627869085000,0.31768321616472034
1627869115000,0.3116004370392749
1627869145000,0.3124563410334347
1627869175000,0.3169335126153846
1627869205000,0.3154005142857143
1627869235000,0.3120522330067361
1627869265000,0.31656365516169155
1627869295000,0.3194387998141264
1627869325000,0.3112542545117429
1627869355000,0.3108555509491733
1627869385000,0.3150268500617284
1627869415000,0.3124212334987593
1627869445000,0.3177657949938195
1627869475000,0.3190900541511772
1627869505000,0.3161044743946731
1627869535000,0.3131359417744917
1627869565000,0.3166814618575852
1627869595000,0.3114533886433395
1627869625000,0.3125550840535606
1627869655000,0.3177685134886573
1627869685000,0.3135454933455433
1627869715000,0.3173345153468385
1627869745000,0.3210662857496902
1627869775000,0.31409673537794297
1627869805000,0.31275974430067777
1627869835000,0.3131259581106277
1627869865000,0.3132648653073646
1627869895000,0.3201350227627628
1627869925000,0.31941092794471154
1627869955000,0.3160620978421701
1627869985000,0.31723994963235297
1627870015000,0.3127582870609982
1627870045000,0.3160857215403129
1627870075000,0.3175609285626157
1627870105000,0.30929750788834953
1627870135000,0.3177207966060606
1627870165000,0.31397276727828743
1627870195000,0.31501679378769604
1627870225000,0.31646399820433435
1627870255000,0.31387994231006794
1627870285000,0.3108078246592317
1627870315000,0.3202708624695864
1627870345000,0.318703016327788
1627870375000,0.307170776178812
1627870405000,0.31345308814905315
1627870435000,0.3172049616969697
1627870465000,0.3118876251369446
1627870495000,0.3096069139732685
1627870525000,0.3178185504310345
1627870555000,0.3126751627794562
1627870585000,0.3104235531115219
1627870615000,0.31282296363636364
1627870645000,0.3205474940307692
1627870675000,0.3146751829721362
1627870705000,0.3138816586996904
1627870735000,0.31532280374170185
1627870765000,0.3131614676810712
1627870795000,0.315948114571949
1627870825000,0.3166045057962172
1627870855000,0.31279869981572483
1627870885000,0.3152530006610577
1627870915000,0.3138128548788067
1627870945000,0.3138024703134604
1627870975000,0.3157586160791589
1627871005000,0.3170403136279926
1627871035000,0.31147415414873997
1627871065000,0.31830910609831986
1627871095000,0.3132799747703613
1627871125000,0.31797122518382354
1627871155000,0.3173914004268293
1627871185000,0.3141964993137866
1627871215000,0.3136426759137208
1627871245000,0.31191742683528684
1627871275000,0.31522995254133496
1627871305000,0.31342663990384617
1627871335000,0.3113224987782529
1627871365000,0.3112918815151515
1627871395000,0.3107400091579594
1627871425000,0.31198270545229245
1627871455000,0.3156274783636364
1627871485000,0.31143897208588955
1627871515000,0.31544880547692306
1627871545000,0.3135461282418953
1627871575000,0.3098013788968825
1627871605000,0.3149164277275467
1627871635000,0.3174604661069652
1627871665000,0.31617283864734297
1627871695000,0.3188676942133816
1627871725000,0.3143444723547401
1627871755000,0.31074597178856794
1627871785000,0.3202403819742489
1627871815000,0.3179507139279169
1627871845000,0.3144545200122775
1627871875000,0.3168874285272277
1627871905000,0.3187330431108389
1627871935000,0.31601593512014786
1627871965000,0.31291378662145497
1627871995000,0.3133149882571075
1627872025000,0.3227469456561922
1627872055000,0.3181991606879607
1627872085000,0.3141131285625389
1627872115000,0.31264685352977284
1627872145000,0.3171112267692308
1627872175000,0.3190538990914597
1627872205000,0.3208712562461156
1627872235000,0.31526280933416306
1627872265000,0.3164145212923077
1627872295000,0.3150202692071297
1627872325000,0.31206717064615386
1627872355000,0.3157300843636364
1627872385000,0.3136310982737361
1627872415000,0.3175338604495747
1627872445000,0.31427865458966564
1627872475000,0.31149754791277257
1627872505000,0.3193856754418038
1627872535000,0.3158022392180819
1627872565000,0.3218147324879227
1627872595000,0.3184847429878049
1627872625000,0.31535309421084706
1627872655000,0.3174097871525633
1627872685000,0.3133526003050641
1627872715000,0.3081680370996979
1627872745000,0.3204404121621622
1627872775000,0.3141515510638298
1627872805000,0.3142568254083485
1627872835000,0.3125730622356496
1627872865000,0.31501807695990425
1627872895000,0.31257664179012346
1627872925000,0.31174789173859435
1627872955000,0.3131236246153846
1627872985000,0.3104129794352363
1627873015000,0.3146646568223165
1627873045000,0.31140296656479216
1627873075000,0.3128210008074534
1627873105000,0.3117176594561187
1627873135000,0.31233432108470444
1627873165000,0.31203117031346034
1627873195000,0.31968864633699634
1627873225000,0.3185729573465592
1627873255000,0.3128039995736906
1627873285000,0.31144078426896976
1627873315000,0.3087390737160121
1627873345000,0.3134573242647059
1627873375000,0.3111875870018393
1627873405000,0.31628375683760684
1627873435000,0.3129910706028589
1627873465000,0.3110347799632353
1627873495000,0.3125897400121433
1627873525000,0.31660837154370736
1627873555000,0.3112760229679803
1627873585000,0.3140325308903695
1627873615000,0.3103129472906404
1627873645000,0.3101537519831731
1627873675000,0.3114847315403423
1627873705000,0.3120237801944107
1627873735000,0.3140388811227637
1627873765000,0.3168318566686784
1627873795000,0.311492917245582
1627873825000,0.31361760274725275
1627873855000,0.3151345123179612
1627873885000,0.3122992927316778
1627873915000,0.3150869856791641
1627873945000,0.31208811938650305
1627873975000,0.3126983125310174
1627874005000,0.3158164671807526
1627874035000,0.31546280739589805
1627874065000,0.31835542721212123
1627874095000,0.3134027964944649
1627874125000,0.3158016657213317
1627874155000,0.3109365583640836
1627874185000,0.31963906071213033
1627874215000,0.3157050063791009
1627874245000,0.3145841549409571
1627874275000,0.31246721189454324
1627874305000,0.31514281018292684
1627874335000,0.31151952036253777
1627874365000,0.3161194377230769
1627874395000,0.31699274996953075
1627874425000,0.3182043488997555
1627874455000,0.3136026879754601
1627874485000,0.3146091497220507
1627874515000,0.3214701976786805
1627874545000,0.31216273762254904
1627874575000,0.3182156046040516
1627874605000,0.3159360713761468
1627874635000,0.3123928662203287
1627874665000,0.3165713204782342
1627874695000,0.3159713348093481
1627874725000,0.3124907022291022
1627874755000,0.3132865180521092
1627874785000,0.3176426998159509
1627874815000,0.3172056365217391
1627874845000,0.3142033353297036
1627874875000,0.3204540988414634
1627874905000,0.3160046797568389
1627874935000,0.3120698645679013
1627874965000,0.31284586842751844
1627874995000,0.31249132716656425
1627875025000,0.3160159991437309
1627875055000,0.3178495555012225
1627875085000,0.31140994440321584
1627875115000,0.313778953009828
1627875145000,0.3153411082410824
1627875175000,0.3163980084388185
1627875205000,0.3126371241545894
1627875235000,0.3102704601466993
1627875265000,0.3093876263509411
1627875295000,0.31085028667474257
1627875325000,0.31722029316807737
1627875355000,0.31758304024464834
1627875385000,0.3262152880908533
1627875415000,0.3154344598656078
1627875445000,0.3156031678282514
1627875475000,0.3121464144600366
1627875505000,0.3102605103911981
1627875535000,0.3121133007965686
1627875565000,0.3118161275061125
1627875595000,0.3120462148805879
1627875625000,0.3115956966236955
1627875655000,0.31671583075015497
1627875685000,0.32131837834158417
1627875715000,0.3154468493034525
1627875745000,0.3124025737103791
1627875775000,0.3124386838390093
1627875805000,0.31301247839805824
1627875835000,0.3095891699516324
1627875865000,0.3093767975579976
1627875895000,0.3209540861282367
1627875925000,0.3167194401818182
1627875955000,0.3131389395577396
1627875985000,0.3109010042592593
1627876015000,0.3148746297640653
1627876045000,0.3148388028415961
1627876075000,0.3123653638717633
1627876105000,0.315007005939394
1627876135000,0.3207517966992665
1627876165000,0.3148727563190184
1627876195000,0.31607221655342804
1627876225000,0.3165626462148962
1627876255000,0.3134761653775322
1627876285000,0.3109761931055522
1627876315000,0.3134816401565322
1627876345000,0.3146530400123686
1627876375000,0.31879909316656496
1627876405000,0.3225307780609074
1627876435000,0.31095151064356435
1627876465000,0.31741396893564355
1627876495000,0.3170813819875776
1627876525000,0.3157458011076923
1627876555000,0.31007270727713765
1627876585000,0.3181130941502463
1627876615000,0.31524458837353125
1627876645000,0.31186876
1627876675000,0.31646952174177834
1627876705000,0.31576651623931623
1627876735000,0.31077672602230483
1627876765000,0.3174778567209162
1627876795000,0.31187531774785804
1627876825000,0.3168960328458257
1627876855000,0.3170557307165109
1627876885000,0.3172754904909882
1627876915000,0.31303215597060624
1627876945000,0.3125834708487085
1627876975000,0.3132528654942389
1627877005000,0.3138478114942529
1627877035000,0.3134634213979154
1627877065000,0.3149846407225965
1627877095000,0.31211674669117645
1627877125000,0.3158009538273117
1627877155000,0.3139856675061425
1627877185000,0.31720975186972256
1627877215000,0.3130331040247678
1627877245000,0.31770522820037106
1627877275000,0.3198316351482154
1627877305000,0.3121657846249225
1627877335000,0.3140550611316113
1627877365000,0.3192930656652361
1627877395000,0.3111748182153846
1627877425000,0.31595854201326096
1627877455000,0.3138396490220049
1627877485000,0.31341968661710035
1627877515000,0.3097906641945289
1627877545000,0.31489865500303216
1627877575000,0.3103102088724584
1627877605000,0.31614995369913684
1627877635000,0.31337827555555553
1627877665000,0.3210228300738007
1627877695000,0.31643431157635465
1627877725000,0.3179029883763837
1627877755000,0.3119077360606061
1627877785000,0.3115388060624617
1627877815000,0.3178912216992665
1627877845000,0.3109515963525836
1627877875000,0.3148940205033763
1627877905000,0.3168449026299694
1627877935000,0.3190237033436533
1627877965000,0.31645347918441874
1627877995000,0.3117929250460405
1627878025000,0.31635296908536586
1627878055000,0.3110894446560197
1627878085000,0.3134124403215832
1627878115000,0.3121929106162294
1627878145000,0.3132858791691752
1627878175000,0.3166640527641278
1627878205000,0.3138349835857056
1627878235000,0.31291645289765724
1627878265000,0.312034344867855
1627878295000,0.3177111299382716
1627878325000,0.311878711750306
1627878355000,0.3141212735042735
1627878385000,0.3177092352231604
1627878415000,0.3105248012696493
1627878445000,0.3136560495990129
1627878475000,0.3118070546617916
1627878505000,0.31721100084490045
1627878535000,0.312441674
1627878565000,0.3158920244265344
1627878595000,0.3137549656058752
1627878625000,0.31983161591610115
1627878655000,0.316978459611886
1627878685000,0.3177865209202454
1627878715000,0.3152347496024465
1627878745000,0.31373727254299755
1627878775000,0.3159289249845009
1627878805000,0.3191490828270304
1627878835000,0.3214708811193112
1627878865000,0.31421414013563503
1627878895000,0.3169987678416821
1627878925000,0.3122860069178505
1627878955000,0.3181513020769701
1627878985000,0.31834149613970586
1627879015000,0.3156634115266708
1627879045000,0.318740045291202
1627879075000,0.312701800794621
1627879105000,0.31347390563380284
1627879135000,0.3115805367975831
1627879165000,0.3182910210748792
1627879195000,0.3162672137631742
1627879225000,0.318610855997514
1627879255000,0.31881767211180123
1627879285000,0.31661773808086896
1627879315000,0.31863084947692305
1627879345000,0.3135343184671092
1627879375000,0.31049157060587884
1627879405000,0.3159805813487242
1627879435000,0.3233593198398028
1627879465000,0.311429086993865
1627879495000,0.3118466067837674
1627879525000,0.31594756460778256
1627879555000,0.3135582155351682
1627879585000,0.3132678062198068
1627879615000,0.31538043175885644
1627879645000,0.3110240639951427
1627879675000,0.3129896691112492
1627879705000,0.3106312961141469
1627879735000,0.3154115466707768
1627879765000,0.3135467293390982
1627879795000,0.31757145889908256
1627879825000,0.31272776596009977
1627879855000,0.3158082209981741
1627879885000,0.31071775208711433
1627879915000,0.3136445707816377
1627879945000,0.3119516913467398
1627879975000,0.3168552561694291
1627880005000,0.3173154627171216
1627880035000,0.3139779590825688
1627880065000,0.31230289497856706
1627880095000,0.3156125334769231
1627880125000,0.3124752685469037
1627880155000,0.31172736849568433
1627880185000,0.31400669766871164
1627880215000,0.312393024513382
1627880245000,0.3123741568434032
1627880275000,0.3129465493834772
1627880305000,0.3123703175384616
1627880335000,0.3116325828536436
1627880365000,0.31340759109883365
1627880395000,0.31437108889570553
1627880425000,0.3157401358878505
1627880455000,0.31018240910757944
1627880485000,0.3133958826007326
1627880515000,0.318734393909866
1627880545000,0.3128821445259939
1627880575000,0.3183332761221945
1627880605000,0.3122655573902288
1627880635000,0.31772261298780485
1627880665000,0.3124169181761787
1627880695000,0.3141940317654245
1627880725000,0.3112949117898595
1627880755000,0.3170373009096422
1627880785000,0.3150929316172017
1627880815000,0.31601961535141804
1627880845000,0.3165152003674219
1627880875000,0.3134716747394237
1627880905000,0.316872398540146
1627880935000,0.31203466120422096
1627880965000,0.31304220213805745
1627880995000,0.3111481467153285
1627881025000,0.3130979326923077
1627881055000,0.31438513130755064
1627881085000,0.31486883743051264
1627881115000,0.3190227303789731
1627881145000,0.31867135325301205
1627881175000,0.3137211852727273
1627881205000,0.3176228873626374
1627881235000,0.3157789515489467
1627881265000,0.3163740918316832
1627881295000,0.3122335255095738
1627881325000,0.315642072783633
1627881355000,0.3158575075729361
1627881385000,0.3127097394557823
1627881415000,0.3142247599879663
1627881445000,0.3158613046182266
1627881475000,0.3121755656211562
1627881505000,0.31377729483394834
1627881535000,0.3188816671798029
1627881565000,0.30896112223572303
1627881595000,0.3156416202409639
1627881625000,0.31109448669554457
1627881655000,0.31273508699938385
1627881685000,0.3187636057442866
1627881715000,0.3119235717870257
1627881745000,0.3152394549544073
1627881775000,0.31782746996337
1627881805000,0.3174040698067633
1627881835000,0.3162043983374384
1627881865000,0.3111541824830977
1627881895000,0.3096783325060533
1627881925000,0.3128828144266338
1627881955000,0.31270637934446505
1627881985000,0.31202258847102343
1627882015000,0.3156018942366646
1627882045000,0.3057849865209472
1627882075000,0.31332556938527084
1627882105000,0.3115185252915899
1627882135000,0.31442064926829266
1627882165000,0.3106657455891425
1627882195000,0.3128071708358756
1627882225000,0.3186840353411186
1627882255000,0.31769347643784784
1627882285000,0.31364385556923075
1627882315000,0.3153951499691929
1627882345000,0.3151847856257745
1627882375000,0.3164159388648982
1627882405000,0.3100062999382335
1627882435000,0.3110632626730885
1627882465000,0.3110125438297872
1627882495000,0.3122491805914972
1627882525000,0.3127346725106903
1627882555000,0.3161476774969174
1627882585000,0.310802702195122
1627882615000,0.3170515241016109
1627882645000,0.3134191672816728
1627882675000,0.3239284773365913
1627882705000,0.31243069645909644
1627882735000,0.3086960960147149
1627882765000,0.3154941149164678
1627882795000,0.31104190091911765
1627882825000,0.3106903536705737
1627882855000,0.3095884828899637
1627882885000,0.31753058739290085
1627882915000,0.3211404476624165
1627882945000,0.3140132200369914
1627882975000,0.3142493549878346
1627883005000,0.3149975800495663
1627883035000,0.32483915519125683
1627883065000,0.31355918218497825
1627883095000,0.3171933851269649
1627883125000,0.31202118738518064
1627883155000,0.3124350344537815
1627883185000,0.3117202288766789
1627883215000,0.3112959928527795
1627883245000,0.3138265668501529
1627883275000,0.3141250390470297
1627883305000,0.31214378088057904
1627883335000,0.31815884632627645
1627883365000,0.31306735
1627883395000,0.3115452814792176
1627883425000,0.31754031791314835
1627883455000,0.31141894668711656
1627883485000,0.31945763766233765
1627883515000,0.3130276964923077
1627883545000,0.3126275569689592
1627883575000,0.31261795950212506
1627883605000,0.3217514625903615
1627883635000,0.3204455244283995
1627883665000,0.3107409586969883
1627883695000,0.3145127248795181
1627883725000,0.3186295716945996
1627883755000,0.3118551671807526
1627883785000,0.3164001476969697
1627883815000,0.3124735359481161
1627883845000,0.3183646510611735
1627883875000,0.31221617714987715
1627883905000,0.32227818265682656
1627883935000,0.3153101533333333
1627883965000,0.3104386030102348
1627883995000,0.3152652694665849
1627884025000,0.3139811487980769
1627884055000,0.3160230329067641
1627884085000,0.3165054808968059
1627884115000,0.31415044167686657
1627884145000,0.3104442026699029
1627884175000,0.3141965059865608
1627884205000,0.3148934385758514
1627884235000,0.3186707320995146
1627884265000,0.3153069040640394
1627884295000,0.31770710882531955
1627884325000,0.31368078417177914
1627884355000,0.3174347476572133
1627884385000,0.3196259218826406
1627884415000,0.31105473767038416
1627884445000,0.3182120164814815
1627884475000,0.3128637832412523
1627884505000,0.31141948400481057
1627884535000,0.3211770391383495
1627884565000,0.3141817426199262
1627884595000,0.3117102275397797
1627884625000,0.314994930721393
1627884655000,0.3105823544499382
1627884685000,0.3142086537276648
1627884715000,0.3194986911206369
1627884745000,0.31840945273931365
1627884775000,0.3156380946723821
1627884805000,0.3212726755434783
1627884835000,0.31890643023255816
1627884865000,0.31207885018226
1627884895000,0.3127388973651961
1627884925000,0.31583210619631896
1627884955000,0.319385849377335
1627884985000,0.3145462867034314
1627885015000,0.3134586196186962
1627885045000,0.31169916485819976
1627885075000,0.3130776057598039
1627885105000,0.3129975029739777
1627885135000,0.31614136111111113
1627885165000,0.3156202031268791
1627885195000,0.3176822631386861
1627885225000,0.31444159732034105
1627885255000,0.3113466334975369
1627885285000,0.3122657626666667
1627885315000,0.30790508438071995
1627885345000,0.3154342149318464
1627885375000,0.3140509909258124
1627885405000,0.3151876087414755
1627885435000,0.31144063520871146
1627885465000,0.3134993166168559
1627885495000,0.315956155420957
1627885525000,0.314736176416819
1627885555000,0.31261665705521474
1627885585000,0.3149993705665025
1627885615000,0.3215575188585608
1627885645000,0.3063231821258907
1627885675000,0.31254167128773874
1627885705000,0.3105946678746929
1627885735000,0.3126787045398773
1627885765000,0.31638632720542875
1627885795000,0.3173301185297691
1627885825000,0.3153434846106304
1627885855000,0.3056926934099153
1627885885000,0.3174705049723757
1627885915000,0.3107476848101266
1627885945000,0.3167106996257018
1627885975000,0.3114540482993197
1627886005000,0.31731351332510793
1627886035000,0.3140266525728456
1627886065000,0.3155877656211562
1627886095000,0.3117680685207824
1627886125000,0.31161560642201835
1627886155000,0.3183393909590715
1627886185000,0.31744000503685504
1627886215000,0.3191514139294404
1627886245000,0.312645725946617
1627886275000,0.31151619143561304
1627886305000,0.3128488676561534
1627886335000,0.31253208362967505
1627886365000,0.31187738051001823
1627886395000,0.3121743445259939
1627886425000,0.31766350096735185
1627886455000,0.3130800703611457
1627886485000,0.31268088379715525
1627886515000,0.31910912158536586
1627886545000,0.31360744184178
1627886575000,0.3128902257230769
1627886605000,0.3126294512883436
1627886635000,0.3172637074737492
1627886665000,0.3123557932923077
1627886695000,0.31148720135635016
1627886725000,0.3111858470838396
1627886755000,0.3114397012859768
1627886785000,0.3133219449541285
1627886815000,0.3118350160933661
1627886845000,0.3130766483159829
1627886875000,0.3159539116738728
1627886905000,0.31737743265306123
1627886935000,0.3114186955828221
1627886965000,0.3177698453771289
1627886995000,0.3160930349167181
1627887025000,0.3167612643515673
1627887055000,0.3133163503067485
1627887085000,0.3123757982769231
1627887115000,0.31253659572388515
1627887145000,0.30997170389294404
1627887175000,0.3119249536403236
1627887205000,0.3182781223724647
1627887235000,0.3161948932549505
1627887265000,0.31614011783980583
1627887295000,0.3116590473391089
1627887325000,0.31187850244798043
1627887355000,0.3127666287306501
1627887385000,0.3124500538414634
1627887415000,0.3120103405832321
1627887445000,0.3150951099628713
1627887475000,0.31170328850855744
1627887505000,0.31758155256648113
1627887535000,0.31306176730650154
1627887565000,0.31732899907292955
1627887595000,0.3195355843269822
1627887625000,0.3141211743480897
1627887655000,0.3103250289330922
1627887685000,0.31135387364576994
1627887715000,0.3142257571081409
1627887745000,0.3190949225964482
1627887775000,0.31754985064935065
1627887805000,0.3123538926525529
1627887835000,0.3078591794794189
1627887865000,0.31736237674129353
1627887895000,0.3161521513931889
1627887925000,0.31213501658595644
1627887955000,0.3155455130434783
1627887985000,0.31622903910921296
1627888015000,0.3169007081846154
1627888045000,0.31430357587244284
1627888075000,0.3131306502776064
1627888105000,0.31198732835365856
1627888135000,0.31603290699690395
1627888165000,0.3188456567047505
1627888195000,0.3124709501523461
1627888225000,0.31191526007416565
1627888255000,0.31656431955719555
1627888285000,0.3136886186806412
1627888315000,0.31546596966153845
1627888345000,0.3164220124154886
1627888375000,0.3167136373854612
1627888405000,0.31874158325123153
1627888435000,0.31174530042398546
1627888465000,0.3157632612195122
1627888495000,0.3133411540208717
1627888525000,0.3112308912323728
1627888555000,0.2495968184454041
1627888585000,0.3160052847759361
1627888615000,0.3173989298129149
1627888645000,0.3122207
1627888675000,0.3122854401482397
1627888705000,0.3140590938138138
1627888735000,0.3102703611042945
1627888765000,0.3151069279805353
1627888795000,0.3143298405654579
1627888825000,0.3170968710412816
1627888855000,0.31483287825015405
1627888885000,0.3118563578627808
1627888915000,0.322209012645795
1627888945000,0.3128416853703704
1627888975000,0.31670743106435645
1627889005000,0.3137582288615385
1627889035000,0.3145535681097561
1627889065000,0.3156513422552664
1627889095000,0.3214920512239902
1627889125000,0.3139207567173252
1627889155000,0.3166903333333333
1627889185000,0.31458720049049665
1627889215000,0.3164206112263576
1627889245000,0.3117346946045371
1627889275000,0.3158141007294833
1627889305000,0.31797409004944377
1627889335000,0.317492102208589
1627889365000,0.3203880606707317
1627889395000,0.3158657808995687
1627889425000,0.31282876403454657
1627889455000,0.3186032464891041
1627889485000,0.31622790163141995
1627889515000,0.3180367671108419
1627889545000,0.3193221029502151
1627889575000,0.3137744537431528
1627889605000,0.31246383323152105
1627889635000,0.3108205150642989
1627889665000,0.3201745059963658
1627889695000,0.31199523454210204
1627889725000,0.3126881724496029
1627889755000,0.31372210417170504
1627889785000,0.31560977954264524
1627889815000,0.31437068478664193
1627889845000,0.3152507243946731
1627889875000,0.3163849317824773
1627889905000,0.3124429402207235
1627889935000,0.3183211544063648
1627889965000,0.3156871369193154
1627889995000,0.3123341658866995
1627890025000,0.31967504269732755
1627890055000,0.3110656512742718
1627890085000,0.31580411399631675
1627890115000,0.31315640689444785
1627890145000,0.316889653198032
1627890175000,0.31576625199999997
1627890205000,0.31301977525898844
1627890235000,0.3132788910493827
1627890265000,0.31608326455469216
1627890295000,0.31413747008019743
1627890325000,0.31419489801444045
1627890355000,0.3123540089908257
1627890385000,0.3122897549632353
1627890415000,0.31784721654320985
1627890445000,0.3141359931013431
1627890475000,0.3122372134220073
1627890505000,0.3133995974581525
1627890535000,0.3125164193965517
1627890565000,0.31135803612662943
1627890595000,0.3197201266951741
1627890625000,0.31220564915458937
1627890655000,0.3147815981807156
1627890685000,0.3115859749692497
1627890715000,0.3171274713149847
1627890745000,0.3127807920364742
1627890775000,0.3173953676524954
1627890805000,0.31565373655256723
1627890835000,0.3139322349969934
1627890865000,0.3124620617428925
1627890895000,0.3140722179564692
1627890925000,0.3167294413268412
1627890955000,0.3194209751065125
1627890985000,0.31473724858199753
1627891015000,0.3167199557881773
1627891045000,0.3125085166060606
1627891075000,0.3147801362623762
1627891105000,0.3126682358190709
1627891135000,0.3171272856009762
1627891165000,0.3103200671299093
1627891195000,0.3119287154676259
1627891225000,0.3187173105067985
1627891255000,0.3110198766202302
1627891285000,0.3129547481617647
1627891315000,0.31136486974637684
1627891345000,0.3159075473716381
1627891375000,0.3163391879480841
1627891405000,0.31294345403076923
1627891435000,0.32065493029375763
1627891465000,0.3100235090252708
1627891495000,0.3172571869458128
1627891525000,0.3109979383211679
1627891555000,0.31601847242220865
1627891585000,0.3099058617216117
1627891615000,0.3133538603437692
1627891645000,0.31439625656934306
1627891675000,0.32044289793814434
1627891705000,0.3128997177929324
1627891735000,0.3099814752877044
1627891765000,0.3155344861728395
1627891795000,0.31766105867819644
1627891825000,0.3117055938935913
1627891855000,0.31855287366809554
1627891885000,0.3183519634282178
1627891915000,0.3137510054836722
1627891945000,0.3196744508196721
1627891975000,0.3147172123936817
1627892005000,0.3127754662584201
1627892035000,0.31680671325153376
1627892065000,0.31663264587212914
1627892095000,0.31307949684796044
1627892125000,0.3127781948891626
1627892155000,0.31656929815837936
1627892185000,0.316821605259901
1627892215000,0.31728291440099315
1627892245000,0.3132847238271605
1627892275000,0.3144414889428919
1627892305000,0.3164985303658537
1627892335000,0.31417141668742216
1627892365000,0.3119112934234788
1627892395000,0.3159184431288344
1627892425000,0.3196370249846532
1627892455000,0.3112495050764526
1627892485000,0.3121275564368517
1627892515000,0.3115437819732034
1627892545000,0.3117874283169533
1627892575000,0.31239929070904643
1627892605000,0.3128865085343228
1627892635000,0.3139174631227217
1627892665000,0.3186679916262136
1627892695000,0.3224367570985741
1627892725000,0.3148292822690639
1627892755000,0.3185511835995086
1627892785000,0.3120775744602097
1627892815000,0.3156976664229129
1627892845000,0.31798565141104296
1627892875000,0.31301260359756106
1627892905000,0.31628497067806965
1627892935000,0.3116276464504284
1627892965000,0.3140720669354839
1627892995000,0.3121341811629316
1627893025000,0.31694256832917705
1627893055000,0.3124947769944341
1627893085000,0.3120557227161997
1627893115000,0.317207452354399
1627893145000,0.31747500184388444
1627893175000,0.3125948755214724
1627893205000,0.3169617077250608
1627893235000,0.3163171181257707
1627893265000,0.31320886302774426
1627893295000,0.3128457527043269
1627893325000,0.3094679296341463
1627893355000,0.3180681033415841
1627893385000,0.31265439619631896
1627893415000,0.3111840834250765
1627893445000,0.31751456158499697
1627893475000,0.31783258773923445
1627893505000,0.3117719916044776
1627893535000,0.314622362033068
1627893565000,0.3131077062305296
1627893595000,0.3120694095238095
1627893625000,0.31206587884256376
1627893655000,0.3104155518203883
1627893685000,0.3127381082309582
1627893715000,0.3172566493193069
1627893745000,0.3166846399756246
1627893775000,0.3151649639464068
1627893805000,0.3174253240343348
1627893835000,0.3102998696072508
1627893865000,0.3149623487623762
1627893895000,0.3121133309271935
1627893925000,0.3147773962355798
1627893955000,0.3150825438347719
1627893985000,0.31579155729426434
1627894015000,0.3167943343558282
1627894045000,0.3153790992014742
1627894075000,0.31712721260709914
1627894105000,0.3145012985294118
1627894135000,0.3214131554143981
1627894165000,0.3198472189772027
1627894195000,0.3155539122510561
1627894225000,0.3140787022401991
1627894255000,0.31750242732376793
1627894285000,0.3114944969584109
1627894315000,0.31496958685503684
1627894345000,0.3144691903007981
1627894375000,0.3236941246172688
1627894405000,0.3120120265067651
1627894435000,0.3121905305589308
1627894465000,0.31250548782129745
1627894495000,0.31652033684863523
1627894525000,0.31058161017672153
1627894555000,0.3149681817617866
1627894585000,0.3161800327327327
1627894615000,0.31946473780940593
1627894645000,0.3134038568996961
1627894675000,0.32104106357493856
1627894705000,0.3124951923218673
1627894735000,0.3185086910714286
1627894765000,0.30821392822195703
1627894795000,0.31730593438271604
1627894825000,0.3119565062839879
1627894855000,0.31200315314009663
1627894885000,0.3223352206790123
1627894915000,0.3134841738705739
1627894945000,0.3114214489177489
1627894975000,0.312720183572282
1627895005000,0.31323348820987656
1627895035000,0.3166115428920073
1627895065000,0.3147535000616143
1627895095000,0.31252809981662594
1627895125000,0.3138260278580024
1627895155000,0.3148521601230769
1627895185000,0.3148888948116121
1627895215000,0.3134572203039513
1627895245000,0.26457104702970297
1627895275000,0.31290319932762833
1627895305000,0.3186564773875539
1627895335000,0.3216512439628483
1627895365000,0.3125933810055866
1627895395000,0.3122211494743352
1627895425000,0.31356822939375384
1627895455000,0.31250793503960994
1627895485000,0.3164397896551724
1627895515000,0.3124429852168601
1627895545000,0.3102740051452785
1627895575000,0.3132343808261406
1627895605000,0.31108503537250154
1627895635000,0.3129704069240196
1627895665000,0.3166751421538462
1627895695000,0.3128378395377129
1627895725000,0.3183893261728395
1627895755000,0.3153305382836275
1627895785000,0.3166738429969419
1627895815000,0.3144227495079951
1627895845000,0.3147274538083538
1627895875000,0.3202269556638246
1627895905000,0.31232353792464485
1627895935000,0.3107682759509203
1627895965000,0.3122968311965812
1627895995000,0.31363731563076924
1627896025000,0.3134063322716346
1627896055000,0.3170512162676489
1627896085000,0.3104810541463415
1627896115000,0.3155350978314746
1627896145000,0.31579130072376355
1627896175000,0.3158380345398773
1627896205000,0.3128530252915899
1627896235000,0.31647602665855146
1627896265000,0.3132497953358209
1627896295000,0.31412223290441177
1627896325000,0.31644991100244496
1627896355000,0.3173657325046613
1627896385000,0.31328093781818184
1627896415000,0.316661956450636
1627896445000,0.3169254548661801
1627896475000,0.31171547620221945
1627896505000,0.3122077117325228
1627896535000,0.31307430593939395
1627896565000,0.3145384237392374
1627896595000,0.3122289660205936
1627896625000,0.3124308567617866
1627896655000,0.3183248527173913
1627896685000,0.31292099212598423
1627896715000,0.3124816868355995
1627896745000,0.3132540516969697
1627896775000,0.3228411842328684
1627896805000,0.3166176338480544
1627896835000,0.31075196078066913
1627896865000,0.3073827300852619
1627896895000,0.310905482413584
1627896925000,0.32171108289156625
1627896955000,0.31727580646916564
1627896985000,0.3180753850935425
1627897015000,0.3122939379120879
1627897045000,0.3108917625842009
1627897075000,0.3149916752254961
1627897105000,0.3229909517199017
1627897135000,0.31221169665634674
1627897165000,0.3135527899758454
1627897195000,0.3118546282129743
1627897225000,0.31568537353846154
1627897255000,0.31747348458669983
1627897285000,0.31207006828675576
1627897315000,0.3164690503355705
1627897345000,0.31333879963122313
1627897375000,0.3151532346813726
1627897405000,0.3123605429280397
1627897435000,0.31564977739183425
1627897465000,0.3137901455665025
1627897495000,0.3145505793230769
1627897525000,0.3211058814883149
1627897555000,0.31635163012939005
1627897585000,0.3208151343052109
1627897615000,0.3112132394313968
1627897645000,0.3204956981640147
1627897675000,0.3198163214678899
1627897705000,0.3165455491249245
1627897735000,0.31416495472727274
1627897765000,0.3160689367701863
1627897795000,0.31217986777163903
1627897825000,0.3116276995752427
1627897855000,0.3149044957772338
1627897885000,0.3165307606304079
1627897915000,0.3166371886546807
1627897945000,0.3171153158379374
1627897975000,0.32441292801961985
1627898005000,0.3130894946329426
1627898035000,0.3189387368009621
1627898065000,0.315689263099631
1627898095000,0.3157091567436209
1627898125000,0.3201995891277641
1627898155000,0.3162181871026895
1627898185000,0.31824605654613464
1627898215000,0.3157309590376311
1627898245000,0.31270489626911313
1627898275000,0.3147208899509804
1627898305000,0.3190626516687268
1627898335000,0.31151275794621025
1627898365000,0.314385043319097
1627898395000,0.3202659405220634
1627898425000,0.3148934096422074
1627898455000,0.31723375822942645
1627898485000,0.3138701191449814
1627898515000,0.3187139729000613
1627898545000,0.3142504456014363
1627898575000,0.3116105208103131
1627898605000,0.3110980743715512
1627898635000,0.31781473029932805
1627898665000,0.31616275686999384
1627898695000,0.3111368018292683
1627898725000,0.315520636996337
1627898755000,0.3151421268546904
1627898785000,0.3144991202645821
1627898815000,0.3176017951083591
1627898845000,0.3119803357318573
1627898875000,0.3111715907464528
1627898905000,0.3132574187538941
1627898935000,0.3109969538127713
1627898965000,0.31651048579335794
1627898995000,0.3152340662956091
1627899025000,0.3138926849877451
1627899055000,0.312951546917386
1627899085000,0.3128516997544506
1627899115000,0.3124764952088452
1627899145000,0.3135352836264403
1627899175000,0.3182398728739913
1627899205000,0.3133277669753086
1627899235000,0.3116298379544054
1627899265000,0.3142639051584835
1627899295000,0.31424000434250765
1627899325000,0.3127697994481913
1627899355000,0.31242709239730226
1627899385000,0.3128977232826748
1627899415000,0.3170566678181818
1627899445000,0.3110783276923077
1627899475000,0.31467257222898903
1627899505000,0.31446714650735297
1627899535000,0.3128489961771845
1627899565000,0.32242720055658625
1627899595000,0.31816021433778857
1627899625000,0.3113556822846671
1627899655000,0.31843292622249386
1627899685000,0.31652870526641885
1627899715000,0.3117955895960832
1627899745000,0.3169258784029038
1627899775000,0.3116891289908257
1627899805000,0.3137953449668475
1627899835000,0.3148563362515413
1627899865000,0.2507635065805658
1627899895000,0.3150404718769231
1627899925000,0.31236679896151504
1627899955000,0.31332462002457
1627899985000,0.3203600242813456
1627900015000,0.31279532100484264
1627900045000,0.31727427988997553
1627900075000,0.3115284008009858
1627900105000,0.3106288534153846
1627900135000,0.3131967258895705
1627900165000,0.3116497056580566
1627900195000,0.31239262939729395
1627900225000,0.3124844289783282
1627900255000,0.3133284086427267
1627900285000,0.3194414182260024
1627900315000,0.3172150465538089
1627900345000,0.31262318587948873
1627900375000,0.3158679656230817
1627900405000,0.3243194950980392
1627900435000,0.3181148531403941
1627900465000,0.3148973926550271
1627900495000,0.3142248434567901
1627900525000,0.310909028981086
1627900555000,0.31724944712430425
1627900585000,0.3147311389369592
1627900615000,0.3154665757557064
1627900645000,0.31755101682986536
1627900675000,0.3134105028553693
1627900705000,0.3127500538976857
1627900735000,0.31125443893221355
1627900765000,0.3128403181930693
1627900795000,0.31300680671550674
1627900825000,0.3161767491087892
1627900855000,0.3139087881418093
1627900885000,0.31793402052076875
1627900915000,0.3117784967681789
1627900945000,0.3155225961916462
1627900975000,0.3119217170613236
1627901005000,0.3164762175092478
1627901035000,0.3112732038318912
1627901065000,0.3141076685276073
1627901095000,0.31229671092537314
1627901125000,0.3128391440978593
1627901155000,0.31428597758726273
1627901185000,0.3115357601863354
1627901215000,0.3105894522113022
1627901245000,0.31165238675213675
1627901275000,0.3180919235330451
1627901305000,0.31138430882531953
1627901335000,0.31519063262195124
1627901365000,0.30932934674698803
1627901395000,0.3149150283627511
1627901425000,0.3170939907911001
1627901455000,0.3134856108695652
1627901485000,0.31023491537990194
1627901515000,0.3173375313882064
1627901545000,0.31772773228915663
1627901575000,0.3134432263803681
1627901605000,0.31644917896039604
1627901635000,0.311734679646557
1627901665000,0.3191798139817629
1627901695000,0.3202310266178266
1627901725000,0.3178520486369269
1627901755000,0.3164703660880347
1627901785000,0.30836202243276284
1627901815000,0.3086528585321101
1627901845000,0.3126775085261876
1627901875000,0.31772665009310985
1627901905000,0.3118507268973892
1627901935000,0.313992772349659
1627901965000,0.3120798730930931
1627901995000,0.3134460348794063
1627902025000,0.3125724876231527
1627902055000,0.3144815405637255
1627902085000,0.31451121280637256
1627902115000,0.31497784122965644
1627902145000,0.31338555706285004
1627902175000,0.31053970914076784
1627902205000,0.3196229740109556
1627902235000,0.31172894290998765
1627902265000,0.3174925787822878
1627902295000,0.3202979693865031
1627902325000,0.317419552404439
1627902355000,0.3131932498756219
1627902385000,0.3182901934889435
1627902415000,0.3086498043854231
1627902445000,0.31349552574558737
1627902475000,0.31261862586419753
1627902505000,0.3112805480295566
1627902535000,0.3204221039702233
1627902565000,0.3123468675308642
1627902595000,0.3169155865689865
1627902625000,0.3116406730392157
1627902655000,0.311944362492438
1627902685000,0.3145352460307692
1627902715000,0.3148167605834885
1627902745000,0.31558479430496017
1627902775000,0.3169827779091475
1627902805000,0.3116238612844037
1627902835000,0.3143066172475962
1627902865000,0.3127120564584597
1627902895000,0.3117221199273168
1627902925000,0.3170162831168831
1627902955000,0.3128174031481481
1627902985000,0.31782934838909543
1627903015000,0.31660362231100186
1627903045000,0.3157331136112814
1627903075000,0.3126936317791411
1627903105000,0.31565188963636365
1627903135000,0.3101749973006135
1627903165000,0.3188726886629698
1627903195000,0.31389993388683884
1627903225000,0.32149679464285713
1627903255000,0.3156633822808093
1627903285000,0.3178801086404834
1627903315000,0.31436971413644743
1627903345000,0.3211153235258725
1627903375000,0.31617549
1627903405000,0.3115372442532268
1627903435000,0.3171994238981999
1627903465000,0.3135656957407407
1627903495000,0.3167337291793313
1627903525000,0.3124883834457388
1627903555000,0.31517789615384617
1627903585000,0.3229156343052109
1627903615000,0.3163452175642595
1627903645000,0.3164754298534799
1627903675000,0.3144979377777778
1627903705000,0.3149388886060606
1627903735000,0.31105648988970586
1627903765000,0.31680171309745503
1627903795000,0.31269528058076224
1627903825000,0.3151422249543518
1627903855000,0.3161690883242589
1627903885000,0.31556739666460776
1627903915000,0.31376568588308457
1627903945000,0.3165954208256315
1627903975000,0.3144427466174662
1627904005000,0.31620157766871165
1627904035000,0.3118231335388409
1627904065000,0.3155069852418861
1627904095000,0.318223693362016
1627904125000,0.3139082482993197
1627904155000,0.3183335641854789
1627904185000,0.31252884709876544
1627904215000,0.3124254905961893
1627904245000,0.31118963080654943
1627904275000,0.314772267195122
1627904305000,0.31179606904909885
1627904335000,0.31701562710918113
1627904365000,0.3132974084714549
1627904395000,0.31535513133498144
1627904425000,0.3124835604281346
1627904455000,0.3152702506765068
1627904485000,0.3156323920858896
1627904515000,0.3166042019939577
1627904545000,0.3162385337342153
1627904575000,0.3170750725943971
1627904605000,0.3159430813341493
1627904635000,0.31271978152985075
1627904665000,0.31564090012239904
1627904695000,0.3123291006849315
1627904725000,0.32068169486404835
1627904755000,0.3164528299818292
1627904785000,0.3141119793897883
1627904815000,0.3121201855631612
1627904845000,0.3138919925584256
1627904875000,0.32195975828182943
1627904905000,0.31134365580823603
1627904935000,0.31694369312267656
1627904965000,0.3121615845061728
1627904995000,0.31975358260869563
1627905025000,0.31259686554934824
1627905055000,0.31597347990343994
1627905085000,0.3156661473164713
1627905115000,0.3123146212252475
1627905145000,0.3130991377846154
1627905175000,0.3132302684690158
1627905205000,0.3118349880533657
1627905235000,0.3153458993842365
1627905265000,0.31133861172579674
1627905295000,0.3130433176034589
1627905325000,0.3180470232885085
1627905355000,0.3139880270042194
1627905385000,0.31531027599510103
1627905415000,0.3120218934476424
1627905445000,0.31672705458461536
1627905475000,0.3129036832718327
1627905505000,0.3157876341047503
1627905535000,0.3157363432808717
1627905565000,0.31503498454935625
1627905595000,0.31285029791283
1627905625000,0.3124702144622991
1627905655000,0.3105713552791262
1627905685000,0.3155221507673419
1627905715000,0.3138659202801461
1627905745000,0.31539478572300184
1627905775000,0.3114386620121951
1627905805000,0.3108187964285714
1627905835000,0.3161514242293465
1627905865000,0.3105061436085627
1627905895000,0.3158159485124469
1627905925000,0.3169684699815838
1627905955000,0.3107283716207951
1627905985000,0.3123278553846154
1627906015000,0.313354820626151
1627906045000,0.31213855956416464
1627906075000,0.3140633731343284
1627906105000,0.30519689883934026
1627906135000,0.31547233126915997
1627906165000,0.31580671140939603
1627906195000,0.3194723363026236
1627906225000,0.3157568742115028
1627906255000,0.3124850451632406
1627906285000,0.3114286145731707
1627906315000,0.31507170429262393
1627906345000,0.3100326489090909
1627906375000,0.3151062610500611
1627906405000,0.3155674787076923
1627906435000,0.31403999025735296
1627906465000,0.3133635214507129
1627906495000,0.3135486902200489
1627906525000,0.3154466055896806
1627906555000,0.3121915712629652
1627906585000,0.31517066487322204
1627906615000,0.3104727558027661
1627906645000,0.3144850150668287
1627906675000,0.31177583252574204
1627906705000,0.3124558816071429
1627906735000,0.3172250813967862
1627906765000,0.2551836410891089
1627906795000,0.2451740624848485
1627906825000,0.3141307118072289
1627906855000,0.3159152960420532
1627906885000,0.3128052589339794
1627906915000,0.3119211508890251
1627906945000,0.3180178157797029
1627906975000,0.3174199696691177
1627907005000,0.3138252350553505
1627907035000,0.3224519786845311
1627907065000,0.3213225258780037
1627907095000,0.3128074936286408
1627907125000,0.3212570288520565
1627907155000,0.3128993261510129
1627907185000,0.3209873697815534
1627907215000,0.3186167500613497
1627907245000,0.3103295014669927
1627907275000,0.31190259791921665
1627907305000,0.3149425082251082
1627907335000,0.3152088584766585
1627907365000,0.3192226377300614
1627907395000,0.31273292937233393
1627907425000,0.3146935192896509
1627907455000,0.3178460540490797
1627907485000,0.31570397345187
1627907515000,0.31925549282178217
1627907545000,0.31251677580940745
1627907575000,0.3152577664004914
1627907605000,0.32074470397796817
1627907635000,0.3109268274818402
1627907665000,0.31764413208358944
1627907695000,0.3119220516031458
1627907725000,0.31074725030413625
1627907755000,0.3157261417181706
1627907785000,0.31603926825301204
1627907815000,0.31523007357098953
1627907845000,0.31176379644825475
1627907875000,0.3133774326605505
1627907905000,0.32023647781885395
1627907935000,0.3132915673394495
1627907965000,0.3118617290422885
1627907995000,0.3144674391916717
1627908025000,0.3117814439540508
1627908055000,0.32078418499073497
1627908085000,0.31143245226993865
1627908115000,0.3139635387076923
1627908145000,0.3101071521686011
1627908175000,0.3107393888137677
1627908205000,0.31511597472858865
1627908235000,0.3128920397553517
1627908265000,0.31714661643163705
1627908295000,0.31241218995037223
1627908325000,0.3127735165243902
1627908355000,0.3185146291008505
1627908385000,0.3126773925015366
1627908415000,0.31279576666666664
1627908445000,0.3136397101466993
1627908475000,0.3119994160615385
1627908505000,0.3117660126142596
1627908535000,0.3164187257177764
1627908565000,0.3181407095354523
1627908595000,0.3173061869645043
1627908625000,0.3114648562877872
1627908655000,0.3123251219169719
1627908685000,0.3167794543570993
1627908715000,0.3129994440243902
1627908745000,0.3139231621755253
1627908775000,0.31046126224366705
1627908805000,0.3135775968440594
1627908835000,0.31740929245283017
1627908865000,0.3117815671990172
1627908895000,0.3126415383706468
1627908925000,0.31078559081445195
1627908955000,0.31288035788819873
1627908985000,0.3127724003059976
1627909015000,0.3143005939914163
1627909045000,0.3169926516584767
1627909075000,0.32078155120772944
1627909105000,0.3146191035120148
1627909135000,0.3144500932193036
1627909165000,0.31416368434622466
1627909195000,0.3175305312655087
1627909225000,0.3125016962599632
1627909255000,0.31561263784445803
1627909285000,0.3201931520531401
1627909315000,0.31867201984126986
1627909345000,0.3188101815676669
1627909375000,0.3213201746583851
1627909405000,0.3145383825849515
1627909435000,0.3134894878862793
1627909465000,0.31509743013447433
1627909495000,0.3097938427424336
1627909525000,0.31661599192546586
1627909555000,0.3132081098840757
1627909585000,0.3122312242236025
1627909615000,0.32129537189623225
1627909645000,0.31310648531770513
1627909675000,0.3118665983240224
1627909705000,0.31682482448979593
1627909735000,0.31023485420731706
1627909765000,0.31917412122905026
1627909795000,0.31233781043956044
1627909825000,0.3200463027777778
1627909855000,0.313120140623091
1627909885000,0.3131774712957223
1627909915000,0.3213741263570567
1627909945000,0.3161928722557298
1627909975000,0.32589728878107943
1627910005000,0.3197846354090354
1627910035000,0.320672766605166
1627910065000,0.3113873536809816
1627910095000,0.3124517841752891
1627910125000,0.31295851156174337
1627910155000,0.3159430016533987
1627910185000,0.31686713267813266
1627910215000,0.31492157369380314
1627910245000,0.3196692198776758
1627910275000,0.3174702793814433
1627910305000,0.31303334817337464
1627910335000,0.3173605655637255
1627910365000,0.31223982813641904
1627910395000,0.31455722855392154
1627910425000,0.3170819282352941
1627910455000,0.3099988974248927
1627910485000,0.3127088760895884
1627910515000,0.3162298767283951
1627910545000,0.312950728247549
1627910575000,0.31445371352657003
1627910605000,0.3164891903206292
1627910635000,0.3176042005528256
1627910665000,0.3190396541847489
1627910695000,0.3180234686153846
1627910725000,0.31263003803418804
1627910755000,0.31692353252427186
1627910785000,0.31298462757985257
1627910815000,0.3099413589066339
1627910845000,0.3139603037911746
1627910875000,0.31191910208461066
1627910905000,0.3168146908923077
1627910935000,0.3148379820481185
1627910965000,0.3194179312
1627910995000,0.3149854345828295
1627911025000,0.3154250516902274
1627911055000,0.3159287270188221
1627911085000,0.3094528240286909
1627911115000,0.3121111073185732
1627911145000,0.316896244191764
1627911175000,0.3116245682627379
1627911205000,0.3185645467318265
1627911235000,0.3164775373993808
1627911265000,0.31199506976029495
1627911295000,0.3231043540258144
1627911325000,0.3150803556169429
1627911355000,0.31216050506406345
1627911385000,0.3228063012468828
1627911415000,0.3117069390464695
1627911445000,0.3181168840418977
1627911475000,0.31625906911220714
1627911505000,0.3136739632926829
1627911535000,0.31840347922318124
1627911565000,0.31666966662584195
1627911595000,0.3143427894447834
1627911625000,0.3162729986932172
1627911655000,0.3160716958743842
1627911685000,0.3159895821428572
1627911715000,0.311656489301175
1627911745000,0.3160003848192771
1627911775000,0.3103290729305136
1627911805000,0.3127788994413408
1627911835000,0.31399675554202194
1627911865000,0.3131515674265147
1627911895000,0.3135449398897059
1627911925000,0.31227623805202664
1627911955000,0.3157116269581057
1627911985000,0.3149932011111111
1627912015000,0.3209995475692308
1627912045000,0.31706094003667484
1627912075000,0.3150740295412844
1627912105000,0.3160452874168179
1627912135000,0.3149618698520345
1627912165000,0.3110477102140673
1627912195000,0.3189302058132344
1627912225000,0.3161048383211679
1627912255000,0.31657354833948337
1627912285000,0.3129329791304348
1627912315000,0.311323050763592
1627912345000,0.3143275108024691
1627912375000,0.3201956126148193
1627912405000,0.3166157048200122
1627912435000,0.3118338612844037
1627912465000,0.31708300166666664
1627912495000,0.3151998765424557
1627912525000,0.31155249877526026
1627912555000,0.31580515952677457
1627912585000,0.3150823102028273
1627912615000,0.3152427606376456
1627912645000,0.3147328716738197
1627912675000,0.31546748702801464
1627912705000,0.3135072007357449
1627912735000,0.31135145251396645
1627912765000,0.31382614424615385
1627912795000,0.3163986689444783
1627912825000,0.3123510646153846
1627912855000,0.31214433056580565
1627912885000,0.3178621494775661
1627912915000,0.3169225624613482
1627912945000,0.3113020267631103
1627912975000,0.31156376531862745
1627913005000,0.3173960193668529
1627913035000,0.3120600485661989
1627913065000,0.3168325982630273
1627913095000,0.31429806922604425
1627913125000,0.31172998778252897
1627913155000,0.3159995063063063
1627913185000,0.3110060363298202
1627913215000,0.31415829622871044
1627913245000,0.31603677607361963
1627913275000,0.3152286266261398
1627913305000,0.31245762299202945
1627913335000,0.3165595617008444
1627913365000,0.3113847329433497
1627913395000,0.32252301690490986
1627913425000,0.3149072594247246
1627913455000,0.3231720951474201
1627913485000,0.31683030470006185
1627913515000,0.3176497285358256
1627913545000,0.311875668270402
1627913575000,0.309847900123533
1627913605000,0.3122028225230769
1627913635000,0.3187092235403727
1627913665000,0.3150117530349479
1627913695000,0.3111037189467312
1627913725000,0.3114493112484549
1627913755000,0.3144601511412708
1627913785000,0.3191004865966646
1627913815000,0.3146888029161604
1627913845000,0.3123225508333333
1627913875000,0.3110107335399876
1627913905000,0.3115718621853898
1627913935000,0.3112363737584304
1627913965000,0.3134873106592729
1627913995000,0.3140001281757977
1627914025000,0.31693325603985056
1627914055000,0.31043658361650484
1627914085000,0.3121198315854411
1627914115000,0.31922504245049504
1627914145000,0.31048227987767585
1627914175000,0.3153193608853851
1627914205000,0.316460056741573
1627914235000,0.3158549583743842
1627914265000,0.31616686715958103
1627914295000,0.3144793785405071
1627914325000,0.31625916020719075
1627914355000,0.31281929071170084
1627914385000,0.31646733271375466
1627914415000,0.3175441959752322
1627914445000,0.3113160058032987
1627914475000,0.3129101571079927
1627914505000,0.3135602628134557
1627914535000,0.31460375524390244
1627914565000,0.3127781792372881
1627914595000,0.31610004508495143
1627914625000,0.31754573282114323
1627914655000,0.3131026368896926
1627914685000,0.3162055886967264
1627914715000,0.32651193674082984
1627914745000,0.31138338433515483
1627914775000,0.31186294779189355
1627914805000,0.3163049452690167
1627914835000,0.31741744602484473
1627914865000,0.31538839644389943
1627914895000,0.311347221424224
1627914925000,0.3147309557657108
1627914955000,0.3131282570804741
1627914985000,0.3173517920489297
1627915015000,0.315760452480098
1627915045000,0.31540613783292976
1627915075000,0.3116072405946602
1627915105000,0.3180815265768524
1627915135000,0.31586742777101096
1627915165000,0.3099983121450151
1627915195000,0.3152649432734036
1627915225000,0.3099538509538461
1627915255000,0.3166532102706027
1627915285000,0.3149234404189772
1627915315000,0.3133355772473652
1627915345000,0.3093882124468731
1627915375000,0.3108756338888889
1627915405000,0.3126712001829268
1627915435000,0.3118198386156649
1627915465000,0.31793221752767525
1627915495000,0.3162341488587292
1627915525000,0.3139234233821734
1627915555000,0.3163239656230816
1627915585000,0.31379927086903303
1627915615000,0.3166936879750779
1627915645000,0.3160304868340478
1627915675000,0.3135275934487021
1627915705000,0.3222338348623853
1627915735000,0.31840979548736464
1627915765000,0.3132897222977146
1627915795000,0.3165142241671714
1627915825000,0.3112522206521739
1627915855000,0.3115725686383241
1627915885000,0.3120550798530312
1627915915000,0.3123927568238213
1627915945000,0.3163373047297297
1627915975000,0.3128214672330097
1627916005000,0.3249701962009804
1627916035000,0.3203541518723143
1627916065000,0.31414698465346536
1627916095000,0.30847470585722997
1627916125000,0.3126198768107121
1627916155000,0.3137796767199017
1627916185000,0.3128157380024361
1627916215000,0.3135044064102564
1627916245000,0.31705883746186697
1627916275000,0.3107890577135833
1627916305000,0.3149071261453879
1627916335000,0.3109794114653587
1627916365000,0.31070284074984633
1627916395000,0.31959409259716226
1627916425000,0.31522872038953137
1627916455000,0.32153839777777776
1627916485000,0.3130081681789932
1627916515000,0.3069016169891173
1627916545000,0.3171756171358629
1627916575000,0.3192463030567685
1627916605000,0.3138517084777228
1627916635000,0.3119976770129072
1627916665000,0.3106794506666667
1627916695000,0.31447290072507555
1627916725000,0.3112500385879489
1627916755000,0.3116051800123001
1627916785000,0.31332803158220024
1627916815000,0.3111942696472019
1627916845000,0.3110233138414634
1627916875000,0.3114997408732565
1627916905000,0.31124242802164764
1627916935000,0.3135474714285714
1627916965000,0.3173526574197456
1627916995000,0.3133916893006575
1627917025000,0.3136366496932516
1627917055000,0.3092255806116208
1627917085000,0.3167142767097967
1627917115000,0.32036520424615383
1627917145000,0.3123241320049813
1627917175000,0.3143473485644472
1627917205000,0.3120579008505468
1627917235000,0.3100702828955406
1627917265000,0.3155586245259939
1627917295000,0.3178377939281289
1627917325000,0.31572189666254635
1627917355000,0.3129952110086101
1627917385000,0.31377856051819863
1627917415000,0.3130487980210266
1627917445000,0.3163964690976514
1627917475000,0.31696388103030304
1627917505000,0.3111086212400245
1627917535000,0.3141015648566199
1627917565000,0.3157048421052632
1627917595000,0.31663697323856616
1627917625000,0.31702842389819985
1627917655000,0.3154373132678133
1627917685000,0.31601980109823063
1627917715000,0.3154182164929491
1627917745000,0.3109264109113453
1627917775000,0.3135704216934487
1627917805000,0.3133721411620795
1627917835000,0.31442083039702234
1627917865000,0.31726062184822523
1627917895000,0.31504698186215235
1627917925000,0.3158164975881261
1627917955000,0.3111171554194734
1627917985000,0.3161650574953732
1627918015000,0.31436785
1627918045000,0.3168456682403433
1627918075000,0.3118897217337461
1627918105000,0.3179228497230769
1627918135000,0.31525310836385834
1627918165000,0.31593043783783786
1627918195000,0.3146156328440367
1627918225000,0.3178507756441718
1627918255000,0.3167174178614824
1627918285000,0.3165286310199155
1627918315000,0.3174103400486914
1627918345000,0.31212725417937764
1627918375000,0.3197647728267477
1627918405000,0.3111412995055624
1627918435000,0.3139272383906634
1627918465000,0.3114388453276699
1627918495000,0.3131278118902439
1627918525000,0.3182525427692308
1627918555000,0.3120471000611621
1627918585000,0.3142008774094536
1627918615000,0.315719685105068
1627918645000,0.3147646490396159
1627918675000,0.3126766148282097
1627918705000,0.31403209581022795
1627918735000,0.3123371370505789
1627918765000,0.31264407687116563
1627918795000,0.31090001296296305
1627918825000,0.3245859772783251
1627918855000,0.3152440968408263
1627918885000,0.3116947639434889
1627918915000,0.3141502958076449
1627918945000,0.31717309300911856
1627918975000,0.312482788289393
1627919005000,0.31109508734100544
1627919035000,0.318965485887341
1627919065000,0.31079232025240383
1627919095000,0.3110624608148592
1627919125000,0.3112777201100245
1627919155000,0.3162235982219497
1627919185000,0.31404813883011823
1627919215000,0.31700402807125305
1627919245000,0.32063799192852743
1627919275000,0.3152015034316677
1627919305000,0.3106323768053856
1627919335000,0.3122059689486553
1627919365000,0.3121285012345679
1627919395000,0.3181723445526476
1627919425000,0.3138531391834247
1627919455000,0.3164080838868389
1627919485000,0.3206564939243645
1627919515000,0.31500652515225336
1627919545000,0.3224834130858186
1627919575000,0.3142365023751523
1627919605000,0.3166602281345566
1627919635000,0.3107876416515973
1627919665000,0.3118315268684373
1627919695000,0.31679254763047393
1627919725000,0.3085775872738239
1627919755000,0.31383990764525993
1627919785000,0.3116198389402341
1627919815000,0.3107494079171742
1627919845000,0.313050676056338
1627919875000,0.3105082491163925
1627919905000,0.318123065885256
1627919935000,0.3172806396203307
1627919965000,0.31355366500300663
1627919995000,0.3117500241190765
1627920025000,0.31313470489596085
1627920055000,0.3125488350737101
1627920085000,0.3172184037377451
1627920115000,0.3157222444717445
1627920145000,0.31817654133416456
1627920175000,0.31385915913520096
1627920205000,0.31711533406459474
1627920235000,0.3160273855900621
1627920265000,0.3082436121787025
1627920295000,0.3170272765508685
1627920325000,0.3126914924471299
1627920355000,0.3224246669140383
1627920385000,0.3145226237423313
1627920415000,0.3173350220915841
1627920445000,0.3128362234529703
1627920475000,0.31334729018776497
1627920505000,0.3112622103617413
1627920535000,0.3116825684855917
1627920565000,0.3172449417937767
1627920595000,0.31803755891425045
1627920625000,0.3116360569859671
1627920655000,0.3129130329283111
1627920685000,0.3148608240934235
1627920715000,0.3166008601246106
1627920745000,0.3164899160637646
1627920775000,0.3127025682044888
1627920805000,0.317488051128737
1627920835000,0.3114553111731844
1627920865000,0.31527230982087706
1627920895000,0.3114636052855407
1627920925000,0.31389060012040937
1627920955000,0.3113674691646192
1627920985000,0.31694018636919313
1627921015000,0.31726021683046685
1627921045000,0.3077016763030303
1627921075000,0.31256779148550723
1627921105000,0.31122971692213364
1627921135000,0.3120977648148148
1627921165000,0.3124715210363973
1627921195000,0.3122656086744044
1627921225000,0.3138484705346294
1627921255000,0.31731936925925924
1627921285000,0.3162124616421569
1627921315000,0.3166874088162762
1627921345000,0.31635081070780396
1627921375000,0.31835427510574016
1627921405000,0.3214300702652684
1627921435000,0.3113901365763547
1627921465000,0.3147188590825688
1627921495000,0.3128520895641498
1627921525000,0.31840036237623764
1627921555000,0.31181923629130964
1627921585000,0.3237518050030883
1627921615000,0.31093875012453304
1627921645000,0.3133405390394089
1627921675000,0.3142404902924704
1627921705000,0.3120110521819299
1627921735000,0.3197975557527539
1627921765000,0.3150806556234719
1627921795000,0.3123788425230769
1627921825000,0.3185710621988882
1627921855000,0.31820517186525266
1627921885000,0.3109867275629221
1627921915000,0.3126248307506053
1627921945000,0.32118783961799136
1627921975000,0.3194176326245444
1627922005000,0.319563821990172
1627922035000,0.3208134506756757
1627922065000,0.31664700754017305
1627922095000,0.3141371016676961
1627922125000,0.3139222250920245
1627922155000,0.31698981067242443
1627922185000,0.3112095351681957
1627922215000,0.3155407682616596
1627922245000,0.31195503347560977
1627922275000,0.3232371212158809
1627922305000,0.31624014367050274
1627922335000,0.3111894052076876
1627922365000,0.311823373313253
1627922395000,0.3112252233939394
1627922425000,0.30766507452267305
1627922455000,0.3216633864947821
1627922485000,0.3111128508307692
1627922515000,0.31660924376899696
1627922545000,0.3127583748606811
1627922575000,0.3157388188351921
1627922605000,0.3110256700367647
1627922635000,0.3126651762886598
1627922665000,0.3153761432415902
1627922695000,0.3202969855555556
1627922725000,0.3125323301606922
1627922755000,0.3139017635474006
1627922785000,0.3126103043451273
1627922815000,0.3179148484978541
1627922845000,0.3118595174613003
1627922875000,0.32269964283935243
1627922905000,0.31623256185503684
1627922935000,0.3266018956547978
1627922965000,0.31273150012084594
1627922995000,0.3103456858780929
1627923025000,0.3163603572133169
1627923055000,0.3107481833435771
1627923085000,0.3149319338858195
1627923115000,0.3119077398399015
1627923145000,0.3181266613636364
1627923175000,0.3121894476629766
1627923205000,0.31991559130166564
1627923235000,0.3103300403775883
1627923265000,0.3201325322777101
1627923295000,0.3177918962299135
1627923325000,0.3167640239196592
1627923355000,0.3124267628411911
1627923385000,0.3138964417337461
1627923415000,0.318325826405868
1627923445000,0.3124221107296137
1627923475000,0.31518260190534725
1627923505000,0.3129809645121193
1627923535000,0.31675893446601944
1627923565000,0.3169262092707046
1627923595000,0.3161653286410725
1627923625000,0.3125462497251069
1627923655000,0.3189719994614004
1627923685000,0.3159543320950061
1627923715000,0.3158681465230769
1627923745000,0.3167994745825603
1627923775000,0.3149527094978826
1627923805000,0.3146738740514076
1627923835000,0.31730198830694273
1627923865000,0.3121696654899574
1627923895000,0.3149724419875776
1627923925000,0.3142055136
1627923955000,0.3127332490449785
1627923985000,0.3154456776266996
1627924015000,0.31495578456865125
1627924045000,0.312802218757764
1627924075000,0.3126099714801444
1627924105000,0.31819786452599386
1627924135000,0.31644621491712704
1627924165000,0.3117009508868501
1627924195000,0.32226147857142856
1627924225000,0.31354085488029465
1627924255000,0.3134644009063444
1627924285000,0.31358388578491964
1627924315000,0.3137136828220859
1627924345000,0.3129683948529412
1627924375000,0.3125568345165239
1627924405000,0.3119663009293681
1627924435000,0.3103190443622921
1627924465000,0.3127285465621231
1627924495000,0.3166332045676005
1627924525000,0.3130949723470662
1627924555000,0.3107627294226044
1627924585000,0.31604823858560793
1627924615000,0.31204114688264056
1627924645000,0.3128421661141805
1627924675000,0.3192482844923077
1627924705000,0.31941887955936354
1627924735000,0.3174574802766085
1627924765000,0.31200722832929784
1627924795000,0.31525200322777097
1627924825000,0.3119242350342253
1627924855000,0.317412851505839
1627924885000,0.25586244762773724
1627924915000,0.3159847306845966
1627924945000,0.311735065775076
1627924975000,0.3145485593654668
1627925005000,0.31157058002421306
1627925035000,0.3127281165126309
1627925065000,0.31281939356405586
1627925095000,0.32248225075620085
1627925125000,0.31950277719729564
1627925155000,0.31293929944615384
1627925185000,0.31770190067943177
1627925215000,0.3183863135519802
1627925245000,0.3152835660049628
1627925275000,0.3089545845690175
1627925305000,0.3168628381070984
1627925335000,0.3202921535012285
1627925365000,0.3128331392792793
1627925395000,0.3158650892638037
1627925425000,0.3116538550031075
1627925455000,0.31099959209558825
1627925485000,0.31669413384239464
1627925515000,0.3140814369026013
1627925545000,0.31333101
1627925575000,0.31269304917025204
1627925605000,0.31630641490414346
1627925635000,0.3129288138905962
1627925665000,0.3162513621521336
1627925695000,0.31100409312652066
1627925725000,0.3176371273065016
1627925755000,0.31401980129390017
1627925785000,0.3171237893167702
1627925815000,0.3174404402220851
1627925845000,0.3179983510598504
1627925875000,0.3107895708131068
1627925905000,0.3116593111926605
1627925935000,0.313980334544335
1627925965000,0.3218176375
1627925995000,0.31782782257281555
1627926025000,0.31303192709757616
1627926055000,0.31746327742130753
1627926085000,0.3127739180529883
1627926115000,0.3142282295343137
1627926145000,0.31734340485854856
1627926175000,0.31213505216595483
1627926205000,0.31698294465485644
1627926235000,0.3186797823783118
1627926265000,0.3178277318885449
1627926295000,0.31000307579075426
1627926325000,0.31307467365233194
1627926355000,0.3197708096656535
1627926385000,0.3169437417181706
1627926415000,0.3224279278419453
1627926445000,0.31322315825123154
1627926475000,0.319415753125
1627926505000,0.3140883598170732
1627926535000,0.3162577573719926
1627926565000,0.31353178312807883
1627926595000,0.3169504495401594
1627926625000,0.3131655032317073
1627926655000,0.31606423639705883
1627926685000,0.3155530054367746
1627926715000,0.3199335105134474
1627926745000,0.3156901210591133
1627926775000,0.31114670609535305
1627926805000,0.3100204850398529
1627926835000,0.32256983470483
1627926865000,0.31824311276595746
1627926895000,0.3153419716841456
1627926925000,0.3110751341596131
1627926955000,0.3125099787990196
1627926985000,0.31824330801242234
1627927015000,0.3212042825031133
1627927045000,0.312158329807094
1627927075000,0.3171584701934704
1627927105000,0.3120801019975787
1627927135000,0.31991447960687963
1627927165000,0.3176326358787879
1627927195000,0.3154327232615385
1627927225000,0.31377484111455106
1627927255000,0.3186229356921167
1627927285000,0.3154478931540342
1627927315000,0.3188578905413815
1627927345000,0.3173318321145643
1627927375000,0.3153181435850215
1627927405000,0.3111621769417476
1627927435000,0.3105402457616708
1627927465000,0.3130686886792453
1627927495000,0.31120507973541794
1627927525000,0.3148127751677852
1627927555000,0.3132362387437811
1627927585000,0.3216279163378545
1627927615000,0.3162607601466993
1627927645000,0.3141454206896552
1627927675000,0.3128240343653251
1627927705000,0.31224427433354
1627927735000,0.3135009987646695
1627927765000,0.3118362530587523
1627927795000,0.2508406081807082
1627927825000,0.31255407095179233
1627927855000,0.3125288562807882
1627927885000,0.3155108037700865
1627927915000,0.3148026968845449
1627927945000,0.31243961354166666
1627927975000,0.32124579539594844
1627928005000,0.32108857168525395
1627928035000,0.3150264123020706
1627928065000,0.3141014293830177
1627928095000,0.31423536668726826
1627928125000,0.3165402295825772
1627928155000,0.3104958034125533
1627928185000,0.31913510159509195
1627928215000,0.31811881346739795
1627928245000,0.31676820929944205
1627928275000,0.31334676749533874
1627928305000,0.3164235933496034
1627928335000,0.3133827520048603
1627928365000,0.31366103481166463
1627928395000,0.3123777655384615
1627928425000,0.31639046952789696
1627928455000,0.3121870942507645
1627928485000,0.31116649003076924
1627928515000,0.3102113986127865
1627928545000,0.3125315618046972
1627928575000,0.3216255316144874
1627928605000,0.3152807945812808
1627928635000,0.3146270358433735
1627928665000,0.31724589926650365
1627928695000,0.31895415552202777
1627928725000,0.3141413416767922
1627928755000,0.3164410197560976
1627928785000,0.3196228755064457
1627928815000,0.3152632685173887
1627928845000,0.3139550597931873
1627928875000,0.3171175718712029
1627928905000,0.31244813514492753
1627928935000,0.3154834562003665
1627928965000,0.3159886382084095
1627928995000,0.3080009483672212
1627929025000,0.3176401103658537
1627929055000,0.30997690104166664
1627929085000,0.31132477475609754
1627929115000,0.3207179411619283
1627929145000,0.3106258046987952
1627929175000,0.31561816617826616
1627929205000,0.3150643457823961
1627929235000,0.3112349396658416
1627929265000,0.3141650438372799
1627929295000,0.3186221271892223
1627929325000,0.3161758501529052
1627929355000,0.31262974653705955
1627929385000,0.3114062223980523
1627929415000,0.31295508575832304
1627929445000,0.3135895581022797
1627929475000,0.3173501807093964
1627929505000,0.3126406826536823
1627929535000,0.31299693064903844
1627929565000,0.3188270546617916
1627929595000,0.31264633879310344
1627929625000,0.3134450297885196
1627929655000,0.3119376178658537
1627929685000,0.31384292982241274
1627929715000,0.3112483786020846
1627929745000,0.31288280229813664
1627929775000,0.3184521592368262
1627929805000,0.31461079135429265
1627929835000,0.3145552034161491
1627929865000,0.3175467993834772
1627929895000,0.3168740615337797
1627929925000,0.3127964465930018
1627929955000,0.3185940826113484
1627929985000,0.3163659700554529
1627930015000,0.31359219549604384
1627930045000,0.314548150946854
1627930075000,0.320012362026862
1627930105000,0.31205998410351193
1627930135000,0.31529596976885643
1627930165000,0.3135717816
1627930195000,0.3128889696636086
1627930225000,0.31184230522161505
1627930255000,0.31215993112183354
1627930285000,0.3139774526445264
1627930315000,0.31750630989740497
1627930345000,0.31481972622139764
1627930375000,0.3116519297728668
1627930405000,0.3184386541053922
1627930435000,0.3105289720901889
1627930465000,0.3205205873055383
1627930495000,0.31343825572047
1627930525000,0.31333833564535585
1627930555000,0.3202338686189889
1627930585000,0.3077742676524954
1627930615000,0.3124496334156887
1627930645000,0.31260620231707315
1627930675000,0.31392100750307506
1627930705000,0.3105539820231566
1627930735000,0.3186278152985075
1627930765000,0.31005716644004944
1627930795000,0.3179865426443203
1627930825000,0.31498618841201714
1627930855000,0.3134266699142157
1627930885000,0.3175368571957999
1627930915000,0.3197989598300971
1627930945000,0.3119433048170732
1627930975000,0.3221158449722394
1627931005000,0.3164314705009276
1627931035000,0.3219167281559406
1627931065000,0.3122662903644225
1627931095000,0.3185618651664612
1627931125000,0.3132722625153374
1627931155000,0.3129644592799504
1627931185000,0.31794156542909313
1627931215000,0.3149110766418835
1627931245000,0.3132865469053398
1627931275000,0.31266816332714903
1627954825000,0.3112483364193746
1627954855000,0.3106611223378213
1627954885000,0.31342971075794623
1627954915000,0.3103692401834862
1627954945000,0.31257006594827585
1627954975000,0.31778513114956736
1627955005000,0.32007247201722017
1627955035000,0.3161267514232673
1627955065000,0.3120835070812808
1627955095000,0.3169127808600848
1627955125000,0.3174212992078001
1627955155000,0.31178398499073495
1627955185000,0.3191136280270436
1627955215000,0.3111982853553922
1627955245000,0.31883718628291485
1627955275000,0.32004423271260085
1627955305000,0.31222712109375
1627955335000,0.3085491758662614
1627955365000,0.3114187775362319
1627955395000,0.312158801599016
1627955425000,0.3118907745835904
1627955455000,0.31775951926829266
1627955485000,0.31731582611580217
1627955515000,0.31170260267477196
1627955545000,0.3155094546576188
1627955575000,0.3108529963669951
1627955605000,0.3127870514197531
1627955635000,0.31729844193548384
1627955665000,0.3177797862590799
1627955695000,0.31402257812887235
1627955725000,0.31155617782608697
1627955755000,0.3171144051628765
1627955785000,0.31729274178657074
1627955815000,0.3128690155940594
1627955845000,0.31206874361637144
1627955875000,0.3131408136058572
1627955905000,0.31365658680513137
1627955935000,0.3144455327028676
1627955965000,0.31211595321782176
1627955995000,0.3157755900674433
1627956025000,0.323213350062422
1627956055000,0.3115855354818907
1627956085000,0.315696094762785
1627956115000,0.3158892808706315
1627956145000,0.3153300506642512
1627956175000,0.3116498134556575
1627956205000,0.31320498405620034
1627956235000,0.31049302364411946
1627956265000,0.3173016077338129
1627956295000,0.3154222168004941
1627956325000,0.3150171595923261
1627956355000,0.31707203986402965
1627956385000,0.3099493065934066
1627956415000,0.3122282592865929
1627956445000,0.3164944761266748
1627956475000,0.31425464651449725
1627956505000,0.3188106336989641
1627956535000,0.3147669333536585
1627956565000,0.31624388853658536
1627956595000,0.31269787970660146
1627956625000,0.3113177870073892
1627956655000,0.3186272485889571
1627956685000,0.3162025984068628
1627956715000,0.3118069672760512
1627956745000,0.31333340765432105
1627956775000,0.3182420842682927
1627956805000,0.3191914875541796
1627956835000,0.3174558700123916
1627956865000,0.3131010504520796
1627956895000,0.3131649562195122
1627956925000,0.32078975988909425
1627956955000,0.3123985735294117
1627956985000,0.3130605481733746
1627957015000,0.3157958004318322
1627957045000,0.31785633980404165
1627957075000,0.3123619795107034
1627957105000,0.3167466011642157
1627957135000,0.3159087732142857
1627957165000,0.31293264633394946
1627957195000,0.3152236696801968
1627957225000,0.3128615245549417
1627957255000,0.3111761489659368
1627957285000,0.3114212719631902
1627957315000,0.3163591120710784
1627957345000,0.3143504732716049
1627957375000,0.31387741009852216
1627957405000,0.31331452822384426
1627957435000,0.3163014561933535
1627957465000,0.31236969522035996
1627957495000,0.31241619643076923
1627957525000,0.3098331396352584
1627957555000,0.3142967235330451
1627957585000,0.3200042551831161
1627957615000,0.3152727644923077
1627957645000,0.3141820551511413
1627957675000,0.3144135180818571
1627957705000,0.31019653543599257
1627957735000,0.3122950545072115
1627957765000,0.31767453671970625
1627957795000,0.31639644436229203
1627957825000,0.3163557072859745
1627957855000,0.3145565612345679
1627957885000,0.3149653647495362
1627957915000,0.312767679752322
1627957945000,0.3161223871105681
1627957975000,0.31093288525091806
1627958005000,0.31421355807453416
1627958035000,0.31369457013546803
1627958065000,0.3228265864551556
1627958095000,0.31609843060848186
1627958125000,0.3130587162377451
1627958155000,0.3133229247666459
1627958185000,0.3162583243692308
1627958215000,0.319421027030303
1627958245000,0.31801813266708306
1627958275000,0.3126312842331289
1627958305000,0.3131441019512195
1627958335000,0.31936216545566504
1627958365000,0.3087616557773745
1627958395000,0.31346960576208177
1627958425000,0.3182654566563468
1627958455000,0.3118376452194829
1627958485000,0.3149210532066508
1627958515000,0.3175068378992629
1627958545000,0.3182486119321623
1627958575000,0.3117442220668693
1627958605000,0.31232867936893205
1627958635000,0.313811776117575
1627958665000,0.3112702102015883
1627958695000,0.3160553645538461
1627958725000,0.31725405103785104
1627958755000,0.3207468974800246
1627958785000,0.25685826872353296
1627958815000,0.3047634750767342
1627958845000,0.3125481158866995
1627958875000,0.316210129789864
1627958905000,0.3137052912034209
1627958935000,0.3128306540740741
1627958965000,0.3160720104294479
1627958995000,0.3137641798632691
1627959025000,0.3146158679558011
1627959055000,0.3119483626920713
1627959085000,0.31816088
1627959115000,0.3111978660606061
1627959145000,0.31513014896214897
1627959175000,0.32013950066425123
1627959205000,0.31525498234575444
1627959235000,0.31482101056860323
1627959265000,0.3145151023370233
1627959295000,0.3121025541044776
1627959325000,0.31662218100799017
1627959355000,0.3180492174340086
1627959385000,0.316806905398773
1627959415000,0.3123498166972477
1627959445000,0.3158070950868784
1627959475000,0.3193807798416565
1627959505000,0.3167066785405071
1627959535000,0.3160931783536585
1627959565000,0.3188266773736128
1627959595000,0.3118591827228327
1627959625000,0.3136503653562653
1627959655000,0.3185258201358864
1627959685000,0.31130105145454545
1627959715000,0.3128728780771586
1627959745000,0.31730567643076923
1627959775000,0.3219573285006196
1627959805000,0.3139210663630844
1627959835000,0.31309539785276075
1627959865000,0.31205762373398416
1627959895000,0.3126037599756691
1627959925000,0.3195799164923077
1627959955000,0.31150339275184274
1627959985000,0.3158968893074119
1627960015000,0.3147089802946593
1627960045000,0.320143749847468
1627960075000,0.31435010801479657
1627960105000,0.3109971176043557
1627960135000,0.3123913747863248
1627960165000,0.2585017139751553
1627960195000,0.30927200648878106
1627960225000,0.31548214754505904
1627960255000,0.3167754547928262
1627960285000,0.31764166461632154
1627960315000,0.3169679776674938
1627960345000,0.3206224952439025
1627960375000,0.3148611747826087
1627960405000,0.3222246595194085
1627960435000,0.31123215577156743
1627960465000,0.313319725939618
1627960495000,0.31140988241826034
1627960525000,0.3168663438888889
1627960555000,0.3210972089616811
1627960585000,0.3135915793230769
1627960615000,0.3139498794730392
1627960645000,0.31409352122699385
1627960675000,0.3103697507255139
1627960705000,0.3159772993397359
1627960735000,0.3119066383017715
1627960765000,0.31696531664619165
1627960795000,0.3158823893203884
1627960825000,0.3123000072851806
1627960855000,0.30926936622516554
1627960885000,0.31785791786814543
1627960915000,0.31715901971481714
1627960945000,0.3123247789731051
1627960975000,0.3086881219261054
1627961005000,0.3148767946682464
1627961035000,0.31514240846944946
1627961065000,0.3198822367211131
1627961095000,0.3122426800371978
1627961125000,0.31715228128797085
1627961155000,0.3100127095033722
1627961185000,0.3161093869405273
1627961215000,0.312084468957346
1627961245000,0.31051499676817895
1627961275000,0.3142182539081886
1627961305000,0.31656735550061804
1627961335000,0.3181230741263029
1627961365000,0.3179174373538461
1627961395000,0.3169648734857849
1627961425000,0.3133518154320988
1627961455000,0.3180973620815581
1627961485000,0.314923706443769
1627961515000,0.3198352648159324
1627961545000,0.31694359773700304
1627961575000,0.31595859913366336
1627961605000,0.32006588147692305
1627961635000,0.3131342849909584
1627961665000,0.3134584508934073
1627961695000,0.3125737266009852
1627961725000,0.3116115100490196
1627961755000,0.3097356676942047
1627961785000,0.3186458510079413
1627961815000,0.3151282198398028
1627961845000,0.3180864803288672
1627961875000,0.3199927845543345
1627961905000,0.31361835352977285
1627961935000,0.31203163380454824
1627961965000,0.3166268135435993
1627961995000,0.316989548736907
1627962025000,0.31360490724907064
1627962055000,0.3204998549390244
1627962085000,0.3173557129132876
1627962115000,0.3189780925925926
1627962145000,0.31173761544518475
1627962175000,0.31364551793145656
1627962205000,0.3170096072704868
1627962235000,0.3120998940123457
1627962265000,0.31576514031765424
1627962295000,0.3170247779671333
1627962325000,0.31149411638940233
1627962355000,0.3144121126443769
1627962385000,0.3118733466340269
1627962415000,0.3233167376237624
1627962445000,0.3190158623258631
1627962475000,0.310976286834231
1627962505000,0.311866640123839
1627962535000,0.3111562182769231
1627962565000,0.3126453098330241
1627962595000,0.3136230444307692
1627962625000,0.3155314860720831
1627962655000,0.3176064112454655
1627962685000,0.31102593149509805
1627962715000,0.3154445048327137
1627962745000,0.3122509753063725
1627962775000,0.3146544591712371
1627962805000,0.3189970149752475
1627962835000,0.3183204250154036
1627962865000,0.3129952383906634
1627962895000,0.316039450476758
1627962925000,0.3141197000611995
1627962955000,0.3146230403822441
1627962985000,0.3174399285090456
1627963015000,0.3158774108682453
1627963045000,0.3145191659613059
1627963075000,0.31386247894417474
1627963105000,0.313120405244123
1627963135000,0.3183147464504284
1627963165000,0.2534659538270068
1627963195000,0.3146117031657356
1627963225000,0.3141312582619339
1627963255000,0.3158393533621221
1627963285000,0.3127439883435583
1627963315000,0.3156211445058318
1627963345000,0.31029813830694275
1627963375000,0.31266851520539546
1627963405000,0.31671900182149365
1627963435000,0.31583666763812995
1627963465000,0.31187696383108937
1627963495000,0.3116456871402327
1627963525000,0.3127744560168472
1627963555000,0.31307350037151704
1627963585000,0.3150143756203474
1627963615000,0.3169875286678944
1627963645000,0.31706899260869564
1627963675000,0.316932956416615
1627963705000,0.3115268062958435
1627963735000,0.3199211559311617
1627963765000,0.31726347635467983
1627963795000,0.3149101800123001
1627963825000,0.3169521952641165
1627963855000,0.3109215168504902
1627963885000,0.3210223242331288
1627963915000,0.3120735840702604
1627963945000,0.3120676238587949
1627963975000,0.3152588970606246
1627964005000,0.3128623536196319
1627964035000,0.3125250453333333
1627964065000,0.3156537463429625
1627964095000,0.3129139678048781
1627964125000,0.3154153656898657
1627964155000,0.3190277878862793
1627964185000,0.3102085856885147
1627964215000,0.31367599938537183
1627964245000,0.31273679420825634
1627964275000,0.3186957435018051
1627964305000,0.31709193883076925
1627964335000,0.3107086564634146
1627964365000,0.314509827345187
1627964395000,0.3185422694665849
1627964425000,0.3189723791181874
1627964455000,0.3146232286835749
1627964485000,0.3184125842848373
1627964515000,0.3195504006769231
1627964545000,0.3159377857230769
1627964575000,0.3142637148125384
1627964605000,0.3128516496314496
1627964635000,0.3172301058787129
1627964665000,0.3163062181208054
1627964695000,0.3149492658909981
1627964725000,0.32365524184354155
1627964755000,0.3152101470408786
1627964785000,0.3142613859205776
1627964815000,0.3200086997568389
1627964845000,0.3187373707893101
1627964875000,0.3125451258566978
1627964905000,0.31536259741856176
1627964935000,0.3119035244785276
1627964965000,0.3150312037151703
1627964995000,0.3181666333126165
1627965025000,0.315696905659204
1627965055000,0.3124646432983323
1627965085000,0.3169309387354205
1627965115000,0.3169758273509527
1627965145000,0.31095877558770346
1627965175000,0.3153908472782875
1627965205000,0.31488116427688506
1627965235000,0.3203884917325228
1627965265000,0.31298223327149044
1627965295000,0.31209982067484665
1627965325000,0.31253547758094075
1627965355000,0.3155011236585366
1627965385000,0.316131320582878
1627965415000,0.3158860305974653
1627965445000,0.3115608134236453
1627965475000,0.3128150210718636
1627965505000,0.3143267434299815
1627965535000,0.3180541554601227
1627965565000,0.3105593099758162
1627965595000,0.30756846305389224
1627965625000,0.3160752627046695
1627965655000,0.32257969901900674
1627965685000,0.3150095139225181
1627965715000,0.3135992145808019
1627965745000,0.3160298055188962
1627965775000,0.31045719858199755
1627965805000,0.30948605091463416
1627965835000,0.31484104300613497
1627965865000,0.3171168362967505
1627965895000,0.3202043081265509
1627965925000,0.3169904816747573
1627965955000,0.3101220274282224
1627965985000,0.31358211127361363
1627966015000,0.31165156102003644
1627966045000,0.31497678937080026
1627966075000,0.3156194838118509
1627966105000,0.3180279870595383
1627966135000,0.3141075666055046
1627966165000,0.3154963507416564
1627966195000,0.31633412264034544
1627966225000,0.3125225157894737
1627966255000,0.3096156136335971
1627966285000,0.3166467781807007
1627966315000,0.3215730214154973
1627966345000,0.3176115419605499
1627966375000,0.3168803856438694
1627966405000,0.3129921260384377
1627966435000,0.3137890556915545
1627966465000,0.31199311247695144
1627966495000,0.3139173622920517
1627966525000,0.3180215868388684
1627966555000,0.3177915064903846
1627966585000,0.3100297716381418
1627966615000,0.31696671791229153
1627966645000,0.319068912292563
1627966675000,0.3109109901098901
1627966705000,0.3117013648024316
1627966735000,0.3153453645531401
1627966765000,0.3137026666045934
1627966795000,0.32274350486453196
1627966825000,0.3198050093366093
1627966855000,0.31253760626535626
1627966885000,0.3172860140350877
1627966915000,0.31278119101466995
1627966945000,0.3172184422604423
1627966975000,0.3122805025735294
1627967005000,0.31472067702539297
1627967035000,0.3105047243325243
1627967065000,0.3171332533497234
1627967095000,0.3157801147451456
1627967125000,0.3120623944852941
1627967155000,0.3119622816676885
1627967185000,0.3153502300793167
1627967215000,0.31166561229357803
1627967245000,0.31268029161053273
1627967275000,0.3142665893234016
1627967305000,0.3171566984088127
1627967335000,0.31848800869829685
1627967365000,0.3127155584532374
1627967395000,0.31743353345610803
1627967425000,0.3121609491032777
1627967455000,0.3131607101529052
1627967485000,0.3090900635978195
1627967515000,0.3144783453646477
1627967545000,0.31570701894409936
1627967575000,0.31658427899938235
1627967605000,0.3222155229813665
1627967635000,0.31160942893590543
1627967665000,0.3167539768847352
1627967695000,0.31886937394752896
1627967725000,0.3162537859519409
1627967755000,0.31760949883934025
1627967785000,0.3113137113345521
1627967815000,0.3128849800245098
1627967845000,0.3122683462631254
1627967875000,0.31406051594114043
1627967905000,0.31723685501835985
1627967935000,0.3177894732965009
1627967965000,0.31119956508515817
1627967995000,0.3107371058497537
1627968025000,0.3144288019668101
1627968055000,0.3144685660681115
1627968085000,0.31543406930091183
1627968115000,0.31629432965474724
1627968145000,0.3161489212804878
1627968175000,0.32095851913730256
1627968205000,0.3131527493506493
1627968235000,0.3109303964064436
1627968265000,0.3174737944751381
1627968295000,0.3211369493834772
1627968325000,0.309100377087142
1627968355000,0.3110079780060423
1627968385000,0.31656864836520665
1627968415000,0.31567968879310343
1627968445000,0.31564448971848225
1627968475000,0.3227338401115933
1627968505000,0.314340884867202
1627968535000,0.32153677689463955
1627968565000,0.31098893492647056
1627968595000,0.3134129197660099
1627968625000,0.32303596658491723
1627968655000,0.3135278014015844
1627968685000,0.32106778856968216
1627968715000,0.32076351193216235
1627968745000,0.32062179405940594
1627968775000,0.31107477765567765
1627968805000,0.31866134796296297
1627968835000,0.3115289231246125
1627968865000,0.3164103752014879
1627968895000,0.31082754714993804
1627968925000,0.3178681925061425
1627968955000,0.3181787123030303
1627968985000,0.3152435941066998
1627969015000,0.3130334840615385
1627969045000,0.30913846031941034
1627969075000,0.31506611531365314
1627969105000,0.31208638353510904
1627969135000,0.3187900413962033
1627969165000,0.3195442820748925
1627969195000,0.31558039440688385
1627969225000,0.3161634468058968
1627969255000,0.31295691076452603
1627969285000,0.3113356149117468
1627969315000,0.31710842596685085
1627969345000,0.3133653701234568
1627969375000,0.3211490048537648
1627969405000,0.312615536100861
1627969435000,0.3121498316017316
1627969465000,0.3137168025168815
1627969495000,0.3126737879680786
1627969525000,0.3151458856788593
1627969555000,0.317096779376947
1627969585000,0.31408156816252275
1627969615000,0.3125604311465359
1627969645000,0.3152591326630104
1627969675000,0.3195997457512315
1627969705000,0.31839543846153845
1627969735000,0.3135724764455265
1627969765000,0.3146042706388206
1627969795000,0.3162471406042296
1627969825000,0.3186862903343465
1627969855000,0.31497868620689656
1627969885000,0.3154060252126367
1627969915000,0.3133992967053081
1627969945000,0.3110581196821516
1627969975000,0.3180372922885572
1627970005000,0.3211837706501548
1627970035000,0.311794073955774
1627970065000,0.31406888242830994
1627970095000,0.31141947935247405
1627970125000,0.3113884536214242
1627970155000,0.3124729673218673
1627970185000,0.3165371356106409
1627970215000,0.31161960915841586
1627970245000,0.31106240030637256
1627970275000,0.3161804015853659
1627970305000,0.3206852811227637
1627970335000,0.3176359609045849
1627970365000,0.3151218529593095
1627970395000,0.3115100392073171
1627970425000,0.3131030203095975
1627970455000,0.3174609351500306
1627970485000,0.3166436675609756
1627970515000,0.31478721339829474
1627970545000,0.31693272732843136
1627970575000,0.3222725216918429
1627970605000,0.3167779097350585
1627970635000,0.31262265224339275
1627970665000,0.3152719182149363
1627970695000,0.32202846312272176
1627970725000,0.31637822881773403
1627970755000,0.3160902605710814
1627970785000,0.3129133190268247
1627970815000,0.3142207375153752
1627970845000,0.3127720935185185
1627970875000,0.31516328664652565
1627970905000,0.3135445989051095
1627970935000,0.3227281937344913
1627970965000,0.31703250348909656
1627970995000,0.31618998884039895
1627971865000,0.3096497850755287
1627971895000,0.31247541462093864
1627971925000,0.3118160149026764
1627971955000,0.310669529498164
1627971985000,0.3109817606748466
1627972015000,0.32056207522879804
1627972045000,0.3169460234355828
1627972075000,0.3156236805961071
1627972105000,0.317784143380982
1627972135000,0.3212004899008674
1627972165000,0.31757176691266914
1627972195000,0.3167745485448916
1627972225000,0.31237140244200245
1627972255000,0.3156261312916919
1627972285000,0.3108235995747266
1627972315000,0.31005673418181817
1627972345000,0.31425625663608564
1627972375000,0.3171350565508836
1627972405000,0.31669329562575943
1627972435000,0.3112330304107909
1627972465000,0.32165561577655005
1627972495000,0.318507037607362
1627972525000,0.3095063155214724
1627972555000,0.3156333035822708
1627972585000,0.3107359323281061
1627972615000,0.31576276689065363
1627972645000,0.3129224652227723
1627972675000,0.31194101784634004
1627972705000,0.3134188906269398
1627972735000,0.3185257742368742
1627972765000,0.3122522806888069
1627972795000,0.3135845631197098
1627972825000,0.3134060520171149
1627972855000,0.31632302558714465
1627972885000,0.31489322489296634
1627972915000,0.31334005061050063
1627972945000,0.3225983752299203
1627972975000,0.31163187548106763
1627973005000,0.3192470527878788
1627973035000,0.31188230067859346
1627973065000,0.3174248113900796
1627973095000,0.3174314863966143
1627973125000,0.31859092719614923
1627973155000,0.3145205590123457
1627973185000,0.31644985369127515
1627973215000,0.31648823565323564
1627973245000,0.3198309949818621
1627973275000,0.3106907887477314
1627973305000,0.3134384795042321
1627973335000,0.3164569265892421
1627973365000,0.3128116173913044
1627973395000,0.31737815978999384
1627973425000,0.3162116926060606
1627973455000,0.3164758597680098
1627973485000,0.3160509161665646
1627973515000,0.3173369100548446
1627973545000,0.3118537712019524
1627973575000,0.3147395219053398
1627973605000,0.31687613631386863
1627973635000,0.3110700351451513
1627973665000,0.3154894882316697
1627973695000,0.3196338179076923
1627973725000,0.315993393715342
1627973755000,0.3169818626920713
1627973785000,0.3170902475399754
1627973815000,0.3168385390198511
1627973845000,0.3158617368
1627973875000,0.3184791729355033
1627973905000,0.3183072420924574
1627973935000,0.3182350163277881
1627973965000,0.3118059074938575
1627973995000,0.3159616191722459
1627974025000,0.3245197085054678
1627974055000,0.3118828638129933
1627974085000,0.3159569814637073
1627974115000,0.3124768188214071
1627974145000,0.3202042317676143
1627974175000,0.3116266449635922
1627974205000,0.3152212052887538
1627974235000,0.32000196862026864
1627974265000,0.3156808923123856
1627974295000,0.3180821738498789
1627974325000,0.3129041385549484
1627974355000,0.3204895029593095
1627974385000,0.3145356707529558
1627974415000,0.3163793019927536
1627974445000,0.3168275690535492
1627974475000,0.3117322985819975
1627974505000,0.3129150556311881
1627974535000,0.3191303234146341
1627974565000,0.3174697705953827
1627974595000,0.3176500024375381
1627974625000,0.3142811953827461
1627974655000,0.30990003803418803
1627974685000,0.31646570569351906
1627974715000,0.3155094799503414
1627974745000,0.3126537414723927
1627974775000,0.3122755399041342
1627974805000,0.31962225915915915
1627974835000,0.31450803140794226
1627974865000,0.3163274721171446
1627974895000,0.3196154388581952
1627974925000,0.3192082841230769
1627974955000,0.3173828345121951
1627974985000,0.3175816790214067
1627975015000,0.3126669794386821
1627975045000,0.31666813756067963
1627975075000,0.31480446082977426
1627975105000,0.31205198004851425
1627975135000,0.3159581284409257
1627975165000,0.3177740357803825
1627975195000,0.3135878167577413
1627975225000,0.3165798676452966
1627975255000,0.3154545414197531
1627975285000,0.3130965252012384
1627975315000,0.3146789544840295
1627975345000,0.3150719990671641
1627975375000,0.3225628489783281
1627975405000,0.3215432916359164
1627975435000,0.3152031178836633
1627975465000,0.3120470849172287
1627975495000,0.314346943575419
1627975525000,0.32132947547633683
1627975555000,0.3121957676506765
1627975585000,0.31724314633394946
1627975615000,0.312345452007412
1627975645000,0.3172056783950617
1627975675000,0.3115689636752137
1627975705000,0.3168190677771048
1627975735000,0.3163510015142338
1627975765000,0.3167673594095941
1627975795000,0.3152160480124224
1627975825000,0.3153893134673979
1627975855000,0.317281276376989
1627975885000,0.3170329075857917
1627975915000,0.31782338123861564
1627975945000,0.3120803588377724
1627975975000,0.3166860340923077
1627976005000,0.3160732960244648
1627976035000,0.3095398841358025
1627976065000,0.3146463538033395
1627976095000,0.3186719833846154
1627976125000,0.3130621474226804
1627976155000,0.3134402
1627976185000,0.3175139118187385
1627976215000,0.31207564073405536
1627976245000,0.3199550556238476
1627976275000,0.3157165068627451
1627976305000,0.31195099894278605
1627976335000,0.3156828905998763
1627976365000,0.31218086549815505
1627976395000,0.3146116811435523
1627976425000,0.31232188788612963
1627976455000,0.3164898380629241
1627976485000,0.31089584380012336
1627976515000,0.3125263098961515
1627976545000,0.31493352625459003
1627976575000,0.31096964158054713
1627976605000,0.3123093192354369
1627976635000,0.3130089722393584
1627976665000,0.31697980305623474
1627976695000,0.3155148495139733
1627976725000,0.3185752260975609
1627976755000,0.31189462695599024
1627976785000,0.31976495792682924
1627976815000,0.31637163088685016
1627976845000,0.31837741509433964
1627976875000,0.31331940134392183
1627976905000,0.3106420843923504
1627976935000,0.31881847320872275
1627976965000,0.3136112905904059
1627976995000,0.3182648067609096
1627977025000,0.31168321565967944
1627977055000,0.3203593743433109
1627977085000,0.31182577232198144
1627977115000,0.31678362013588635
1627977145000,0.3181369261687917
1627977175000,0.31103400238970585
1627977205000,0.3164006924620061
1627977235000,0.3155141481617647
1627977265000,0.31345413380716936
1627977295000,0.3130349531888545
1627977325000,0.31073757658802176
1627977355000,0.31244724324324324
1627977385000,0.3123662697384807
1627977415000,0.3169402236552567
1627977445000,0.31360255904126216
1627977475000,0.3195443474648748
1627977505000,0.31988791341235184
1627977535000,0.31778350244200243
1627977565000,0.3175742816553428
1627977595000,0.313693061977887
1627977625000,0.3198981322916667
1627977655000,0.31637029163591635
1627977685000,0.3148352367359413
1627977715000,0.3195292114873035
1627977745000,0.3147022791008505
1627977775000,0.3133238966174662
1627977805000,0.3142204826674861
1627977835000,0.3167236126237624
1627977865000,0.3132798814126394
1627977895000,0.3164039935033394
1627977925000,0.3155918576829268
1627977955000,0.31711477739025856
1627977985000,0.31494303087613296
1627978015000,0.3175581258515815
1627978045000,0.31422970922509225
1627978075000,0.31694162249690977
1627978105000,0.3118894225317989
1627978135000,0.3180025995192308
1627978165000,0.32071039126691264
1627978195000,0.3131400192
1627978225000,0.3135888141887724
1627978255000,0.31144358392084104
1627978285000,0.31330068709677417
1627978315000,0.3180138333333333
1627978345000,0.3122956213064713
1627978375000,0.3100838699450214
1627978405000,0.3187011988228005
1627978435000,0.31255371945477073
1627978465000,0.320011441939394
1627978495000,0.317080303649635
1627978525000,0.3142325222085889
1627978555000,0.3130561936585366
1627978585000,0.3164046222763238
1627978615000,0.3170472861728395
1627978645000,0.3100890830177153
1627978675000,0.3193087981606376
1627978705000,0.31309079004884005
1627978735000,0.3202850020923077
1627978765000,0.3155934267813268
1627978795000,0.3111789262153846
1627978825000,0.3161197445599022
1627978855000,0.3106223447480267
1627978885000,0.31566732775436485
1627978915000,0.3126557242944785
1627978945000,0.3142876351668727
1627978975000,0.31915027076167074
1627979005000,0.3145427719094247
1627979035000,0.3117560784277879
1627979065000,0.313300939540658
1627979095000,0.3106855634101941
1627979125000,0.31906055609013395
1627979155000,0.3212046327669903
1627979185000,0.3126625004872107
1627979215000,0.3150931314689613
1627979245000,0.3086622448524985
1627979275000,0.3175302448828607
1627979305000,0.31346394264705885
1627979335000,0.31664258841463416
1627979365000,0.31364607884615386
1627979395000,0.3179322985212569
1627979425000,0.312422298540146
1627979455000,0.3122271400369004
1627979485000,0.3129426280243161
1627979515000,0.3156796926904177
1627979545000,0.31869770597196834
1627979575000,0.3175018521237864
1627979605000,0.31764250291021673
1627979635000,0.3138404956733699
1627979665000,0.3101903392574559
1627979695000,0.3145680706344411
1627979725000,0.3164088465611686
1627979755000,0.3196029833952912
1627979785000,0.31608507536855035
1627979815000,0.31071017702702697
1627979845000,0.3100492442883323
1627979875000,0.3178646445731707
1627979905000,0.31528688535844474
1627979935000,0.3185249810545677
1627979965000,0.3196359270807453
1627979995000,0.3113984243357488
1627980025000,0.31628088805606336
1627980055000,0.3170241828518746
1627980085000,0.3137715413602941
1627980115000,0.3119660690897984
1627980145000,0.3132628513914657
1627980175000,0.3184041286764706
1627980205000,0.31721503733826245
1627980235000,0.31335397619047617
1627980265000,0.31258009969211825
1627980295000,0.31076295873015874
1627980325000,0.3147186035866261
1627980355000,0.3120424032960199
1627980385000,0.3152308140135218
1627980415000,0.31615794070956105
1627980445000,0.31363980611620795
1627980475000,0.3190131408014572
1627980505000,0.31314381875
1627980535000,0.32067131075137445
1627980565000,0.32160374957055216
1627980595000,0.3112969716554673
1627980625000,0.31736354111922144
1627980655000,0.31498259375
1627980685000,0.3158728980958231
1627980715000,0.3128043994488671
1627980745000,0.31101004582560304
1627980775000,0.31505734068838354
1627980805000,0.31828102693952354
1627980835000,0.3167499621419676
1627980865000,0.3124427396658416
1627980895000,0.3159378432166974
1627980925000,0.3128670319018405
1627980955000,0.3145322191863995
1627980985000,0.31271504869300915
1627981015000,0.31974136913730256
1627981045000,0.3166689404514948
1627981075000,0.3179752429776974
1627981105000,0.315699572654813
1627981135000,0.3168841600973236
1627981165000,0.3174680669349845
1627981195000,0.3121698996921182
1627981225000,0.31502664515337425
1627981255000,0.31355732744615383
1627981285000,0.3191880523370233
1627981315000,0.3173316207816377
1627981345000,0.3199769246305419
1627981375000,0.3135444889566809
1627981405000,0.3104205719244824
1627981435000,0.318383386814541
1627981465000,0.3174935130141191
1627981495000,0.3099800806411837
1627981525000,0.3207698286855037
1627981555000,0.3142052537607892
1627981585000,0.31437488275434244
1627981615000,0.3121859524600246
1627981645000,0.31229990172095884
1627981675000,0.3135363070388349
1627981705000,0.31907138004851426
1627981735000,0.3129963950212508
1627981765000,0.31853249846813725
1627981795000,0.319822067990226
1627981825000,0.31183532183141305
1627981855000,0.3163362701970444
1627981885000,0.3203956490942029
1627981915000,0.31280235721271393
1627981945000,0.3161382918354819
1627981975000,0.3139409618753856
1627982005000,0.3112829058859595
1627982035000,0.3156174822769231
1627982065000,0.31955630317654243
1627982095000,0.31358720991379313
1627982125000,0.3166134775660725
1627982155000,0.3146396606004902
1627982185000,0.3139285945365255
1627982215000,0.3167627017188459
1627982245000,0.3128851400499064
1627982275000,0.3110866183384615
1627982305000,0.31127090757483195
1627982335000,0.3123897333333333
1627982365000,0.3146875257826888
1627982395000,0.3174060440490797
1627982425000,0.311358129539801
1627982455000,0.3127096520249221
1627982485000,0.3123980995681678
1627982515000,0.3162328806314511
1627982545000,0.3128524827099939
1627982575000,0.31463515819418675
1627982605000,0.3150814805487805
1627982635000,0.3164843029932804
1627982665000,0.31457325918367346
1627982695000,0.3155089476161738
1627982725000,0.31266268707317074
1627982755000,0.31173082917431194
1627982785000,0.31249133743085433
1627982815000,0.3157483288228156
1627982845000,0.3144828436809816
1627982875000,0.3121534659548505
1627982905000,0.3122174695174099
1627982935000,0.3160329818573186
1627982965000,0.3127939327777778
1627982995000,0.3213203705809641
1627983025000,0.3115624907284768
1627983055000,0.3127274831047381
1627983085000,0.3182138143480973
1627983115000,0.3187854915233415
1627983145000,0.3126826582711443
1627983175000,0.3116530297029703
1627983205000,0.31563110858895704
1627983235000,0.31541254421768705
1627983265000,0.31197390896888344
1627983295000,0.31868495624619136
1627983325000,0.3163054176325524
1627983355000,0.31169362784653465
1627983385000,0.31243872214640195
1627983415000,0.3137344414425428
1627983445000,0.3111436894609328
1627983475000,0.31591099359756103
1627983505000,0.3210128878138396
1627983535000,0.31580203494266745
1627983565000,0.32030717302955664
1627983595000,0.31321601985111663
1627983625000,0.30888508358388456
1627983655000,0.3162413888750777
1627983685000,0.3215091629834254
1627983715000,0.3130245224212477
1627983745000,0.2487761350571257
1627983775000,0.3130817827692308
1627983805000,0.3145330744157442
1627983835000,0.31361396246153844
1627983865000,0.314243031372549
1627983895000,0.3134318483056069
1627983925000,0.3141399131257631
1627983955000,0.3158115663975155
1627983985000,0.3152943310110974
1627984015000,0.3125824587912088
1627984045000,0.3167134985489722
1627984075000,0.31340402780847143
1627984105000,0.3155757671199011
1627984135000,0.3163712518723143
1627984165000,0.3123832570383912
1627984195000,0.3208605437344913
1627984225000,0.3167072648762824
1627984255000,0.3207909025371287
1627984285000,0.3176398740471869
1627984315000,0.3183500047352025
1627984345000,0.3211526603076923
1627984375000,0.32011794004839683
1627984405000,0.3160234295232274
1627984435000,0.3139150399512789
1627984465000,0.3115745525633107
1627984495000,0.3128603224063843
1627984525000,0.3170912426006192
1627984555000,0.31201662367119903
1627984585000,0.3185507486519608
1627984615000,0.3118051503405573
1627984645000,0.3122910651644336
1627984675000,0.3156902130354957
1627984705000,0.3173603845825716
1627984735000,0.3158797113022113
1627984765000,0.3154476092638037
1627984795000,0.31646659192852744
1627984825000,0.31224758165534283
1627984855000,0.3155212357011635
1627984885000,0.3172306501512402
1627984915000,0.3174541187965261
1627984945000,0.3132057186160441
1627984975000,0.3112715024299065
1627985005000,0.3130397008599509
1627985035000,0.3129169788532676
1627985065000,0.31360571805728515
1627985095000,0.3151711967623702
1627985125000,0.3184458594594595
1627985155000,0.31589814706971003
1627985185000,0.3141226483792049
1627985215000,0.3151567075367647
1627985245000,0.3117025893209877
1627985275000,0.3108229837721984
1627985305000,0.31276184158354114
1627985335000,0.316049202173913
1627985365000,0.3145205348410758
1627985395000,0.3153673583538084
1627985425000,0.3121810049200492
1627985455000,0.3099424819571865
1627985485000,0.3158003797807552
1627985515000,0.31537339792302993
1627985545000,0.31698013452527746
1627985575000,0.3114449927283654
1627985605000,0.3090129956943602
1627985635000,0.3118316727716728
1627985665000,0.3146867778863775
1627985695000,0.31080352428309943
1627985725000,0.31860891440099315
1627985755000,0.31640438332311466
1627985785000,0.31189652468085105
1627985815000,0.31259162152439024
1627985845000,0.3146063854320988
1627985875000,0.3132873937311634
1627985905000,0.3165968074074074
1627985935000,0.3130491583790372
1627985965000,0.3120724500311139
1627985995000,0.3188759245061729
1627986025000,0.31141494248608537
1627986055000,0.3115118429006703
1627986085000,0.31694158519877674
1627986115000,0.3145171244458128
1627986145000,0.3121820462352209
1627986175000,0.3154951813341493
1627986205000,0.31235400121506685
1627986235000,0.31192387084583084
1627986265000,0.3210656416971917
1627986295000,0.31276819789081883
1627986325000,0.3141647171655467
1627986355000,0.3168572131515152
1627986385000,0.31243767790697674
1627986415000,0.3166613666871166
1627986445000,0.3164620560856269
1627986475000,0.3130362108108108
1627986505000,0.3177021337423313
1627986535000,0.3171335905860349
1627986565000,0.31142566697588125
1627986595000,0.3183678161230769
1627986625000,0.3119845480409886
1627986655000,0.3166865571251549
1627986685000,0.3169374563836286
1627986715000,0.31555128524590165
1627986745000,0.31734406677018634
1627986775000,0.3154339184210526
1627986805000,0.3148927445051609
1627986835000,0.3116600905521472
1627986865000,0.31453972664634144
1627986895000,0.3192075518221124
1627986925000,0.31216401270923744
1627986955000,0.3155785725717776
1627986985000,0.31274350275061125
1627987015000,0.31805322209512343
1627987045000,0.3173550012995049
1627987075000,0.3139959490864799
1627987105000,0.3170995913449564
1627987135000,0.31775591980380136
1627987165000,0.3100301855414398
1627987195000,0.317375738089406
1627987225000,0.31944761560024376
1627987255000,0.3105593286068111
1627987285000,0.3123815784615385
1627987315000,0.3180714020257827
1627987345000,0.3143554642375995
1627987375000,0.31846338021026593
1627987405000,0.31631560569659445
1627987435000,0.3152317731334149
1627987465000,0.3137115521765788
1627987495000,0.3188404916113458
1627987525000,0.3203327294587946
1627987555000,0.3117602674588665
1627987585000,0.31415885719602976
1627987615000,0.31040494308252425
1627987645000,0.3165803441717792
1627987675000,0.3124339672456576
1627987705000,0.3124568971796444
1627987735000,0.3195226441069259
1627987765000,0.3162659510975609
1627987795000,0.3192453444717445
1627987825000,0.3135002140931373
1627987855000,0.3165117253078818
1627987885000,0.3179489598008712
1627987915000,0.3176710543806647
1627987945000,0.31282177177322074
1627987975000,0.31477361390605685
1627988005000,0.32226406783733824
1627988035000,0.31360381543209875
1627988065000,0.31866120177370033
1627988095000,0.3130046082208589
1627988125000,0.3109132041666667
1627988155000,0.3159187729000613
1627988185000,0.31223284742715435
1627988215000,0.3148932277811924
1627988245000,0.3132329595485052
1627988275000,0.3179989534812077
1627988305000,0.3112618063040791
1627988335000,0.3137881220307692
1627988365000,0.3137022673793525
1627988395000,0.3123883789156626
1627988425000,0.3181542958029197
1627988455000,0.3076171728823888
1627988485000,0.3167037957772338
1627988515000,0.3166809174209547
1627988545000,0.31735500353443025
1627988575000,0.3125880700738916
1627988605000,0.3126900791589363
1627988635000,0.3113963188702669
1627988665000,0.3147309742592593
1627988695000,0.3159713459608323
1627988725000,0.3180837283363803
1627988755000,0.3154446131097561
1627988785000,0.31419794125
1627988815000,0.321797401965602
1627988845000,0.3140917982509047
1627988875000,0.31172089896341465
1627988905000,0.3130903337216432
1627988935000,0.3150538194409938
1627988965000,0.3108183980934809
1627988995000,0.3174211180825243
1627989025000,0.3142586655960469
1627989055000,0.3144313387453875
1627989085000,0.31411461711430355
1627989115000,0.31532529767156864
1627989145000,0.3145233478684531
1627989175000,0.3152924520048603
1627989205000,0.3123384042735043
1627989235000,0.31879910475899936
1627989265000,0.31313584742891715
1627989295000,0.31446084232673266
1627989325000,0.3158559149068323
1627989355000,0.3216552714814815
1627989385000,0.3152348887222555
1627989415000,0.31434605532837673
1627989445000,0.31516212145499384
1627989475000,0.3110682710703364
1627989505000,0.3128139092411261
1627989535000,0.3104982230347349
1627989565000,0.311300129679803
1627989595000,0.31541961903881705
1627989625000,0.31305955037082817
1627989655000,0.3142606401482397
1627989685000,0.3148051965517241
1627989715000,0.31029422670283296
1627989745000,0.3147045978075518
1627989775000,0.3140800286592866
1627989805000,0.32272173839177754
1627989835000,0.3125797699504337
1627989865000,0.3181729706515242
1627989895000,0.31593116666666665
1627989925000,0.3126191981595092
1627989955000,0.3192142595323741
1627989985000,0.3100823251824817
1627990015000,0.3145395545840923
1627990045000,0.31349546918316834
1627990075000,0.3155474900862069
1627990105000,0.31838497421307504
1627990135000,0.3102794772198408
1627990165000,0.31677170595903165
1627990195000,0.3155046137146372
1627990225000,0.3093337071342201
1627990255000,0.3127057818126148
1627990285000,0.3127913528484849
1627990315000,0.3126237522616137
1627990345000,0.3110121169117647
1627990375000,0.3101622618404908
1627990405000,0.3187625596577017
1627990435000,0.3149785290479078
1627990465000,0.3129846389025894
1627990495000,0.3159795040197897
1627990525000,0.3137720795232274
1627990555000,0.31748042040441177
1627990585000,0.31991676685185183
1627990615000,0.3098401633699634
1627990645000,0.31538616461916463
1627990675000,0.3197818367531684
1627990705000,0.3149050688615385
1627990735000,0.3127427569832402
1627990765000,0.3181243084766585
1627990795000,0.3153945993276284
1627990825000,0.31632291910594
1627990855000,0.3150963819188192
1627990885000,0.3159324093480935
1627990915000,0.31715899007398274
1627990945000,0.31572286848635234
1627990975000,0.3116944344430993
1627991005000,0.3155583231370192
1627991035000,0.3120523865278628
1627991065000,0.3110189939766441
1627991095000,0.31928087374613
1627991125000,0.3139856048436542
1627991155000,0.3136462530413625
1627991185000,0.31291897
1627991215000,0.3156182162860577
1627991245000,0.3228586018925519
1627991275000,0.3164889138337469
1627991305000,0.3093712283816425
1627991335000,0.3109454379793061
1627991365000,0.31078696151035323
1627991395000,0.3131064767441861
1627991425000,0.31635364045012165
1627991455000,0.31393780823095824
1627991485000,0.3127931575308642
1627991515000,0.31427186877689
1627991545000,0.3172240762224939
1627991575000,0.31160412163995066
1627991605000,0.3171065925382263
1627991635000,0.31477228458204337
1627991665000,0.3125931071384991
1627991695000,0.3173616057230769
1627991725000,0.3101007739767868
1627991755000,0.3104228161151961
1627991785000,0.3143369083997548
1627991815000,0.3114250155828221
1627991845000,0.3180582668704157
1627991875000,0.3139765668914776
1627991905000,0.3168992242274413
1627991935000,0.31165866203931203
1627991965000,0.31742765033112585
1627991995000,0.3157462831089352
1627992025000,0.3206523136004857
1627992055000,0.3160000921472393
1627992085000,0.32031911077111386
1627992115000,0.3134112451905626
1627992145000,0.3181021736874614
1627992175000,0.3122920008695652
1627992205000,0.32132428440925703
1627992235000,0.3181257455665025
1627992265000,0.3103604017167382
1627992295000,0.3117354661280298
1627992325000,0.3127229754842615
1627992355000,0.3129530322878229
1627992385000,0.3175675135185185
1627992415000,0.3118037522727273
1627992445000,0.3150732818742293
1627992475000,0.3165051212438424
1627992505000,0.3195849634661836
1627992535000,0.3201952693726937
1627992565000,0.31925073579719
1627992595000,0.3166738238566131
1627992625000,0.31889070743494424
1627992655000,0.3109624802318487
1627992685000,0.31141984208918755
1627992715000,0.3165158430426716
1627992745000,0.31632033003685506
1627992775000,0.3128578360515021
1627992805000,0.3126947558569667
1627992835000,0.31047433535168195
1627992865000,0.31610078147917964
1627992895000,0.3164163784887264
1627992925000,0.3166562144072949
1627992955000,0.315404874185766
1627992985000,0.3160897644295302
1627993015000,0.3126328527520099
1627993045000,0.31187993540145986
1627993075000,0.31239923203883496
1627993105000,0.3173888928267477
1627993135000,0.31268940517976845
1627993165000,0.318080099877526
1627993195000,0.311206473783455
1627993225000,0.31480272786282915
1627993255000,0.3156857878696439
1627993285000,0.31469136699266503
1627993315000,0.3164275087761194
1627993345000,0.3197319202594194
1627993375000,0.3208810742822236
1627993405000,0.3155790939543492
1627993435000,0.31994446080246913
1627993465000,0.3144131448979592
1627993495000,0.31590883159173755
1627993525000,0.30834185912722806
1627993555000,0.3098510507272727
1627993585000,0.3222557192354369
1627993615000,0.3172919716224553
1627993645000,0.31301333068322984
1627993675000,0.3142036786683107
1627993705000,0.3174268723391089
1627993735000,0.31332227669310553
1627993765000,0.3168358996936275
1627993795000,0.3125238257788638
1627993825000,0.3189820080795525
1627993855000,0.3119724816706731
1627993885000,0.3134623846201359
1627993915000,0.3133829912431109
1627993945000,0.316161768313253
1627993975000,0.31111791570197045
1627994005000,0.3151765872262774
1627994035000,0.31768796530487803
1627994065000,0.31523448316770186
1627994095000,0.31087853251684017
1627994125000,0.3123277258143823
1627994155000,0.3165152938106796
1627994185000,0.31680807832512314
1627994215000,0.3227434474597274
1627994245000,0.3179582290104487
1627994275000,0.3164107452063107
1627994305000,0.3111451100367197
1627994335000,0.3130351468535826
1627994365000,0.3122837329004329
1627994395000,0.3142506223371881
1627994425000,0.3142860429354446
1627994455000,0.31708425347721825
1627994485000,0.3121092008573178
1627994515000,0.3168955894224924
1627994545000,0.3170655257389163
1627994575000,0.3174996162962963
1627994605000,0.31027237525773194
1627994635000,0.3158813725369458
1627994665000,0.3150436183453237
1627994695000,0.31253607622291024
1627994725000,0.3176026897575758
1627994755000,0.31249117225923684
1627994785000,0.3143525543956044
1627994815000,0.31234328003663003
1627994845000,0.3121529602196461
1627994875000,0.31614041762899264
1627994905000,0.31131875899014777
1627994935000,0.3123987162537764
1627994965000,0.31325039224615386
1627994995000,0.3159891479052823
1627995025000,0.3178774912149533
1627995055000,0.3124608757464961
1627995085000,0.3159970586982969
1627995115000,0.3123328569846154
1627995145000,0.31116530432399514
1627995175000,0.31904327513744657
1627995205000,0.31820190270769233
1627995235000,0.3189263727384615
1627995265000,0.3115396756623537
1627995295000,0.31165444247572816
1627995325000,0.3136803546223565
1627995355000,0.3134559801230769
1627995385000,0.3127683315531001
1627995415000,0.31224526323620583
1627995445000,0.3176097914373089
1627995475000,0.3109127106356968
1627995505000,0.3180446339285714
1627995535000,0.3158764296004843
1627995565000,0.31673861143386894
1627995595000,0.3110393516985794
1627995625000,0.31430706882245274
1627995655000,0.31339750393846155
1627995685000,0.3113539729679803
1627995715000,0.3123831835793358
1627995745000,0.32074325110974106
1627995775000,0.31644586340557274
1627995805000,0.31333844736842104
1627995835000,0.3120163618543871
1627995865000,0.31366556170475607
1627995895000,0.31342793576732675
1627995925000,0.3102165163803681
1627995955000,0.31750726430732
1627995985000,0.3130010862026103
1627996015000,0.322753734617737
1627996045000,0.3141608423759951
1627996075000,0.3132367016199377
1627996105000,0.3187231350247525
1627996135000,0.3157176557953144
1627996165000,0.3116656951732673
1627996195000,0.3169718261433869
1627996225000,0.3111723737948084
1627996255000,0.3119413412708205
1627996285000,0.3128360802738021
1627996315000,0.3104462474006116
1627996345000,0.31254519773976785
1627996375000,0.3180805538555692
1627996405000,0.31321485445724684
1627996435000,0.31655303173615434
1627996465000,0.31215420681679856
1627996495000,0.3162840641863279
1627996525000,0.31433088603213843
1627996555000,0.31743633312921005
1627996585000,0.3114544509202454
1627996615000,0.3141741535341119
1627996645000,0.312485821001221
1627996675000,0.31690837206875383
1627996705000,0.3119316894509562
1627996735000,0.3161151462895377
1627996765000,0.3128304187346437
1627996795000,0.31249030346749224
1627996825000,0.3111368069823922
1627996855000,0.3161822454711246
1627996885000,0.3180151496932515
1627996915000,0.3124550177805028
1627996945000,0.3143412954268293
1627996975000,0.3140999403039514
1627997005000,0.3127772450061652
1627997035000,0.3206612362967505
1627997065000,0.31012988899637245
1627997095000,0.3110198826738609
1627997125000,0.3132818282129743
1627997155000,0.3108316775212637
1627997185000,0.3177943012836186
1627997215000,0.31184269489981786
1627997245000,0.3159528753374233
1627997275000,0.3152438033210332
1627997305000,0.3167262801479655
1627997335000,0.3164873221949724
1627997365000,0.31575135802543913
1627997395000,0.3216279465358676
1627997425000,0.3122392799752015
1627997455000,0.3210304856269113
1627997485000,0.3129703399627097
1627997515000,0.3175795412128713
1627997545000,0.31791882076637823
1627997575000,0.31199129479553905
1627997605000,0.31234432991452993
1627997635000,0.3187544861398176
1627997665000,0.3120092361401352
1627997695000,0.30987900228365384
1627997725000,0.3126278206938527
1627997755000,0.3208655411620795
1627997785000,0.3167282799134734
1627997815000,0.3114348538133008
1627997845000,0.3172435745952677
1627997875000,0.3192863641854789
1627997905000,0.31760532185592183
1627997935000,0.3153785706315144
1627997965000,0.31797311877300616
1627997995000,0.3141979434809348
1627998025000,0.31153469023341523
1627998055000,0.3175210454882571
1627998085000,0.32215231498771496
1627998115000,0.3137876394031669
1627998145000,0.3160762483732351
1627998175000,0.3131837897783251
1627998205000,0.31314047763558805
1627998235000,0.3150014814747105
1627998265000,0.31274651287188826
1627998295000,0.3145794542750929
1627998325000,0.31510776438693777
1627998355000,0.31282320423572746
1627998385000,0.31155343269704433
1627998415000,0.3143311549019608
1627998445000,0.31952122359413204
1627998475000,0.31785030887096777
1627998505000,0.3121897245157385
1627998535000,0.32017257109756103
1627998565000,0.31664541322520273
1627998595000,0.3153427034717917
1627998625000,0.3165861371834466
1627998655000,0.3183641140255009
1627998685000,0.3142658476161369
1627998715000,0.3124129263517713
1627998745000,0.3213298791035736
1627998775000,0.3198269623786408
1627998805000,0.3116065655637255
1627998835000,0.3194673084359606
1627998865000,0.31818623403076923
1627998895000,0.31261811314641746
1627998925000,0.3142352827924066
1627998955000,0.3186958169522644
1627998985000,0.3128326434966727
1627999015000,0.31095926041666666
1627999045000,0.3124302693926639
1627999075000,0.3159686050920245
1627999105000,0.3160251252937539
1627999135000,0.3117128062195122
1627999165000,0.3145724687461774
1627999195000,0.3138828634131369
1627999225000,0.3146704647930821
1627999255000,0.31259765499689635
1627999285000,0.3182351890326556
1627999315000,0.3156016577570093
1627999345000,0.3185204662976629
1627999375000,0.31337161263736263
1627999405000,0.3118932145654835
1627999435000,0.3121811792312461
1627999465000,0.32118754984765385
1627999495000,0.31705081969325155
1627999525000,0.3129703004836759
1627999555000,0.3191132619987662
1627999585000,0.3202283393412057
1627999615000,0.3102909894023413
1627999645000,0.31732457435740513
1627999675000,0.3172936276648182
1627999705000,0.3131703741305674
1627999735000,0.3205950276412776
1627999765000,0.3138313320629159
1627999795000,0.31719862799013565
1627999825000,0.3106842714373843
1627999855000,0.32017193165859564
1627999885000,0.3189700072164948
1627999915000,0.3196885206083178
1627999945000,0.3117963496676737
1627999975000,0.3124993906403941
1628000005000,0.31538933864468865
1628000035000,0.3133367580246913
1628000065000,0.3184192174346201
1628000095000,0.3105913380865326
1628000125000,0.31302584686530105
1628000155000,0.3121135933333333
1628000185000,0.3170690358236375
1628000215000,0.3200072153325123
1628000245000,0.3120862930246914
1628000275000,0.31385961669736034
1628000305000,0.3128618308108108
1628000335000,0.3133092266787659
1628000365000,0.3101930131466829
1628000395000,0.3179990195995145
1628000425000,0.3176758332112332
1628000455000,0.3130658291123526
1628000485000,0.3167326069581281
1628000515000,0.3126386188271605
1628000545000,0.31457567691365584
1628000575000,0.3186972354090354
1628000605000,0.3210762585021485
1628000635000,0.3112923458488228
1628000665000,0.314347524601227
1628000695000,0.3159623586457074
1628000725000,0.3186601005597015
1628000755000,0.3120036582403965
1628000785000,0.311945416977612
1628000815000,0.318340582278481
1628000845000,0.3126389098330241
1628000875000,0.3156952574085555
1628000905000,0.3110619177292046
1628000935000,0.3163631713672593
1628000965000,0.30978286921226694
1628000995000,0.31197892985257986
1628001025000,0.3097416899138992
1628001055000,0.3141908829787234
1628001085000,0.31191418675659105
1628001115000,0.31387885948434624
1628001145000,0.3103256725550122
1628001175000,0.3190371387816647
1628001205000,0.3137908373619632
1628001235000,0.31558233463653024
1628001265000,0.3116195467771639
1628001295000,0.3124585073502162
1628001325000,0.3124518191283293
1628001355000,0.3176398594464501
1628001385000,0.3118198906501548
1628001415000,0.3119539127372933
1628001445000,0.31569124735883425
1628001475000,0.3074796636752137
1628001505000,0.320765589235474
1628001535000,0.3128892370668317
1628001565000,0.3095358642162819
1628001595000,0.3128061890385793
1628001625000,0.3139877394031669
1628001655000,0.3180643236024845
1628001685000,0.31154033526894864
1628001715000,0.31667702381242385
1628001745000,0.3159252871105681
1628001775000,0.31268729725106903
1628001805000,0.3140473218538981
1628001835000,0.31650743446396123
1628001865000,0.3242126894413751
1628001895000,0.3165563181044957
1628001925000,0.311828370257038
1628001955000,0.3111294239143731
1628001985000,0.313422780148423
1628002015000,0.31260156339668915
1628002045000,0.319613869202454
1628002075000,0.3132338653061225
1628002105000,0.31135460397067805
1628002135000,0.3179843849068323
1628002165000,0.31491229254467035
1628002195000,0.3212232097651421
1628002225000,0.3113759147852761
1628002255000,0.31547202687576875
1628002285000,0.31314216177199505
1628002315000,0.3185659468561064
1628002345000,0.31559616514497224
1628002375000,0.31138050956416463
1628002405000,0.3131985686082158
1628002435000,0.3106687105263158
1628002465000,0.31658111063829786
1628002495000,0.3120597763078773
1628002525000,0.3206859642857143
1628002555000,0.311298006002401
1628002585000,0.3111675131820969
1628002615000,0.3197258669512195
1628002645000,0.31355443073696826
1628002675000,0.3118795504895961
1628002705000,0.3116522540208717
1628002735000,0.3147209757914339
1628002765000,0.31679850103532275
1628002795000,0.3094419479804161
1628002825000,0.3137552223252937
1628002855000,0.31320703824799506
1628002885000,0.31156384630750605
1628002915000,0.321327570531401
1628002945000,0.3176192920321186
1628002975000,0.31691996843076925
1628003005000,0.3196709481299816
1628003035000,0.311697980795107
1628003065000,0.31510425400246306
1628003095000,0.31507657227356745
1628003125000,0.3166086382517049
1628003155000,0.31423876219512203
1628003185000,0.3108628447530864
1628003215000,0.317752340439829
1628003245000,0.3184366420600858
1628003275000,0.3124248255139057
1628003305000,0.3153680422483014
1628003335000,0.3127050925308642
1628003365000,0.3172060364197531
1628003395000,0.3207664010942249
1628003425000,0.3116187335788828
1628003455000,0.31458246468806783
1628003485000,0.3117752084095064
1628003515000,0.3157776335748792
1628003545000,0.3168062717726992
1628003575000,0.31862908537939544
1628003605000,0.31153165523751525
1628003635000,0.3205574478448276
1628003665000,0.31515649395973155
1628003695000,0.31603380043559426
1628003725000,0.3145153366788321
1628003755000,0.31249136646191644
1628003785000,0.3137471318347509
1628003815000,0.31500103596059115
1628003845000,0.3160281630153846
1628003875000,0.31176012877475245
1628003905000,0.3142364097906404
1628003935000,0.3124142508277131
1628003965000,0.3173070807668522
1628003995000,0.31413830085470085
1628004025000,0.3164618534188034
1628004055000,0.3122141610940381
1628004085000,0.3176378663234403
1628004115000,0.32634905147058824
1628004145000,0.31068074975520193
1628004175000,0.32422582159509195
1628004205000,0.3152661335354761
1628004235000,0.3148221353673724
1628004265000,0.3206333644183169
1628004295000,0.32138461109756106
1628004325000,0.3116149307550645
1628004355000,0.31161762865891
1628004385000,0.3141983569696969
1628004415000,0.31644516267648864
1628004445000,0.3104719097247706
1628004475000,0.3169589653284672
1628004505000,0.31518078604218364
1628004535000,0.3128526098110908
1628004565000,0.3183965307739558
1628004595000,0.3105815538086533
1628004625000,0.31842857256797585
1628004655000,0.30896398852657003
1628004685000,0.31428967245213096
1628004715000,0.3120779369202226
1628004745000,0.31329326610904584
1628004775000,0.31140787096577016
1628004805000,0.31795995197044336
1628004835000,0.3128623543278085
1628004865000,0.3117298295249549
1628004895000,0.3097125792682927
1628004925000,0.3114890775485437
1628004955000,0.32447067586206896
1628004985000,0.31213315463596764
1628005015000,0.3127350337862878
1628005045000,0.3132756125151883
1628005075000,0.31248979866666665
1628005105000,0.3106632282129743
1628005135000,0.31083625397692777
1628005165000,0.311777455420957
1628005195000,0.3129815226086957
1628005225000,0.3195752612546125
1628005255000,0.3117027963099631
1628005285000,0.3197218884216941
1628005315000,0.31182768928128873
1628005345000,0.3154371762784966
1628005375000,0.31552654763948496
1628005405000,0.3122171549321825
1628005435000,0.32206584345709066
1628005465000,0.3166163863912515
1628005495000,0.3094044949733885
1628005525000,0.3153628983476132
1628005555000,0.3138277263613861
1628005585000,0.3131035988498789
1628005615000,0.3139522145052243
1628005645000,0.31565351111782475
1628005675000,0.31032551410967346
1628005705000,0.3199830464788732
1628005735000,0.3111857754138565
1628005765000,0.3165648121362229
1628005795000,0.317247173006135
1628005825000,0.31667789184549355
1628005855000,0.3132557538320049
1628005885000,0.312235385150955
1628005915000,0.3181918495356037
1628005945000,0.3215252125154895
1628005975000,0.31775706465888137
1628006005000,0.3126019870689655
1628006035000,0.31609462682627376
1628006065000,0.31272277990135633
1628006095000,0.31509097224264704
1628006125000,0.31143587582822085
1628006155000,0.31204582259236824
1628006185000,0.3111327356350185
1628006215000,0.3117833563592526
1628006245000,0.3161110361282368
1628006275000,0.3179201066008637
1628006305000,0.3166307360393604
1628006335000,0.3145649635151515
1628006365000,0.3229120027010436
1628006395000,0.3170534080024435
1628006425000,0.31741678370646764
1628006455000,0.3132259164821648
1628006485000,0.3126176119180633
1628006515000,0.31368753770591823
1628006545000,0.3113547335970785
1628006575000,0.3127533385326757
1628006605000,0.3191794486720197
1628006635000,0.3134855512867647
1628006665000,0.3157533161230769
1628006695000,0.31578398935779817
1628006725000,0.3143018509491733
1628006755000,0.31535337691358023
1628006785000,0.315612445825716
1628006815000,0.31710709342023585
1628006845000,0.3125935839263804
1628006875000,0.313404525
1628006905000,0.3123416595340282
1628006935000,0.3100602153941651
1628006965000,0.3141774315170279
1628006995000,0.3166971665228113
1628007025000,0.3134345505467801
1628007055000,0.3111897920595533
1628007085000,0.30801516353591163
1628007115000,0.3114077312801932
1628007145000,0.3120141872157345
1628007175000,0.31443600391330523
1628007205000,0.3136502017199017
1628007235000,0.31436313687727824
1628007265000,0.3187282758873929
1628007295000,0.3229879725077399
1628007325000,0.3114543016079159
1628007355000,0.3127571854966484
1628007385000,0.3129395223034735
1628007415000,0.31766602394540944
1628007445000,0.3151662030284302
1628007475000,0.3130545356703567
1628007505000,0.3204479474320241
1628007535000,0.3126261898773006
1628007565000,0.30997340313820154
1628007595000,0.3111994333537707
1628007625000,0.32020306637770896
1628007655000,0.31589754425634825
1628007685000,0.3090742810126582
1628007715000,0.3165549012704174
1628007745000,0.3161625012383901
1628007775000,0.3127665070240296
1628007805000,0.3099593960856269
1628007835000,0.3121020174691358
1628007865000,0.3193848944579781
1628007895000,0.31299050085313834
1628007925000,0.3159552940647482
1628007955000,0.3157816383240912
1628007985000,0.3126637493251534
1628008015000,0.31081010869297165
1628008045000,0.3152967878992629
1628008075000,0.31883573182096875
1628008105000,0.3107546322679779
1628008135000,0.31262121187270503
1628008165000,0.31129921209529626
1628008195000,0.31269157689912824
1628008225000,0.317202416429895
1628008255000,0.3165800444511825
1628008285000,0.3138767539332539
1628008315000,0.3162884314090627
1628008345000,0.3107695609308022
1628008375000,0.3117903245085995
1628008405000,0.3162208716372489
1628008435000,0.321142557
1628008465000,0.31020888042944783
1628008495000,0.30751182281231143
1628008525000,0.31850236160388823
1628008555000,0.3126009808913309
1628008585000,0.3151365957125604
1628008615000,0.3116966605425401
1628008645000,0.31303458894348896
1628008675000,0.31360827232587063
1628008705000,0.3220497598280098
1628008735000,0.31180982076167074
1628008765000,0.3115390699697885
1628008795000,0.31818660558312656
1628008825000,0.31578142642550583
1628008855000,0.31636707154271665
1628008885000,0.31372829392466584
1628008915000,0.31077685024539875
1628008945000,0.31953605209359603
1628008975000,0.31552775913846154
1628009005000,0.3099482756473489
1628009035000,0.3134146097264437
1628009065000,0.31455294364981506
1628009095000,0.31153975495110026
1628009125000,0.3149290181652491
1628009155000,0.3167886177018633
1628009185000,0.31356670890243904
1628009215000,0.31581111081570995
1628009245000,0.3118018663390663
1628009275000,0.3225976978619426
1628009305000,0.3107888628291488
1628009335000,0.3168034825898389
1628009365000,0.31199425
1628009395000,0.3194590148148148
1628009425000,0.3124779886897404
1628009455000,0.31733486055045873
1628009485000,0.31265280226993863
1628009515000,0.3168569148170732
1628009545000,0.3124182800248139
1628009575000,0.31160502537492496
1628009605000,0.31294884347026364
1628009635000,0.3184831291386683
1628009665000,0.31142070599876315
1628009695000,0.31204091790123456
1628009725000,0.3215742810994441
1628009755000,0.3129206149630542
1628009785000,0.3137698259192285
1628009815000,0.3171771604833837
1628009845000,0.31633118492983525
1628009875000,0.3196559207729469
1628009905000,0.3222479375152253
1628009935000,0.3150836897734232
1628009965000,0.3176063886223862
1628009995000,0.3117668460085314
1628010025000,0.3203805488131467
1628010055000,0.3126702699877751
1628010085000,0.31523251184454043
1628010115000,0.31372168305190745
1628010145000,0.3201961392813642
1628010175000,0.3131024707212714
1628010205000,0.311687926376989
1628010235000,0.3130354744578313
1628010265000,0.3156003856791641
1628010295000,0.3118988688343558
1628010325000,0.3162416717510677
1628010355000,0.31211383270055115
1628010385000,0.31134690881440097
1628010415000,0.3174401657976412
1628010445000,0.315506523410758
1628010475000,0.315439735982748
1628010505000,0.31575026843065696
1628010535000,0.3163887808706315
1628010565000,0.3153319468636912
1628010595000,0.3120622328230251
1628010625000,0.3194048778119238
1628010655000,0.3144713908977556
1628010685000,0.3071016462184874
1628010715000,0.3212553356356968
1628010745000,0.3124138097394541
1628010775000,0.3179669795143213
1628010805000,0.3156579154317208
1628010835000,0.3154420641727494
1628010865000,0.3125893039779682
1628010895000,0.3183620455104551
1628010925000,0.3130037166253102
1628010955000,0.3120861115121344
1628010985000,0.3125711526380368
1628011015000,0.3112872255345144
1628011045000,0.3199580114794353
1628011075000,0.31614236602484475
1628011105000,0.3154822810583283
1628011135000,0.3137263869913687
1628011165000,0.31644333117206985
1628011195000,0.319019524601227
1628011225000,0.312360745382263
1628011255000,0.3164176320394331
1628011285000,0.3179915951822113
1628011315000,0.3132736336369156
1628011345000,0.3166704796978852
1628011375000,0.3175960901748041
1628011405000,0.3165719770212766
1628011435000,0.3112040364193746
1628011465000,0.31888725408225904
1628011495000,0.3103844450060901
1628011525000,0.322926039331307
1628011555000,0.31314086701474203
1628011585000,0.31637440658135285
1628011615000,0.3176145140425532
1628011645000,0.3174680976629766
1628011675000,0.3159190477493917
1628011705000,0.3153084321185917
1628011735000,0.3143035467117394
1628011765000,0.31765888447015833
1628011795000,0.31378467673267324
1628011825000,0.3181822678140097
1628011855000,0.3148945069837447
1628011885000,0.3150014734365325
1628011915000,0.3210372342631898
1628011945000,0.3182446192792793
1628011975000,0.3110260658656808
1628012005000,0.31121887238442825
1628012035000,0.31932627255139057
1628012065000,0.3106838987195122
1628012095000,0.31714469723247235
1628012125000,0.31664948590604025
1628012155000,0.3104716885448917
1628012185000,0.31383826397285625
1628012215000,0.32084169446172994
1628012245000,0.31680959670128284
1628012275000,0.31373883720219914
1628012305000,0.3143544127712337
1628012335000,0.3176475640123457
1628012365000,0.3144958225153374
1628012395000,0.312894409375
1628012425000,0.3131263386569873
1628012455000,0.3149973054720385
1628012485000,0.3152358442176871
1628012515000,0.3188376158439976
1628012545000,0.3211418933701657
1628012575000,0.3104719882138517
1628012605000,0.31364464478072884
1628012635000,0.3187832822139304
1628012665000,0.3133807508236729
1628012695000,0.3216906412935324
1628012725000,0.3169719926289926
1628012755000,0.3109879197560976
1628012785000,0.31446446161928304
1628012815000,0.3113295733990148
1628012845000,0.3151519219135803
1628012875000,0.3164599158188586
1628012905000,0.3201491748912368
1628012935000,0.3159392369446135
1628012965000,0.3191921255927052
1628012995000,0.3205264832024169
1628013025000,0.31100407346813724
1628013055000,0.31757663404907976
1628013085000,0.3143647014778325
1628013115000,0.3124092027915633
1628013145000,0.3117744924205379
1628013175000,0.31159484361127776
1628013205000,0.309444178749241
1628013235000,0.3178300063882064
1628013265000,0.3128416443567961
1628013295000,0.3160078727719729
1628013325000,0.3120558289650949
1628013355000,0.3149815498472816
1628013385000,0.3162412925373134
1628013415000,0.3132393810103469
1628013445000,0.3191592028606208
1628013475000,0.3152432719504644
1628013505000,0.3186375551808706
1628013535000,0.31316432761377616
1628013565000,0.31975057226993864
1628013595000,0.3160608418576598
1628013625000,0.31641540340839924
1628013655000,0.3127191658273381
1628013685000,0.31778912477175897
1628013715000,0.315642141223733
1628013745000,0.3211901668295663
1628013775000,0.3113828314780457
1628013805000,0.3148326056511057
1628013835000,0.3121503963714637
1628013865000,0.3127795401948843
1628013895000,0.3134405606006006
1628013925000,0.3128141426708074
1628013955000,0.3159836900862069
1628013985000,0.3115035956760049
1628014015000,0.3198355471813725
1628014045000,0.3189708417636252
1628014075000,0.3149014233812949
1628014105000,0.3158457583281733
1628014135000,0.31159336574352803
1628014165000,0.3132461190006169
1628014195000,0.3117551020109689
1628014225000,0.3173571650822669
1628014255000,0.3122866730769231
1628014285000,0.3161938568627451
1628014315000,0.31622399172839505
1628014345000,0.32005715375228805
1628014375000,0.31491842249844626
1628014405000,0.31385260024829303
1628014435000,0.312760753992629
1628014465000,0.31235848993205684
1628014495000,0.3164529526540574
1628014525000,0.3118232326781327
1628014555000,0.3160413112754159
1628014585000,0.3135929878769231
1628014615000,0.3198634190153846
1628014645000,0.312219506372549
1628014675000,0.32308311722891564
1628014705000,0.3130882156326034
1628014735000,0.3112652417575757
1628014765000,0.3130098117826618
1628014795000,0.3117521431323804
1628014825000,0.31649602530413623
1628014855000,0.31842206152897656
1628014885000,0.31635506987878786
1628014915000,0.3156199971985384
1628014945000,0.3133004695009242
1628014975000,0.32046329687116565
1628015005000,0.3134077436964504
1628015035000,0.3128878381188119
1628015065000,0.320007084066956
1628015095000,0.3147864395617772
1628015125000,0.31585669662650606
1628015155000,0.3153096133863081
1628015185000,0.3172795333128457
1628015215000,0.3193739665230769
1628015245000,0.3161656340320592
1628015275000,0.3118661270795385
1628015305000,0.3157169948434623
1628015335000,0.3167841067436209
1628015365000,0.31248825447303924
1628015395000,0.3232959391169154
1628015425000,0.31418763799261085
1628015455000,0.31592483918417796
1628015485000,0.31191258506731945
1628015515000,0.31738290760667903
1628015545000,0.3191262103022825
1628015575000,0.31140401886559804
1628015605000,0.31534994778921865
1628015635000,0.3163409817737003
1628015665000,0.3123243423384615
1628015695000,0.31572779417234964
1628015725000,0.3168298184748915
1628015755000,0.3143123147831399
1628015785000,0.3169550731812577
1628015815000,0.31055285982800984
1628015845000,0.3172322418103448
1628015875000,0.31380756379310343
1628015905000,0.31052807010869565
1628015935000,0.31180954861708665
1628015965000,0.3109058006093845
1628015995000,0.31198915303593555
1628016025000,0.3130395691418137
1628016055000,0.3163346394070414
1628016085000,0.3112348185162477
1628016115000,0.3169233112276373
1628016145000,0.3163660919277109
1628016175000,0.3136617136054421
1628016205000,0.3126585851605088
1628016235000,0.3174009828877005
1628016265000,0.3161195256178421
1628016295000,0.3160970255095738
1628016325000,0.31558142002441997
1628016355000,0.31260707613219096
1628016385000,0.3134535299697885
1628016415000,0.32129993947051744
1628016445000,0.31724335601965603
1628016475000,0.3123663133089133
1628016505000,0.31400428424317617
1628016535000,0.3115431211864407
1628016565000,0.3128963977230769
1628016595000,0.31662794161603885
1628016625000,0.3159232293865031
1628016655000,0.3150334633171913
1628016685000,0.3176827302339901
1628016715000,0.31672375865443425
1628016745000,0.3101541628119294
1628016775000,0.3155668135168196
1628016805000,0.3114831797530864
1628016835000,0.3161830448127685
1628016865000,0.3167218731435644
1628016895000,0.3165556697225573
1628016925000,0.3166083902469136
1628016955000,0.3132272102028273
1628016985000,0.31669104452644525
1628017015000,0.3121445384378844
1628017045000,0.3165717792954265
1628017075000,0.3127193157323689
1628017105000,0.3104668024375381
1628017135000,0.31288217620795106
1628017165000,0.3107635253929867
1628017195000,0.3124780069282649
1628017225000,0.3125525658072437
1628017255000,0.31311282469135804
1628017285000,0.3128522552439024
1628017315000,0.3159898580329872
1628017345000,0.3175611089460784
1628017375000,0.31463171533251233
1628017405000,0.3172995242239805
1628017435000,0.3148951253547193
1628017465000,0.3205800967581047
1628017495000,0.31092690560292324
1628017525000,0.31229576729255
1628017555000,0.3127474620838471
1628017585000,0.3134557564164649
1628017615000,0.31364494153374234
1628017645000,0.3120922984261501
1628017675000,0.3126962561035758
1628017705000,0.3181292658938377
1628017735000,0.31714788610271905
1628017765000,0.31120332814224394
1628017795000,0.3162339143296433
1628017825000,0.3227443516707921
1628017855000,0.3201573990786241
1628017885000,0.31493646093189964
1628017915000,0.3753244337630448
1628017945000,0.37417012405063294
1628017975000,0.3718906742771084
1628018005000,0.3731561421884497
1628018035000,0.3711932173112339
1628018065000,0.3329772327449787
1628018095000,0.3128888262008734
1628018125000,0.31287148323019803
1628018155000,0.3106460830351635
1628018185000,0.3115164678724709
1628018215000,0.31835696607361963
1628018245000,0.3135588837554046
1628018275000,0.3227846628181254
1628018305000,0.31695784765432106
1628018335000,0.3123247739345275
1628018365000,0.3180485755214724
1628018395000,0.3175428954405422
1628018425000,0.31191537542579073
1628018455000,0.3145903832817337
1628018485000,0.31259242960893857
1628018515000,0.31668255864615386
1628018545000,0.3091498777236762
1628018575000,0.31648256203076924
1628018605000,0.313473945567266
1628018635000,0.31658417222222224
1628018665000,0.3197969913097455
1628018695000,0.31200795607187115
1628018725000,0.308382093504902
1628018755000,0.3169255607453416
1628018785000,0.324211428700361
1628018815000,0.31692737090464546
1628018845000,0.31721931728772146
1628018875000,0.31412726036585364
1628018905000,0.31723280999383097
1628018935000,0.31621064582560304
1628018965000,0.3125960486153846
1628018995000,0.3110888614774115
1628019025000,0.3162827963592233
1628019055000,0.311643322673031
1628019085000,0.3113137011713933
1628019115000,0.32059569782214153
1628019145000,0.3114083438831406
1628019175000,0.3159411270782396
1628019205000,0.31041719180825245
1628019235000,0.32056763402312843
1628019265000,0.313969698106292
1628019295000,0.3125030902930403
1628019325000,0.3177228281941032
1628019355000,0.31152206364756624
1628019385000,0.3217025598176292
1628019415000,0.3115019313149847
1628019445000,0.31668514333748443
1628019475000,0.3159606465116279
1628019505000,0.31770668167182664
1628019535000,0.3126315390797546
1628019565000,0.3190862769136559
1628019595000,0.3164171387096774
1628019625000,0.3217114474784748
1628019655000,0.3179183830645161
1628019685000,0.3111692713939394
1628019715000,0.32142387603406325
1628019745000,0.3115546271332106
1628019775000,0.3133753255227552
1628019805000,0.3129602150431566
1628019835000,0.3118253341523341
1628019865000,0.3178310772979642
1628019895000,0.3169407206134969
1628019925000,0.31306661228710464
1628019955000,0.3124724523722628
1628019985000,0.31538001880650995
1628020015000,0.3114409791564792
1628020045000,0.3163246867557716
1628020075000,0.3108400310449575
1628020105000,0.31406709981640146
1628020135000,0.311823134858519
1628020165000,0.30999134399756245
1628020195000,0.3134436158595641
1628020225000,0.31417836159509205
1628020255000,0.3181168789376158
1628020285000,0.3121555024600246
1628020315000,0.3135993105651106
1628020345000,0.3161752064180929
1628020375000,0.3199905776492083
1628020405000,0.31682585918367345
1628020435000,0.3117538402461538
1628020465000,0.3157061191620456
1628020495000,0.311568516635973
1628020525000,0.3107610881660471
1628020555000,0.3114577671165644
1628020585000,0.3218267909538461
1628020615000,0.31120438086797064
1628020645000,0.31694553405275777
1628020675000,0.31235330452599386
1628020705000,0.3170539485872236
1628020735000,0.3130264625386997
1628020765000,0.3142281056615385
1628020795000,0.31365172469362745
1628020825000,0.31132538963825873
1628020855000,0.3160488049723757
1628020885000,0.3199300093730602
1628020915000,0.31628220660954715
1628020945000,0.31471243824242423
1628020975000,0.3132373775061125
1628021005000,0.32412249003645194
1628021035000,0.3122471963369963
1628021065000,0.3145387677477477
1628021095000,0.30779977993939395
1628021125000,0.31715873185185184
1628021155000,0.31513712787990195
1628021185000,0.3174512138395591
1628021215000,0.3205696511083744
1628021245000,0.3169028191304348
1628021275000,0.31099444021000616
1628021305000,0.3129243706971005
1628021335000,0.31312847019583845
1628021365000,0.3188595039779682
1628021395000,0.3157303048436542
1628021425000,0.31679535367781153
1628021455000,0.3120322441759604
1628021485000,0.31259502588017296
1628021515000,0.3127019794621027
1628021545000,0.31174078671541744
1628021575000,0.3143863048466258
1628021605000,0.3202767304508956
1628021635000,0.3121653234965902
1628021665000,0.3100623959171237
1628021695000,0.3165511196681008
1628021725000,0.3180112159975293
1628021755000,0.31260464488916256
1628021785000,0.3125097301557632
1628021815000,0.3125067511771995
1628021845000,0.31098905406075633
1628021875000,0.3152040426806671
1628021905000,0.3128461737905695
1628021935000,0.3140778593654667
1628021965000,0.3144219025862069
1628021995000,0.3180155153284672
1628022025000,0.3117976200369913
1628022055000,0.3140483756067961
1628022085000,0.3129193141800247
1628022115000,0.32001696796116497
1628022145000,0.31762962515299875
1628022175000,0.313143651766894
1628022205000,0.31605293063444106
1628022235000,0.3109291939597316
1628022265000,0.3108855733702337
1628022295000,0.3111260791819292
1628022325000,0.3171377013724267
1628022355000,0.31922641429455445
1628022385000,0.3116149829312425
1628022415000,0.3124819171704958
1628022445000,0.3145842048705302
1628022475000,0.3120797630553865
1628022505000,0.31534500142503097
1628022535000,0.3123951848186847
1628022565000,0.3125536280373832
1628022595000,0.3152291627261761
1628022625000,0.3151383895412844
1628022655000,0.32005645585748793
1628022685000,0.3115771195107034
1628022715000,0.3165098132352941
1628022745000,0.3129296075840979
1628022775000,0.3169258784972511
1628022805000,0.3154501280843149
1628022835000,0.3162431013472137
1628022865000,0.3119994294046173
1628022895000,0.3153914285368803
1628022925000,0.3172538127294981
1628022955000,0.3139988874069479
1628022985000,0.3109625688145897
1628023015000,0.32145364754990924
1628023045000,0.3114736788672351
1628023075000,0.3143016011377245
1628023105000,0.3143596741975309
1628023135000,0.3111792770681265
1628023165000,0.32216852887106723
1628023195000,0.31467228139678616
1628023225000,0.3150537395590937
1628023255000,0.3178481701893708
1628023285000,0.3194508121546961
1628023315000,0.3128277360248447
1628023345000,0.3132611676506765
1628023375000,0.3194388988963826
1628023405000,0.31264953206854346
1628023435000,0.3142902153657037
1628023465000,0.31744056885245897
1628023495000,0.31333127950617284
1628023525000,0.3148841917127072
1628023555000,0.3097831033353922
1628023585000,0.3176318649938801
1628023615000,0.3177124580346106
1628023645000,0.31851148787143724
1628023675000,0.31175044759556103
1628023705000,0.3167765583023544
1628023735000,0.31585078164634145
1628023765000,0.31100859716525936
1628023795000,0.3127322709001233
1628023825000,0.3098196608800482
1628023855000,0.31293273212530714
1628023885000,0.31682420313075504
1628023915000,0.31222364779913203
1628023945000,0.3169345373161765
1628023975000,0.3154204632127529
1628024005000,0.3126249336149668
1628024035000,0.316120573556231
1628024065000,0.31297811901538464
1628024095000,0.3111003114476075
1628024125000,0.3138275239368165
1628024155000,0.3131057875930521
1628024185000,0.3144656599629858
1628024215000,0.3119740138395591
1628024245000,0.3123493295426452
1628024275000,0.3108210218104496
1628024305000,0.3216616836296751
1628024335000,0.31286177763975154
1628024365000,0.3154584432808717
1628024395000,0.3156334577669903
1628024425000,0.3183906729462631
1628024455000,0.31131225301724136
1628024485000,0.3152228659863945
1628024515000,0.31651378446899936
1628024545000,0.31812398108272505
1628024575000,0.3139772017791411
1628024605000,0.31096613556231
1628024635000,0.31302720550847457
1628024665000,0.3126928399762046
1628024695000,0.3111640988963826
1628024725000,0.3176689666464891
1628024755000,0.3201768040540541
1628024785000,0.31877068967861555
1628024815000,0.3180402928527418
1628024845000,0.3107999801084991
1628024875000,0.312537214966402
1628024905000,0.3148301507085644
1628024935000,0.3142945853495441
1628024965000,0.32084129969806763
1628024995000,0.31047577412844035
1628025025000,0.3127698283065513
1628025055000,0.31906187444717443
1628025085000,0.3112096275695284
1628025115000,0.3210311555832813
1628025145000,0.3149442824767802
1628025175000,0.31160201732429105
1628025205000,0.31326519312039314
1628025235000,0.3132432542257865
1628025265000,0.312663423021148
1628025295000,0.3122263158980583
1628025325000,0.3129202295214419
1628025355000,0.3092208051157125
1628025385000,0.31066050159118724
1628025415000,0.3167560763906057
1628025445000,0.3111307054347826
1628025475000,0.3184747799153055
1628025505000,0.3219325361505244
1628025535000,0.31087809382566584
1628025565000,0.3133993117540687
1628025595000,0.3111341199751861
1628025625000,0.3114385769137303
1628025655000,0.3147846878824969
1628025685000,0.31219538300733496
1628025715000,0.31502677987767586
1628025745000,0.3120796381995134
1628025775000,0.3141005795121951
1628025805000,0.3156091917385943
1628025835000,0.3164038661557327
1628025865000,0.317462543727162
1628025895000,0.3161847396941896
1628025925000,0.3181508002470661
1628025955000,0.3120730640366973
1628025985000,0.3139382120972644
1628026015000,0.31150705477477475
1628026045000,0.31166835351515154
1628026075000,0.31108760512662137
1628026105000,0.3127098950030469
1628026135000,0.311357739794686
1628026165000,0.3101074668696711
1628026195000,0.31564391056207536
1628026225000,0.3193722084797093
1628026255000,0.3113848386095593
1628026285000,0.32158908050900065
1628026315000,0.31710277092882994
1628026345000,0.3199673965410748
1628026375000,0.3166814243177684
1628026405000,0.31434245799392097
1628026435000,0.31309037753846153
1628026465000,0.3182628995694957
1628026495000,0.31594028006042296
1628026525000,0.3214918189287888
1628026555000,0.31425165356265355
1628026585000,0.31208675340346537
1628026615000,0.31261615746773197
1628026645000,0.3192511538795779
1628026675000,0.3128797078575813
1628026705000,0.3110768509573811
1628026735000,0.31597773019100434
1628026765000,0.31799224315531
1628026795000,0.3138570713675214
1628026825000,0.3145601855108359
1628026855000,0.314724651893234
1628026885000,0.31183517349845197
1628026915000,0.3081065723378941
1628026945000,0.3146677454658385
1628026975000,0.3117079779927449
1628027005000,0.31555920543150273
1628027035000,0.3195704981807156
1628027065000,0.3175770731361676
1628027095000,0.3104408285891089
1628027125000,0.3152541815365552
1628027155000,0.318065452184466
1628027185000,0.3094332434729812
1628027215000,0.3087224168988492
1628027245000,0.3146269209717097
1628027275000,0.3126996237531172
1628027305000,0.3118865093457944
1628027335000,0.3103265896676737
1628027365000,0.3222303676524953
1628027395000,0.3113164176077717
1628027425000,0.3161484227722772
1628027455000,0.3165232650455927
1628027485000,0.31348955307739185
1628027515000,0.316554803516348
1628027545000,0.31625012856265355
1628027575000,0.3138421060643564
1628027605000,0.3141226205207688
1628027635000,0.3197525812918952
1628027665000,0.31365299175757577
1628027695000,0.3190996516109046
1628027725000,0.3146651885235732
1628027755000,0.3180949620098039
1628027785000,0.3148224419374617
1628027815000,0.31638513420572123
1628027845000,0.3100254388307692
1628027875000,0.3110342867819641
1628027905000,0.31632290433973964
1628027935000,0.3136809277947465
1628027965000,0.3120867488888889
1628027995000,0.31909197529339095
1628028025000,0.31187658842105265
1628028055000,0.3116728054945055
1628028085000,0.32090405837408315
1628028115000,0.31923611334563345
1628028145000,0.3130239766935985
1628028175000,0.317961735398773
1628028205000,0.3132211233087331
1628028235000,0.3107946034021871
1628028265000,0.30901832328106155
1628028295000,0.31197019878493315
1628028325000,0.3146568878453039
1628028355000,0.3244239357055215
1628028385000,0.30811341595680863
1628028415000,0.3112150029090909
1628028445000,0.3175859248470012
1628028475000,0.31336827897657216
1628028505000,0.3211477964350453
1628028535000,0.3139033394673124
1628028565000,0.31241513923973024
1628028595000,0.3130130708845209
1628028625000,0.3119348925308642
1628028655000,0.31603283678090577
1628028685000,0.3109322272335181
1628028715000,0.3185272077533577
1628028745000,0.317505622799511
1628028775000,0.3170095008668731
1628028805000,0.3197238543975904
1628028835000,0.31086732814814816
1628028865000,0.3106421035495716
1628028895000,0.3149540360393604
1628028925000,0.3145671929866989
1628028955000,0.3124672435105068
1628028985000,0.3126959747992588
1628029015000,0.3094122373566687
1628029045000,0.3144312336159903
1628029075000,0.3148449557168784
1628029105000,0.3125172211362248
1628029135000,0.3122035179076923
1628029165000,0.3116023119091467
1628029195000,0.3146000397420147
1628029225000,0.3165195858108108
1628029255000,0.3108604264814815
1628029285000,0.32096318210590385
1628029315000,0.31776995235507244
1628029345000,0.3166126531038721
1628029375000,0.3209652438978829
1628029405000,0.31601510330882354
1628029435000,0.31520104847560976
1628029465000,0.31283757186335404
1628029495000,0.318944146756426
1628029525000,0.3147834904820012
1628029555000,0.3150781573800738
1628029585000,0.3161581447432763
1628029615000,0.31324526612220205
1628029645000,0.3118905668491484
1628029675000,0.3105104216117216
1628029705000,0.3109079930023924
1628029735000,0.32221602513694464
1628029765000,0.30936039483282674
1628029795000,0.3105685736842105
1628029825000,0.3131273631773399
1628029855000,0.31167405951070337
1628029885000,0.31463452083075016
1628029915000,0.3154507106013639
1628029945000,0.3101136377415459
1628029975000,0.3148244799263352
1628030005000,0.3122297920654149
1628030035000,0.3186920851851852
1628030065000,0.3148069550122249
1628030095000,0.3169991091799266
1628030125000,0.31923201993957706
1628030155000,0.3130162290012033
1628030185000,0.3186026167797656
1628030215000,0.3151480988228005
1628030245000,0.313036258
1628030275000,0.31875008989653075
1628030305000,0.3182903963212753
1628030335000,0.31155337071823197
1628030365000,0.3196498317224287
1628030395000,0.31228319814700434
1628030425000,0.3139517800733496
1628030455000,0.3123242808814401
1628030485000,0.3112291724969098
1628030515000,0.3160191412923077
1628030545000,0.3171687288957055
1628030575000,0.3134877953589109
1628030605000,0.3126838705378973
1628030635000,0.31736575902948405
1628030665000,0.3157318877899878
1628030695000,0.31255498103658536
1628030725000,0.31418306517473943
1628030755000,0.3153901789506173
1628030785000,0.3115545922371638
1628030815000,0.3176441550857843
1628030845000,0.31960255399753995
1628030875000,0.3150146971303805
1628030905000,0.3136184047413793
1628030935000,0.3183113856444716
1628030965000,0.3112565154972544
1628030995000,0.31832841959459457
1628031025000,0.3174531163076923
1628031055000,0.31225200745192305
1628031085000,0.31470249938875305
1628031115000,0.31282798844036697
1628031145000,0.3188457785846154
1628031175000,0.31135177507673417
1628031205000,0.3137022539900249
1628031235000,0.3127780076687117
1628031265000,0.3157012500620348
1628031295000,0.3122312113370302
1628031325000,0.3156603623152709
1628031355000,0.31007804948328266
1628031385000,0.31261937789281363
1628031415000,0.3157847435308344
1628031445000,0.3126791996943765
1628031475000,0.3118811076593137
1628031505000,0.31082525195838434
1628031535000,0.3162010522031824
1628031565000,0.3162311899509804
1628031595000,0.31417655598784194
1628031625000,0.31847085040197903
1628031655000,0.3088333561694291
1628031685000,0.3199071993872549
1628031715000,0.3196944042021925
1628031745000,0.31661575070682235
1628031775000,0.3211803949099938
1628031805000,0.3134244022235948
1628031835000,0.31695558367221194
1628031865000,0.3114657416259169
1628031895000,0.3153956172794118
1628031925000,0.3138131670411985
1628031955000,0.32498446161369193
1628031985000,0.3134519717916925
1628032015000,0.3119605604960677
1628032045000,0.31168646803482586
1628032075000,0.3132224546617916
1628032105000,0.3103786580110497
1628032135000,0.31934579637592136
1628032165000,0.31240928637469584
1628032195000,0.323601657467732
1628032225000,0.3185717787538941
1628032255000,0.31270826152460984
1628032285000,0.3170316125384143
1628032315000,0.3165787006646525
1628032345000,0.3124163319877676
1628032375000,0.3166307541312272
1628032405000,0.3134116751065125
1628032435000,0.3156612628291488
1628032465000,0.3128774622139765
1628032495000,0.3182720474691358
1628032525000,0.3173906805693069
1628032555000,0.31735275291563275
1628032585000,0.31786353022547226
1628032615000,0.31284260900123306
1628032645000,0.312814270745003
1628032675000,0.31417504012195124
1628032705000,0.3110545863164325
1628032735000,0.3151406041692213
1628032765000,0.3201553283692308
1628032795000,0.3180392549722051
1628032825000,0.3164574719975109
1628032855000,0.3132697711667685
1628032885000,0.3155714691275168
1628032915000,0.3151763606337599
1628032945000,0.3135408508074534
1628032975000,0.3188810896273292
1628033005000,0.318452446686747
1628033035000,0.3145971648878108
1628033065000,0.3130711386095593
1628033095000,0.3169344022140221
1628033125000,0.3150126673206622
1628033155000,0.3156168980024969
1628033185000,0.3127075411978221
1628033215000,0.31050818136308805
1628033245000,0.31903102525930443
1628033275000,0.3107030814769976
1628033305000,0.3138118917320459
1628033335000,0.3125207860084797
1628033365000,0.31212011672705314
1628033395000,0.3124374182919443
1628033425000,0.3134959767341928
1628033455000,0.31173450602923264
1628033485000,0.3141125737230769
1628033515000,0.3118683882643607
1628033545000,0.3238670940997567
1628033575000,0.3133692400746733
1628033605000,0.3141888059756098
1628033635000,0.31149559356833645
1628033665000,0.31100972185592185
1628033695000,0.3128033543570993
1628033725000,0.3122846050889025
1628033755000,0.31212391174698795
1628033785000,0.31385194393757504
1628033815000,0.3130507649350649
1628033845000,0.313658617877095
1628033875000,0.3131975173598553
1628033905000,0.2820188529340593
1628033935000,0.31260481865763545
1628033965000,0.3114073164948454
1628033995000,0.3120271869801085
1628034025000,0.29553441325524044
1628034055000,0.3110421363357843
1628034085000,0.3133915356392835
1628034115000,0.24968753802816898
1628034145000,0.31251153435207824
1628034175000,0.3137755917575757
1628034205000,0.31519387995095033
1628034235000,0.2496533031843233
1628034265000,0.2842202487148103
1628034295000,0.31184454346749224
1628034325000,0.31692374223826714
1628034355000,0.3113589330543933
1628034385000,0.3164732140024783
1628034415000,0.3115311915012407
1628034445000,0.3135542572992701
1628034475000,0.31253699273399016
1628034505000,0.3165958514041514
1628034535000,0.3179994509079903
1628034565000,0.3150227697758934
1628034595000,0.3141649168674699
1628034625000,0.3166935851965602
1628034655000,0.3116236138246041
1628034685000,0.3134136558267236
1628034715000,0.31223926986469863
1628034745000,0.3147611984165652
1628034775000,0.3111133556776557
1628034805000,0.32369269688667496
1628034835000,0.3121084550430504
1628034865000,0.3107928247695144
1628034895000,0.3121385072039072
1628034925000,0.31211659226993865
1628034955000,0.31894092578125
1628034985000,0.31826097452657304
1628035015000,0.31164800879256965
1628035045000,0.3134235073019802
1628035075000,0.31180686104615385
1628035105000,0.3168335407452657
1628035135000,0.3122634103985056
1628035165000,0.31132267157638466
1628035195000,0.3165585532347505
1628035225000,0.3125415731097561
1628035255000,0.3140021672191529
1628035285000,0.3095144320629159
1628035315000,0.3128837422535211
1628035345000,0.3104774124159021
1628035375000,0.32158947041312275
1628035405000,0.31083486980108505
1628035435000,0.31194058015728976
1628035465000,0.3151061859962986
1628035495000,0.31943523263931417
1628035525000,0.3120431636252297
1628035555000,0.3136522294840295
1628035585000,0.31417708651960785
1628035615000,0.3127731823566085
1628035645000,0.3158989722325294
1628035675000,0.32159724719033234
1628035705000,0.3151126315821625
1628035735000,0.3112033744538835
1628035765000,0.3116357884591774
1628035795000,0.3135000456161864
1628035825000,0.3101632870658683
1628035855000,0.31745302222910216
1628035885000,0.3122733018382353
1628035915000,0.3187969937575757
1628035945000,0.3164217063907486
1628035975000,0.3109546437269373
1628036005000,0.31450656761083745
1628036035000,0.3157205952698605
1628036065000,0.3148828506650544
1628036095000,0.3108544308019441
1628036125000,0.3137004752602572
1628036155000,0.3212044997559487
1628036185000,0.3141343027110289
1628036215000,0.3118415850273889
1628036245000,0.3120372572205438
1628036275000,0.3150100601480568
1628036305000,0.3152251223780488
1628036335000,0.32101927483076925
1628036365000,0.31756158402948403
1628036395000,0.31912987474258026
1628036425000,0.3113784420865441
1628036455000,0.3157564948923077
1628036485000,0.3122306616119403
1628036515000,0.3110115142857143
1628036545000,0.3122126905289053
1628036575000,0.3182262071122011
1628036605000,0.3109052208433735
1628036635000,0.3148343024728589
1628036665000,0.3112387430048662
1628036695000,0.3150709350521793
1628036725000,0.3115246145465612
1628036755000,0.3140113936537277
1628036785000,0.3122510843137255
1628036815000,0.315991253817734
1628036845000,0.31244659987669543
1628036875000,0.3173321364640884
1628036905000,0.312459903126916
1628036935000,0.31131592376298106
1628036965000,0.3159418805693069
1628036995000,0.31577455655940595
1628037025000,0.31631599161053275
1628037055000,0.3158805769087523
1628037085000,0.3179223084963325
1628037115000,0.31776388365735114
1628037145000,0.3144832769089798
1628037175000,0.3132925976997579
1628037205000,0.3115373550883608
1628037235000,0.3151754035735917
1628037265000,0.3210015909876543
1628037295000,0.3148138062111801
1628037325000,0.31571858584558826
1628037355000,0.3156203285714286
1628037385000,0.3127367672171254
1628037415000,0.31143055331343283
1628037445000,0.3106804421245421
1628037475000,0.3132062969512195
1628037505000,0.31465159859068625
1628037535000,0.3142718923547401
1628037565000,0.3146405718198417
1628037595000,0.3138893656422864
1628037625000,0.3131875393333333
1628037655000,0.31998482939729395
1628037685000,0.3192383872591672
1628037715000,0.31537323129584355
1628037745000,0.3129498113861386
1628037775000,0.3223246573619632
1628037805000,0.3169478840024331
1628037835000,0.3161909041441441
1628037865000,0.3192365271559633
1628037895000,0.31094809677619345
1628037925000,0.3133581694956949
1628037955000,0.3174741233685519
1628037985000,0.31624567213414634
1628038015000,0.3129346936998147
1628038045000,0.3147198113080685
1628038075000,0.31529897587262706
1628038105000,0.3158909289554062
1628038135000,0.3119915615667075
1628038165000,0.31324060799508
1628038195000,0.31119216256038645
1628038225000,0.31665707822331896
1628038255000,0.3171613797684339
1628038285000,0.31099066094234346
1628038315000,0.311786433903482
1628038345000,0.3132420323349633
1628038375000,0.3117735230722892
1628038405000,0.3119140287384615
1628038435000,0.3115465590062112
1628038465000,0.3190936369040248
1628038495000,0.3122893666460396
1628038525000,0.3110900737392374
1628038555000,0.3127033967701863
1628038585000,0.30682226525993883
1628038615000,0.3119972514634146
1628038645000,0.3143369643343653
1628038675000,0.3111914248346362
1628038705000,0.3111489029538462
1628038735000,0.3120299510403917
1628038765000,0.3210521927108434
1628038795000,0.3156253323602484
1628038825000,0.3124025399026764
1628038855000,0.3128120082098765
1628038885000,0.32096219801204817
1628038915000,0.3167921546134663
1628038945000,0.3178714741198271
1628038975000,0.3133322309625997
1628039005000,0.31708502268546906
1628039035000,0.3138733566707466
1628039065000,0.3116728844019729
1628039095000,0.317868836725935
1628039125000,0.3134199714199029
1628039155000,0.3130447147943524
1628039185000,0.3162767973587224
1628039215000,0.320935528844966
1628039245000,0.3137970578817734
1628039275000,0.31709805128361856
1628039305000,0.3110730509803922
1628039335000,0.3134121405752754
1628039365000,0.31193519925971624
1628039395000,0.3142312114873035
1628039425000,0.3115341020987654
1628039455000,0.3151482316800992
1628039485000,0.3115603249694002
1628039515000,0.3107980205700124
1628039545000,0.3133222459295261
1628039575000,0.31244818009888753
1628039605000,0.31176794294592913
1628039635000,0.3092691376767056
1628039665000,0.3145150622222222
1628039695000,0.3123186080220453
1628039725000,0.31213101835985313
1628039755000,0.31763106262195123
1628039785000,0.3181515388720437
1628039815000,0.3172666825031133
1628039845000,0.3158121080900244
1628039875000,0.31404590115291264
1628039905000,0.31799730818677985
1628039935000,0.3133436793082149
1628039965000,0.3118105377656345
1628039995000,0.3135307701043585
1628040025000,0.3133508684972843
1628040055000,0.3190568486703773
1628040085000,0.3123699709716355
1628040115000,0.3116557839727723
1628040145000,0.3158257556586271
1628040175000,0.31502703723076925
1628040205000,0.31607901547330103
1628040235000,0.3151366435692308
1628040265000,0.314609432565191
1628040295000,0.311304073894081
1628040325000,0.311825801991551
1628040355000,0.3097830514197531
1628040385000,0.3193410231374924
1628040415000,0.32229392969432313
1628040445000,0.3172901969295605
1628040475000,0.32136729864448554
1628040505000,0.3134241007434944
1628040535000,0.3134762583693638
1628040565000,0.3156537174390244
1628040595000,0.3188238499688085
1628040625000,0.3119825210814095
1628040655000,0.31077936940527284
1628040685000,0.31385821566563465
1628040715000,0.3118486902077151
1628040745000,0.31338920109823065
1628040775000,0.3134637784786642
1628040805000,0.3167374936739659
1628040835000,0.31655590211574364
1628040865000,0.31433904734239804
1628040895000,0.3157787382208589
1628040925000,0.3149593455773956
1628040955000,0.31624908467741936
1628040985000,0.3183792854345165
1628041015000,0.31342602458307595
1628041045000,0.31221232279411765
1628041075000,0.3133118409876543
1628041105000,0.3147964573357888
1628041135000,0.3200243044181705
1628041165000,0.3157010156923077
1628041195000,0.3121775874399039
1628041225000,0.3112301051546392
1628041255000,0.31881179548505184
1628041285000,0.31529108288672353
1628041315000,0.3151513047936893
1628041345000,0.3134338664797508
1628041375000,0.3176521543412265
1628041405000,0.31218660707257073
1628041435000,0.31844008619631897
1628041465000,0.3191726872049689
1628041495000,0.3125554968234576
1628041525000,0.3111140537230769
1628041555000,0.31098263976715684
1628041585000,0.3154010951444376
1628041615000,0.31222847224969097
1628041645000,0.31223484569495696
1628041675000,0.3149855282287823
1628041705000,0.31585393561893205
1628041735000,0.31851782327947337
1628041765000,0.3116337522451456
1628041795000,0.3183561327828746
1628041825000,0.3154601194884287
1628041855000,0.3125761264778325
1628041885000,0.3115168910574018
1628041915000,0.3082324003629764
1628041945000,0.3182726257907543
1628041975000,0.3123142807692308
1628042005000,0.3100328376390606
1628042035000,0.3145891602932193
1628042065000,0.3126871014101778
1628042095000,0.31414827513546056
1628042125000,0.31628050842424243
1628042155000,0.3124808307971014
1628042185000,0.3112219054003724
1628042215000,0.3190269668501529
1628042245000,0.3117482703143893
1628042275000,0.3172465789052891
1628042305000,0.3165034589492975
1628042335000,0.3203472507580352
1628042365000,0.3144692543719212
1628042395000,0.3138348196570729
1628042425000,0.3173452037195122
1628042455000,0.3140346166871921
1628042485000,0.3122513907960199
1628042515000,0.3132390885981308
1628042545000,0.3163413560990712
1628042575000,0.31159891304347825
1628042605000,0.3188083200123153
1628042635000,0.3126668392073171
1628042665000,0.3125620820840951
1628042695000,0.3197988770129072
1628042725000,0.3133192175046555
1628042755000,0.3162523873111783
1628042785000,0.3139196361505244
1628042815000,0.3124511085448917
1628042845000,0.3169083925301205
1628042875000,0.3114687764378479
1628042905000,0.31425593086034914
1628042935000,0.3099400467968273
1628042965000,0.3145429266261398
1628042995000,0.31539583525046383
1628043025000,0.31195719363411617
1628043055000,0.31157648143564354
1628043085000,0.31384139531835203
1628043115000,0.3148748631806931
1628043145000,0.31983783766233764
1628043175000,0.31104324469931804
1628043205000,0.3146121528756957
1628043235000,0.3176893998152709
1628043265000,0.323813453841426
1628043295000,0.31828869493201484
1628043325000,0.3179323986144578
1628043355000,0.3170634813382443
1628043385000,0.31473585889908257
1628043415000,0.3128397106642291
1628043445000,0.3157733118581907
1628043475000,0.31225443142681425
1628043505000,0.3117672328173375
1628043535000,0.30895011500302483
1628043565000,0.31365798163771713
1628043595000,0.3155916635068154
1628043625000,0.31523975248057384
1628043655000,0.3163826219646126
1628043685000,0.31423852706169825
1628043715000,0.3109927696656535
1628043745000,0.3161067689440994
1628043775000,0.3185053040665434
1628043805000,0.3145043616004963
1628043835000,0.31552141843711845
1628043865000,0.3222966944410507
1628043895000,0.315023204642639
1628043925000,0.3164723109233555
1628043955000,0.3200773574494175
1628043985000,0.3123323488029466
1628044015000,0.31514531494813913
1628044045000,0.3180322629032258
1628044075000,0.3137872402093596
1628044105000,0.3146948516737675
1628044135000,0.3131170657534247
1628044165000,0.3114929979343864
1628044195000,0.3128658225609756
1628044225000,0.3129017651580905
1628044255000,0.31475899919554456
1628044285000,0.31426391627344225
1628044315000,0.31409508324022345
1628044345000,0.31094691728167284
1628044375000,0.3173318593023256
1628044405000,0.31538520885225885
1628044435000,0.3161744253250774
1628044465000,0.3178452849255583
1628044495000,0.3161298914110429
1628044525000,0.314071250310559
1628044555000,0.31332982779141105
1628044585000,0.31154681336573514
1628044615000,0.31592596213235297
1628044645000,0.3105211294578313
1628044675000,0.32219685807833537
1628044705000,0.3187304726490473
1628044735000,0.3146962593692022
1628044765000,0.318665625389894
1628044795000,0.3130821992673993
1628044825000,0.3183789789019124
1628044855000,0.3132457777442702
1628044885000,0.3134965398648649
1628044915000,0.3153402905372405
1628044945000,0.31252848319070897
1628044975000,0.31829710911314985
1628045005000,0.3136938645320197
1628045035000,0.3113838891958257
1628045065000,0.31570098230912474
1628045095000,0.3109635291382517
1628045125000,0.3131018454097351
1628045155000,0.31326771171060697
1628045185000,0.3153573140567201
1628045215000,0.3111715048207664
1628045245000,0.31498061805896804
1628045275000,0.31442536942557137
1628045305000,0.3160534254478073
1628045335000,0.31167376385616863
1628045365000,0.3178529569401604
1628045395000,0.31117436234491314
1628045425000,0.31615982493811884
1628045455000,0.3141805855745721
1628045485000,0.31262982895871844
1628045515000,0.3128046364756624
1628045545000,0.31126366863580995
1628045575000,0.3179365651421508
1628045605000,0.31837045305250306
1628045635000,0.3154879831891224
1628045665000,0.3169427043504532
1628045695000,0.3182782488242574
1628045725000,0.3187346969771746
1628045755000,0.3169565162424243
1628045785000,0.31712242584615385
1628045815000,0.3120068364806867
1628045845000,0.3152803240934235
1628045875000,0.3163992934315531
1628045905000,0.3129789398087268
1628045935000,0.3105337029143898
1628045965000,0.31407921423357665
1628045995000,0.31733413958083834
1628046025000,0.3196324271384615
1628046055000,0.3125187521075137
1628046085000,0.3123403535980149
1628046115000,0.3148355107361963
1628046145000,0.3187995172670807
1628046175000,0.3136013532160194
1628046205000,0.3145771784966112
1628046235000,0.3174426818630475
1628046265000,0.32230343106435644
1628046295000,0.3181759877750611
1628046325000,0.3185954475409836
1628046355000,0.3111646920615385
1628046385000,0.3171539057633353
1628046415000,0.3127121080845771
1628046445000,0.3120047063397129
1628046475000,0.3129179620795107
1628046505000,0.3136053039154755
1628046535000,0.3136698508348794
1628046565000,0.3116143008547009
1628046595000,0.31286448483353885
1628046625000,0.32085422293972937
1628046655000,0.3168146892440073
1628046685000,0.31267826028325124
1628046715000,0.3136249162454874
1628046745000,0.3126697581222977
1628046775000,0.3183432276173285
1628046805000,0.3183276700248756
1628046835000,0.3113594983061101
1628046865000,0.3202162173006135
1628046895000,0.31623958794282164
1628046925000,0.3121712295843521
1628046955000,0.3124782241038319
1628046985000,0.3154306844059406
1628047015000,0.31735806210653755
1628047045000,0.3123250593399751
1628047075000,0.3102043688930117
1628047105000,0.3118425726168792
1628047135000,0.31931753630262355
1628047165000,0.31989019951100245
1628047195000,0.3134798082107843
1628047225000,0.3106373096735188
1628047255000,0.31082526791181875
1628047285000,0.3173440613733905
1628047315000,0.3161740447368421
1628047345000,0.3177751149538461
1628047375000,0.3135600704672897
1628047405000,0.31123351578305913
1628047435000,0.3172021711596843
1628047465000,0.3170635390452876
1628047495000,0.3117848610571081
1628047525000,0.31149845067237164
1628047555000,0.31552638871165645
1628047585000,0.3173977631197098
1628047615000,0.31763155716057034
1628047645000,0.31239682126751983
1628047675000,0.3103219717824773
1628047705000,0.31553116445929524
1628047735000,0.31477062361282365
1628047765000,0.31317752417118744
1628047795000,0.31247341955069824
1628047825000,0.3145928725854829
1628047855000,0.3152348626838235
1628047885000,0.3127801598535693
1628047915000,0.3155164850369458
1628047945000,0.3186823044044665
1628047975000,0.3182744952731737
1628048005000,0.3128781416004887
1628048035000,0.3118276603321033
1628048065000,0.3141339459139114
1628048095000,0.31214931090133985
1628048125000,0.3164331893799877
1628048155000,0.31193618313989
1628048185000,0.31725033910681955
1628048215000,0.3194650297230769
1628048245000,0.3182329570191713
1628048275000,0.3155279533210332
1628048305000,0.3164009604294479
1628048335000,0.31287475867718445
1628048365000,0.3172550568627451
1628048395000,0.31942608854489163
1628048425000,0.3131296211327649
1628048455000,0.3184977195018226
1628048485000,0.3158926140500916
1628048515000,0.3149125892260062
1628048545000,0.3136195307785888
1628048575000,0.31899922103990325
1628048605000,0.3222129263922518
1628048635000,0.31023202977425257
1628048665000,0.3164581349196539
1628048695000,0.32100633268647666
1628048725000,0.31589602769895125
1628048755000,0.31362112984520124
1628048785000,0.32033020384615385
1628048815000,0.3135516447980416
1628048845000,0.3114040093251534
1628048875000,0.31335969956602605
1628048905000,0.3122740930759804
1628048935000,0.3160854676668708
1628048965000,0.3135836870887647
1628048995000,0.31160931442602824
1628049025000,0.3136800121876904
1628049055000,0.32160106387176324
1628049085000,0.3188589829696969
1628049115000,0.3187222634987893
1628049145000,0.3111135967960567
1628049175000,0.3142969043719212
1628049205000,0.31277688133824433
1628049235000,0.3185304273631841
1628049265000,0.3155736758328286
1628049295000,0.3199036849230769
1628049325000,0.3168829471779141
1628049355000,0.3119677853437877
1628049385000,0.3147239836085627
1628049415000,0.3173471378778532
1628049445000,0.31525715973072216
1628049475000,0.3122873196139477
1628049505000,0.3178565141891892
1628049535000,0.31423635825062035
1628049565000,0.3142282928088506
1628049595000,0.3120975741525424
1628049625000,0.3137052814769976
1628049655000,0.3119617134191177
1628049685000,0.3142641823918269
1628049715000,0.3115546358363858
1628049745000,0.3112974539401344
1628049775000,0.31336072902227724
1628049805000,0.3141156868340478
1628049835000,0.3151069867718447
1628049865000,0.3140315363525836
1628049895000,0.31310118930091185
1628049925000,0.31649708821752265
1628049955000,0.3134794365703749
1628049985000,0.3157073224892175
1628050015000,0.3116786662576687
1628050045000,0.3146532788827501
1628050075000,0.31495075564272784
1628050105000,0.3126469263803681
1628050135000,0.31562527318708106
1628050165000,0.3178611300495663
1628050195000,0.3216344891875382
1628050225000,0.31154519513247075
1628050255000,0.314843766977612
1628050285000,0.3118918039779682
1628050315000,0.31731618030864195
1628050345000,0.3189617100371747
1628050375000,0.3176993882608696
1628050405000,0.31746589666059505
1628050435000,0.31814218143639683
1628050465000,0.3180803969249693
1628050495000,0.31602751980792315
1628050525000,0.32124753287176394
1628050555000,0.3108239127633209
1628050585000,0.3195449530238241
1628050615000,0.3098438062268804
1628050645000,0.3201018085626912
1628050675000,0.3155397703726329
1628050705000,0.312523715
1628050735000,0.3106435512446873
1628050765000,0.31884754002440513
1628050795000,0.3130546815935763
1628050825000,0.3104566052890529
1628050855000,0.3165182311180124
1628050885000,0.31627702206771463
1628050915000,0.3198125476567255
1628050945000,0.3092773101529052
1628050975000,0.3124282819512195
1628051005000,0.31609657271627345
1628051035000,0.3205706610365854
1628051065000,0.3131887572833436
1628051095000,0.3153632411334552
1628051125000,0.3136530207250755
1628051155000,0.3121019512134412
1628051185000,0.3158209161330049
1628051215000,0.3197675079268293
1628051245000,0.31227491595873785
1628051275000,0.3210664056638246
1628051305000,0.3166472935990338
1628051335000,0.3143472123616236
1628051365000,0.31459067476923075
1628051395000,0.3145666030415891
1628051425000,0.31483829176904177
1628051455000,0.3195138556733167
1628051485000,0.31144187417177915
1628051515000,0.31196746220036875
1628051545000,0.31811144596774193
1628051575000,0.3208477844678218
1628051605000,0.3099446069570478
1628051635000,0.3149755359659781
1628051665000,0.3125321748909657
1628051695000,0.3153454743761412
1628051725000,0.31143312571255305
1628051755000,0.3121687282489323
1628051785000,0.3201336020535159
1628051815000,0.3116848137484587
1628051845000,0.3127917592009685
1628051875000,0.31450361908585545
1628051905000,0.30850365918367345
1628051935000,0.3154277716819572
1628051965000,0.3110810200854701
1628051995000,0.3165235413218036
1628052025000,0.31332656554419724
1628052055000,0.3170469863803681
1628052085000,0.3114971226772616
1628052115000,0.3123908171109733
1628052145000,0.3164588984690753
1628052175000,0.31272869915151513
1628052205000,0.317874687607362
1628052235000,0.31362528828270303
1628052265000,0.3148617520489297
1628052295000,0.31458278073110285
1628052325000,0.3145345582619339
1628052355000,0.3163391671623296
1628052385000,0.314700503817734
1628052415000,0.31144708623188405
1628052445000,0.3155160712195122
1628052475000,0.3124520413479053
1628052505000,0.3195464665458937
1628052535000,0.31661276282527884
1628052565000,0.31354999614678897
1628052595000,0.3155294908131595
1628052625000,0.3129562737775061
1628052655000,0.3170370593386405
1628052685000,0.31706731081745543
1628052715000,0.3182599707064556
1628052745000,0.3140572342874543
1628052775000,0.316672231990232
1628052805000,0.3144836734529703
1628052835000,0.3170181846249225
1628052865000,0.31679920823743185
1628052895000,0.3166285536991369
1628052925000,0.3086394015709969
1628052955000,0.31287604256880736
1628052985000,0.31626808587360594
1628053015000,0.3126356437423313
1628053045000,0.3142907346650277
1628053075000,0.3161437796640672
1628053105000,0.31350244027861895
1628053135000,0.31373317231430325
1628053165000,0.31523732972809665
1628053195000,0.3187241071209331
1628053225000,0.3186393298879203
1628053255000,0.3122105948328268
1628053285000,0.3182364649294911
1628053315000,0.31336644137507674
1628053345000,0.31204076286422816
1628053375000,0.31650148045482485
1628053405000,0.31475653126916003
1628053435000,0.3157509630395137
1628053465000,0.31861789785012284
1628053495000,0.31208387654623393
1628053525000,0.31541493021978023
1628053555000,0.31086214905430143
1628053585000,0.3157763773527626
1628053615000,0.31481435706285005
1628053645000,0.3091901993861265
1628053675000,0.3124615052695336
1628053705000,0.3137600767979987
1628053735000,0.3186873206339341
1628053765000,0.3118366507739938
1628053795000,0.3149617152375077
1628053825000,0.31728154219330856
1628053855000,0.3206094635588056
1628053885000,0.31506811954795355
1628053915000,0.31265764020807835
1628053945000,0.3123957025656689
1628053975000,0.31696611193216234
1628054005000,0.3142632538795779
1628054035000,0.31675207235329705
1628054065000,0.31313900773480663
1628054095000,0.31894223302919705
1628054125000,0.3150346798539257
1628054155000,0.3159861202212661
1628054185000,0.3168599443708609
1628054215000,0.3110704033700981
1628054245000,0.3191405489348752
1628054275000,0.3152928568567961
1628054305000,0.3150801981143552
1628054335000,0.310926751799878
1628054365000,0.31449898267570897
1628054395000,0.31478388703931204
1628054425000,0.3124151858518964
1628054455000,0.32227296071645417
1628054485000,0.31666679987827145
1628054515000,0.3129118278857837
1628054545000,0.3129277900491401
1628054575000,0.3118823476132191
1628054605000,0.3144167933210784
1628054635000,0.3128481264162561
1628054665000,0.3115811357490865
1628054695000,0.3094931652439024
1628054725000,0.3147250744200244
1628054755000,0.3129211205351587
1628054785000,0.3160670479950648
1628054815000,0.3104110595396729
1628054845000,0.31270680705009274
1628054875000,0.3176265358282209
1628054905000,0.3150755345386534
1628054935000,0.3154822247252747
1628054965000,0.31141697754975123
1628054995000,0.3124941933414783
1628055025000,0.3134404322761194
1628055055000,0.3148909142945163
1628055085000,0.3133981556632344
1628055115000,0.3114986250766401
1628055145000,0.3140842730553827
1628055175000,0.3177780651699029
1628055205000,0.31248437801111795
1628055235000,0.3135793437151703
1628055265000,0.31151949981583793
1628055295000,0.3167710129130967
1628055325000,0.3167591106369821
1628055355000,0.3124060842457421
1628055385000,0.317069248391014
1628055415000,0.3187199011042945
1628055445000,0.31691211151515153
1628055475000,0.32143419684796043
1628055505000,0.31303224643296435
1628055535000,0.3126643362576687
1628055565000,0.3141587209063444
1628055595000,0.31240335462906194
1628055625000,0.3127090571428571
1628055655000,0.3135265131368938
1628055685000,0.3128672354407295
1628055715000,0.3185545048118445
1628055745000,0.3162697840320592
1628055775000,0.3174750849568434
1628055805000,0.31316964193946883
1628055835000,0.3149305793251534
1628055865000,0.3148273936458976
1628055895000,0.31699731187576125
1628055925000,0.3168084968234575
1628055955000,0.3150255110097324
1628055985000,0.316597899579074
1628056015000,0.3160570723587224
1628056045000,0.32394817422303473
1628056075000,0.31463651343465043
1628056105000,0.3173292288093769
1628056135000,0.31298104460784315
1628056165000,0.32288320626520683
1628056195000,0.31429964672782873
1628056225000,0.3134960170495768
1628056255000,0.3087532644563919
1628056285000,0.3171447444581281
1628056315000,0.3206465197053407
1628056345000,0.31817022987249544
1628056375000,0.31534529022465085
1628056405000,0.31023952042944786
1628056435000,0.31086271903903906
1628056465000,0.3131082566317088
1628056495000,0.3160898313186813
1628056525000,0.31169447260024297
1628056555000,0.3175718312152992
1628056585000,0.3163935568711657
1628056615000,0.31002000184275186
1628056645000,0.31625997541083384
1628056675000,0.31213881787709497
1628056705000,0.3135348983506414
1628056735000,0.3208208767726161
1628056765000,0.3117081436887255
1628056795000,0.3145766295748614
1628056825000,0.31625063666050524
1628056855000,0.31160677230583983
1628056885000,0.3166863239157373
1628056915000,0.31604765663390666
1628056945000,0.3129655797560976
1628056975000,0.31153852767371604
1628057005000,0.31575411367837336
1628057035000,0.31786075708154504
1628057065000,0.3141955756923077
1628057095000,0.3128796777308389
1628057125000,0.312039083006135
1628057155000,0.31403947484994
1628057185000,0.3114555255643685
1628057215000,0.3203728040366973
1628057245000,0.3155739235900546
1628057275000,0.32324277578558225
1628057305000,0.3162401726102941
1628057335000,0.3168434038554217
1628057365000,0.3212690983920841
1628057395000,0.3177984822153846
1628057425000,0.3120159280885065
1628057455000,0.3110623245549417
1628057485000,0.3211410690200852
1628057515000,0.3170577491032777
1628057545000,0.3136868324907521
1628057575000,0.3118450401468788
1628057605000,0.3090638458107294
1628057635000,0.3132426310387216
1628057665000,0.31666069600997504
1628057695000,0.31570090951219515
1628057725000,0.31364749298572314
1628057755000,0.316675641013269
1628057785000,0.3113849312233719
1628057815000,0.3146707718788628
1628057845000,0.3165666361490683
1628057875000,0.3074667484737485
1628057905000,0.3130076853333333
1628057935000,0.31263827320872273
1628057965000,0.3163849795868773
1628057995000,0.3119519844951923
1628058025000,0.31210989410681395
1628058055000,0.31489310980757296
1628058085000,0.31480651180048663
1628058115000,0.31064540263157897
1628058145000,0.31194121575425793
1628058175000,0.3173145916615573
1628058205000,0.3109326115407855
1628058235000,0.3113910532608696
1628058265000,0.31507034069050555
1628058295000,0.32024405313451004
1628058325000,0.3117923785626536
1628058355000,0.3124761131466829
1628058385000,0.3124378472872996
1628058415000,0.3156544591961023
1628058445000,0.31545355616862986
1628058475000,0.3127697254830918
1628058505000,0.32010843247391035
1628058535000,0.3174779790769231
1628058565000,0.3169369528588808
1628058595000,0.3108191827417381
1628058625000,0.3126644472882389
1628058655000,0.3122805232643118
1628058685000,0.3144682426925409
1628058715000,0.3126919949600492
1628058745000,0.3166883416918429
1628058775000,0.3117371179159049
1628058805000,0.3188572328431373
1628058835000,0.3135598280940594
1628058865000,0.3134426094132029
1628058895000,0.3112083037220844
1628058925000,0.31575864060568604
1628058955000,0.3149895115995116
1628058985000,0.3096915681142177
1628059015000,0.3116981290998767
1628059045000,0.31680638130381306
1628059075000,0.31268679731920196
1628059105000,0.3175816910085055
1628059135000,0.3122817630526953
1628059165000,0.3149065142943305
1628059195000,0.3163649176904177
1628059225000,0.31189597607626074
1628059255000,0.3168753415060241
1628059285000,0.31826631965601965
1628059315000,0.31717253316831684
1628059345000,0.3159647899324739
1628059375000,0.31158097363034315
1628059405000,0.3162391504914005
1628059435000,0.3107789
1628059465000,0.3200449584905661
1628059495000,0.3118788312729498
1628059525000,0.31141422431776833
1628059555000,0.3154971802191114
1628059585000,0.318494474877451
1628059615000,0.3188632078144078
1628059645000,0.3167691899750934
1628059675000,0.3104223629950495
1628059705000,0.31561949895384617
1628059735000,0.3120962308472553
1628059765000,0.3133166967312349
1628059795000,0.31021961927710845
1628059825000,0.3193305544840295
1628059855000,0.315212508953418
1628059885000,0.3160615735058533
1628059915000,0.3136543173859433
1628059945000,0.31181583419753084
1628059975000,0.3137369767813268
1628060005000,0.31333158545119705
1628060035000,0.311348042848448
1628060065000,0.31204019599753696
1628060095000,0.3179144268111455
1628060125000,0.3162651729332517
1628060155000,0.31370999595267746
1628060185000,0.3164391321972003
1628060215000,0.31496980138221153
1628060245000,0.31204948917589176
1628060275000,0.31292086227692306
1628060305000,0.29043999243076923
1628060335000,0.3106604937726723
1628060365000,0.2538210198417529
1628060395000,0.31140646110080394
1628060425000,0.31368004739742805
1628060455000,0.31298649780487797
1628060485000,0.3155920101212121
1628060515000,0.3132356599629858
1628060545000,0.3106788281547619
1628060575000,0.3170935700309597
1628060605000,0.3168315830487805
1628060635000,0.3172614371007371
1628060665000,0.31735171494182485
1628060695000,0.3115644819732034
1628060725000,0.31173283464373464
1628060755000,0.31890409648582
1628060785000,0.3125036544621027
1628060815000,0.315580671990172
1628060845000,0.31375337235329703
1628060875000,0.3127459766418835
1628060905000,0.3163527075
1628060935000,0.3126887963647566
1628060965000,0.311916611710607
1628060995000,0.3213010407654921
1628061025000,0.3215846155637255
1628061055000,0.3138368691885296
1628061085000,0.3153487778869779
1628061115000,0.317208937607362
1628061145000,0.3146012974185617
1628061175000,0.3113159663793104
1628061205000,0.3179775507042253
1628061235000,0.3128074088306943
1628061265000,0.3125629548288509
1628061295000,0.314179661318408
1628061325000,0.3160339528465346
1628061355000,0.3133699501854141
1628061385000,0.3182061310727497
1628061415000,0.3108124893054702
1628061445000,0.3128554174205379
1628061475000,0.31207642315210754
1628061505000,0.31268873549969345
1628061535000,0.31352816687116564
1628061565000,0.31184939805707346
1628061595000,0.3144639539263804
1628061625000,0.315472918018018
1628061655000,0.3123291401846154
1628061685000,0.3167746389768575
1628061715000,0.3113103738546121
1628061745000,0.31428108040988545
1628061775000,0.31708434256378343
1628061805000,0.31357540516605165
1628061835000,0.31631839665450123
1628061865000,0.3111423407203907
1628061895000,0.3150911447416413
1628061925000,0.3150645863975155
1628061955000,0.31357365274725274
1628061985000,0.31592272722802706
1628062015000,0.31117654274193546
1628062045000,0.31612218575813383
1628062075000,0.3141423106487148
1628062105000,0.3161250250309789
1628062135000,0.31131613639162564
1628062165000,0.3128182928440367
1628062195000,0.3193612881054568
1628062225000,0.3123344432615385
1628062255000,0.31342875290205563
1628062285000,0.3179551599877825
1628062315000,0.31598217466007417
1628062345000,0.31205395197530866
1628062375000,0.31164072475247523
1628062405000,0.3120332108323133
1628062435000,0.31678034434941965
1628062465000,0.31254794722906404
1628062495000,0.3113140205630355
1628062525000,0.31426187371675945
1628062555000,0.3153551159270517
1628062585000,0.3172170224552745
1628062615000,0.3136445674261084
1628062645000,0.31142831312883434
1628062675000,0.3145850935018051
1628062705000,0.31309766575922565
1628062735000,0.3159534413096695
1628062765000,0.3216276090174129
1628062795000,0.3109858970352069
1628062825000,0.314276740390482
1628062855000,0.31658054620522164
1628062885000,0.31724658119975263
1628062915000,0.3108293026029056
1628062945000,0.3121126848539058
1628062975000,0.31274066915544674
1628063005000,0.31464218962962964
1628063035000,0.3120587210206561
1628063065000,0.3140263137676705
1628063095000,0.3112322542635659
1628063125000,0.3150084698489426
1628063155000,0.3109028794856093
1628063185000,0.3128050955542022
1628063215000,0.3112918522891566
1628063245000,0.3177474435757576
1628063275000,0.31423023940149625
1628063305000,0.3134453895833333
1628063335000,0.3156857129527317
1628063365000,0.31468255327669903
1628063395000,0.31957181293900183
1628063425000,0.3156140198398029
1628063455000,0.31531190341880344
1628063485000,0.3171571963692308
1628063515000,0.3128667987699877
1628063545000,0.3104488949754902
1628063575000,0.3147707204863222
1628063605000,0.31333372374540996
1628063635000,0.3158618547852761
1628063665000,0.31492338445820434
1628063695000,0.3115451885448917
1628063725000,0.31328503419753084
1628063755000,0.3178312888751545
1628063785000,0.3145447333539604
1628063815000,0.3116309536969697
1628063845000,0.3109016016343826
1628063875000,0.31918358697247706
1628063905000,0.3166870954299459
1628063935000,0.317367660207824
1628063965000,0.3159311107878788
1628063995000,0.3126056901486989
1628064025000,0.3104156224304716
1628064055000,0.31362755210918114
1628064085000,0.3172616953387197
1628064115000,0.3127556130755064
1628064145000,0.3172851579468151
1628064175000,0.3145012592980296
1628064205000,0.3153169995073892
1628064235000,0.3135613660779537
1628064265000,0.3126037300434513
1628064295000,0.3185748044154229
1628064325000,0.3159425253977968
1628064355000,0.3166768878395061
1628064385000,0.31241481048387104
1628064415000,0.3186464367801858
1628064445000,0.31630247988895743
1628064475000,0.3164428503694581
1628064505000,0.3108341335185185
1628064535000,0.31388285562384755
1628064565000,0.31740295353846154
1628064595000,0.3120355646489104
1628064625000,0.3121203981234867
1628064655000,0.31255110691328075
1628064685000,0.31212590024227743
1628064715000,0.3102286548211037
1628064745000,0.31449520363748457
1628064775000,0.3187733026348039
1628064805000,0.313872972799511
1628064835000,0.3132798860379669
1628064865000,0.3144158786996904
1628064895000,0.3117667304668305
1628064925000,0.3162666439201452
1628064955000,0.31731989782345826
1628064985000,0.31162285531000616
1628065015000,0.32146688436542
1628065045000,0.3173201551407589
1628065075000,0.3128835932121212
1628065105000,0.3119650868902439
1628065135000,0.3164953116553007
1628065165000,0.31338980858186244
1628065195000,0.31207798392857145
1628065225000,0.3163648152293578
1628065255000,0.31871553300793165
1628065285000,0.3110164508206687
1628065315000,0.3167548962148962
1628065345000,0.31761700452853603
1628065375000,0.3158515398423287
1628065405000,0.3116484830759728
1628065435000,0.3129634388419783
1628065465000,0.31872988049079753
1628065495000,0.3173990713064713
1628065525000,0.31311965512978984
1628065555000,0.31319173011677937
1628065585000,0.3124939543881335
1628065615000,0.3136191785980149
1628065645000,0.313348475331725
1628065675000,0.31258205754189944
1628065705000,0.3121094687198068
1628065735000,0.3076639319302465
1628065765000,0.3112914558369364
1628065795000,0.3125159982284667
1628065825000,0.3103434425414365
1628065855000,0.31439032263450833
1628065885000,0.3179324654959951
1628065915000,0.31009000834348355
1628065945000,0.3143272167915106
1628065975000,0.3141785582614057
1628066005000,0.31819295604192355
1628066035000,0.3111652773032337
1628066065000,0.3191246291304348
1628066095000,0.3163553896024465
1628066125000,0.31634693109756096
1628066155000,0.3115231485644472
1628066185000,0.3119494958819914
1628066215000,0.31593782684144817
1628066245000,0.3116343512391574
1628066275000,0.3161048186202686
1628066305000,0.32029988887530564
1628066335000,0.3123147898656899
1628066365000,0.3180936383800623
1628066395000,0.3137324102579853
1628066425000,0.3177279536024845
1628066455000,0.3141612246277916
1628066485000,0.3133741930521092
1628066515000,0.3154746655960469
1628066545000,0.31240010246987954
1628066575000,0.31748395157504633
1628066605000,0.3218839483576642
1628066635000,0.31447272260654724
1628066665000,0.3133267298029557
1628066695000,0.3126037773002421
1628066725000,0.3114425008515815
1628066755000,0.3112258091354997
1628066785000,0.3102052728926622
1628066815000,0.3111485236043689
1628066845000,0.31519031640435835
1628066875000,0.3176314592660551
1628066905000,0.3148211014751076
1628066935000,0.3122272049632353
1628066965000,0.3169955721915285
1628066995000,0.32123525202702696
1628067025000,0.3177490153235653
1628067055000,0.3133865194513716
1628067085000,0.31840299258343635
1628067115000,0.3136962735042735
1628067145000,0.3111374254578755
1628067175000,0.3107648957978075
1628067205000,0.31181368395590936
1628067235000,0.3205026612146723
1628067265000,0.3157577259416768
1628067295000,0.3156394761846902
1628067325000,0.3204691907395898
1628067355000,0.32020167890818857
1628067385000,0.3156812293867638
1628067415000,0.3117274460923077
1628067445000,0.3139290328220859
1628067475000,0.3176828928308824
1628067505000,0.31762558672456576
1628067535000,0.3156279030358227
1628067565000,0.3129969867763559
1628067595000,0.3156417693519079
1628067625000,0.31334843179049937
1628067655000,0.3188389745398773
1628067685000,0.3125168831028262
1628067715000,0.3175217865064695
1628067745000,0.3192638815551537
1628067775000,0.3105470415841584
1628067805000,0.31065528616504856
1628067835000,0.3100978550397068
1628067865000,0.3122194819012797
1628067895000,0.31598748121580544
1628067925000,0.3104108963980464
1628067955000,0.3150454660736196
1628067985000,0.3183126554740061
1628068015000,0.3113977963190184
1628068045000,0.3124009151813153
1628068075000,0.3120686627777778
1628068105000,0.31737331973525873
1628068135000,0.3192643739951279
1628068165000,0.3176348931804092
1628068195000,0.3168781995024876
1628068225000,0.31617991951672864
1628068255000,0.3129237326468807
1628068285000,0.3163351798411729
1628068315000,0.3169501312423124
1628068345000,0.3172958476046088
1628068375000,0.31115716217552536
1628068405000,0.3202325780307692
1628068435000,0.3119205350609756
1628068465000,0.31295925727496915
1628068495000,0.3192895274133664
1628068525000,0.31381848816029145
1628068555000,0.3127740987202925
1628068585000,0.31484821138855057
1628068615000,0.31743009821867324
1628068645000,0.3121097324458204
1628068675000,0.3165556250929368
1628068705000,0.31819066463262763
1628068735000,0.31545282093457944
1628068765000,0.3134649824422843
1628068795000,0.3132023039095907
1628068825000,0.3117406462522852
1628068855000,0.31124835342631896
1628068885000,0.3127231708946078
1628068915000,0.31200630902439025
1628068945000,0.3167325499394673
1628068975000,0.3126651411907655
1628069005000,0.31213698528510114
1628069035000,0.3112225947464875
1628069065000,0.3109578130353817
1628069095000,0.3157095846715329
1628069125000,0.31337322699386505
1628069155000,0.31507879402439026
1628069185000,0.31440190724815725
1628069215000,0.3166575549270073
1628069245000,0.3176508412190706
1628069275000,0.31870759255189257
1628069305000,0.3153407698570541
1628069335000,0.3115331735674676
1628069365000,0.3127327389925373
1628069395000,0.3134970001230769
1628069425000,0.31536944562043795
1628069455000,0.31700904171253824
1628069485000,0.3181653878567092
1628069515000,0.311764014686167
1628069545000,0.31603227275561097
1628069575000,0.31900162749391725
1628069605000,0.3188866080764488
1628069635000,0.317182055982906
1628069665000,0.3100017403697078
1628069695000,0.3115792082461539
1628069725000,0.3115910357055961
1628069755000,0.3116084890470297
1628069785000,0.3154253617520049
1628069815000,0.31773463605072466
1628069845000,0.3173624523750771
1628069875000,0.31768026576019776
1628069905000,0.3174753465030675
1628069935000,0.31534615618181816
1628069965000,0.3181996433859223
1628069995000,0.31525653821538463
1628070025000,0.3109418446003661
1628070055000,0.3140197757125155
1628070085000,0.3161876837871287
1628070115000,0.3122073530238241
1628070145000,0.3140025108910891
1628070175000,0.3218493853121175
1628070205000,0.3148273565538461
1628070235000,0.3163522702179177
1628070265000,0.31238162983870965
1628070295000,0.31644692646153844
1628070325000,0.3123413346976176
1628070355000,0.3150870812962963
1628070385000,0.3145658742034313
1628070415000,0.3228694733210105
1628070445000,0.32064013292757154
1628070475000,0.31879917827943866
1628070505000,0.3120296956521739
1628070535000,0.31360735021671826
1628070565000,0.3119598985863553
1628070595000,0.3134245183313033
1628070625000,0.316502676880734
1628070655000,0.31258804753499697
1628070685000,0.3153638176325524
1628070715000,0.3165001357185809
1628070745000,0.31149893080246915
1628070775000,0.31390304722391704
1628070805000,0.3166452389059619
1628070835000,0.3153611004889976
1628070865000,0.30874662470167064
1628070895000,0.3193742367965368
1628070925000,0.31765681993883793
1628070955000,0.3098309898315283
1628070985000,0.31727040488997554
1628071015000,0.3131270153657037
1628071045000,0.3139557995124924
1628071075000,0.31620094745866506
1628071105000,0.3123897438995215
1628071135000,0.3145381328163772
1628071165000,0.3142608558369364
1628071195000,0.313687557072872
1628071225000,0.313403876199262
1628071255000,0.318141903758472
1628071285000,0.3156942423666462
1628071315000,0.3117014838427948
1628071345000,0.3113474703680982
1628071375000,0.3196190880835381
1628071405000,0.3102972397022333
1628071435000,0.3121930206079027
1628071465000,0.31380108591022443
1628071495000,0.3121154572376357
1628071525000,0.3181421863300493
1628071555000,0.3137636234605911
1628071585000,0.3164156419176398
1628071615000,0.3133138066221142
1628071645000,0.3121699111985472
1628071675000,0.3152796093235832
1628071705000,0.3145178290142591
1628071735000,0.31837809094247244
1628071765000,0.31148921195317314
1628071795000,0.3180336679361179
1628071825000,0.3156349496932515
1628071855000,0.31918440828220856
1628071885000,0.3125451975970425
1628071915000,0.31699778365973075
1628071945000,0.31697415243376464
1628071975000,0.3166804164954683
1628072005000,0.3148140985166873
1628072035000,0.3166077163290362
1628072065000,0.3126055597765363
1628072095000,0.3164091497206704
1628072125000,0.3134278297756216
1628072155000,0.3124766643643032
1628072185000,0.3171639416819013
1628072215000,0.31333619901960785
1628072245000,0.3132248915264423
1628072275000,0.3138230393382353
1628072305000,0.3045531148795181
1628072335000,0.31101455458966565
1628072365000,0.3107204370233702
1628072395000,0.3166355407178218
1628072425000,0.3124184845823096
1628072455000,0.3160196588592233
1628072485000,0.32220023106674983
1628072515000,0.3149054957498482
1628072545000,0.31576219969861363
1628072575000,0.3185983828923077
1628072605000,0.3142799186846957
1628072635000,0.3131848803318992
1628072665000,0.3131860614814815
1628072695000,0.3174055932307692
1628072725000,0.31327681614100183
1628072755000,0.3112054544451257
1628072785000,0.3211477660669975
1628072815000,0.3206091390079608
1628072845000,0.31333531359461114
1628072875000,0.3178785241252302
1628072905000,0.3199873297480025
1628072935000,0.3123056184981685
1628072965000,0.31344389847188264
1628072995000,0.3176413152321981
1628073025000,0.3124912079750779
1628073055000,0.3120284835811648
1628073085000,0.3162517961585366
1628073115000,0.32125632161997564
1628073145000,0.3138337898903776
1628073175000,0.3132086296089385
1628073205000,0.3161712940533981
1628073235000,0.3107524253109453
1628073265000,0.3197089019500305
1628073295000,0.32007546142945165
1628073325000,0.3118490775547445
1628073355000,0.3147868606208156
1628073385000,0.3125158676237019
1628073415000,0.3157841562461913
1628073445000,0.3189642205285802
1628073475000,0.3171028067360686
1628073505000,0.3198220711397059
1628073535000,0.3202370925045704
1628073565000,0.31704398428053204
1628073595000,0.31293039801611905
1628073625000,0.31295488522522524
1628073655000,0.31355068765432104
1628073685000,0.3159124989519112
1628073715000,0.3121912848541279
1628073745000,0.3129877818403413
1628073775000,0.3121831685162847
1628073805000,0.31668877970479703
1628073835000,0.3117476407678245
1628073865000,0.31131402603658537
1628073895000,0.3135740566481138
1628073925000,0.31761588330229673
1628073955000,0.31255461894543224
1628073985000,0.3119672560578662
1628074015000,0.3117497956843403
1628074045000,0.3126440050711193
1628074075000,0.3184222982843137
1628074105000,0.3138893818181818
1628074135000,0.3163030495726496
1628074165000,0.3112639253722084
1628074195000,0.316724532103321
1628074225000,0.3135014006794318
1628074255000,0.31641856587155964
1628074285000,0.3182752850946854
1628074315000,0.31151852859767304
1628074345000,0.3149109338669951
1628074375000,0.3126682277093596
1628074405000,0.31376067845873784
1628074435000,0.31834025086419754
1628074465000,0.31296617484885125
1628074495000,0.31139796128633274
1628074525000,0.3159181517857143
1628074555000,0.31648226099939064
1628074585000,0.31721348102053515
1628074615000,0.3133602526674938
1628074645000,0.3114363953789279
1628074675000,0.3161714710542352
1628074705000,0.3179092091631032
1628074735000,0.31624615903165737
1628074765000,0.31557416284848483
1628074795000,0.3103785947208738
1628074825000,0.3111065980463981
1628074855000,0.3155560609299517
1628074885000,0.3117053021406728
1628074915000,0.3165683682520074
1628074945000,0.3179983433066009
1628074975000,0.311644967781155
1628075005000,0.31859716605504584
1628075035000,0.31242225993883793
1628075065000,0.3145098364525994
1628075095000,0.3206962982726712
1628075125000,0.3136307578009828
1628075155000,0.30758985961305924
1628075185000,0.3159964942874693
1628075215000,0.3196687909713574
1628075245000,0.3096447132397804
1628075275000,0.31646503169099754
1628075305000,0.3158833887730061
1628075335000,0.3147911385332505
1628075365000,0.3124093883819951
1628075395000,0.3154806141625616
1628075425000,0.3172812251978089
1628075455000,0.3135355128973105
1628075485000,0.3159474983476132
1628075515000,0.311449546912114
1628075545000,0.31638902218091697
1628075575000,0.3167951523780111
1628075605000,0.31558743029375763
1628075635000,0.31313722027363183
1628075665000,0.3179058042219541
1628075695000,0.3191731288996372
1628075725000,0.31532458157413057
1628075755000,0.3136628686153846
1628075785000,0.3135960663608563
1628075815000,0.3196790781211372
1628075845000,0.3110414110294117
1628075875000,0.31049272956469165
1628075905000,0.3111677634841909
1628075935000,0.3180379881773399
1628075965000,0.3119677524875622
1628075995000,0.3120168666666667
1628076025000,0.3109040034905083
1628076055000,0.3186791977846154
1628076085000,0.31754694538127715
1628076115000,0.3179642682549505
1628076145000,0.3171439134484886
1628076175000,0.3154678582619339
1628076205000,0.31957568607516945
1628076235000,0.31586459139318884
1628076265000,0.3186556198901769
1628076295000,0.31439024398064125
1628076325000,0.3100950072004966
1628076355000,0.3186582261294261
1628076385000,0.32195926613885506
1628076415000,0.3103724720073665
1628076445000,0.30921840327669897
1628076475000,0.3155800512677798
1628076505000,0.3131071954627949
1628076535000,0.3185404548426897
1628076565000,0.31840928740109553
1628076595000,0.3144694803850782
1628076625000,0.3176634557810578
1628076655000,0.31144218810520025
1628076685000,0.3117379639578164
1628076715000,0.3116012235400361
1628076745000,0.3125867195838433
1628076775000,0.3105281355036855
1628076805000,0.3122927044188862
1628076835000,0.3150205828276699
1628076865000,0.3156746129798903
1628076895000,0.31091200170835875
1628076925000,0.31230887285539216
1628076955000,0.3181145900791236
1628076985000,0.3169464940704138
1628077015000,0.3134359732885086
1628077045000,0.31542721511771993
1628077075000,0.3122428934954407
1628077105000,0.31785441812538795
1628077135000,0.3159406227079539
1628077165000,0.317396490858209
1628077195000,0.31323075878378376
1628077225000,0.31990119522058824
1628077255000,0.3151557662227603
1628077285000,0.3105977963253012
1628077315000,0.31142668012269936
1628077345000,0.31785384449848025
1628077375000,0.31547277361623616
1628077405000,0.31677508589822195
1628077435000,0.3110161880072683
1628077465000,0.3159626023465704
1628077495000,0.3137073070048309
1628077525000,0.3153657032695867
1628077555000,0.3163660961869619
1628077585000,0.3121534049068323
1628077615000,0.3104073063151441
1628077645000,0.3135699244051251
1628077675000,0.3182363912935323
1628077705000,0.3128224716133005
1628077735000,0.3122113715506715
1628077765000,0.31364942888752306
1628077795000,0.3126247394978567
1628077825000,0.31251370452292443
1628077855000,0.3138622224137931
1628077885000,0.3224336783443311
1628077915000,0.3109476855319149
1628077945000,0.31396657207317075
1628077975000,0.30945720164233576
1628078005000,0.256813033312921
1628078035000,0.2472165257731959
1628078065000,0.310882803803681
1628078095000,0.31265569269183924
1628078125000,0.3129646684881603
1628078155000,0.3161133825367647
1628078185000,0.3156248645320197
1628078215000,0.30929917689969605
1628078245000,0.31275181574415745
1628078275000,0.3142130172478207
1628078305000,0.3117257312842361
1628078335000,0.3173579531076923
1628078365000,0.31292171241590216
1628078395000,0.31248926012084594
1628078425000,0.31245777360594795
1628078455000,0.31616210400739825
1628078485000,0.3113009091247672
1628078515000,0.3188125150426309
1628078545000,0.31884496346976177
1628078575000,0.3090614201107011
1628078605000,0.3140416567401961
1628078635000,0.3109234565375303
1628078665000,0.31252498277336593
1628078695000,0.30993242250764524
1628078725000,0.3115681800852619
1628078755000,0.31740326606699754
1628078785000,0.3151941566317088
1628078815000,0.3186662310323763
1628078845000,0.3158544595835885
1628078875000,0.3137263223733004
1628078905000,0.3154493713503649
1628078935000,0.31530643988833745
1628078965000,0.31654889908088235
1628078995000,0.3240085522643819
1628079025000,0.31492526144728633
1628079055000,0.3158213072259645
1628079085000,0.31385560098340504
1628079115000,0.3181838383906634
1628079145000,0.311576818220339
1628079175000,0.3163845471341463
1628079205000,0.3165234493562232
1628079235000,0.31215908391866914
1628079265000,0.3154557348014888
1628079295000,0.31273927146356395
1628079325000,0.3151413895858709
1628079355000,0.30998181027980537
1628079385000,0.3187723644417476
1628079415000,0.3180956598907767
1628079445000,0.3148052908038977
1628079475000,0.31493310637785804
1628079505000,0.3121728406955461
1628079535000,0.3129460028412601
1628079565000,0.3137537098051157
1628079595000,0.3138487458076449
1628079625000,0.3160587448717949
1628079655000,0.3143989394557823
1628079685000,0.3179910429616088
1628079715000,0.3226702301048736
1628079745000,0.31355746190191386
1628079775000,0.3108735057038835
1628079805000,0.3193084848014888
1628079835000,0.3146958275397797
1628079865000,0.31261234627329193
1628079895000,0.3121776156850589
1628079925000,0.3120739019975787
1628079955000,0.3155412542540074
1628079985000,0.3170283602977668
1628080015000,0.31165912469059404
1628080045000,0.3128792954740061
1628080075000,0.3119115488203267
1628080105000,0.319405583853211
1628080135000,0.31260265249845776
1628080165000,0.3149047425106125
1628080195000,0.3101125958787879
1628080225000,0.3172185755948749
1628080255000,0.31110243705738705
1628080285000,0.3200423837787445
1628080315000,0.31294724219512193
1628080345000,0.32156958693776955
1628080375000,0.3100608189696969
1628080405000,0.31752889854103344
1628080435000,0.3115746907178218
1628080465000,0.31805192751388034
1628080495000,0.3168974102251978
1628080525000,0.31358051984078383
1628080555000,0.3097284041013269
1628080585000,0.3178626258399511
1628080615000,0.31252255357361025
1628080645000,0.31375392102659244
1628080675000,0.3179411749845584
1628080705000,0.31626393419753085
1628080735000,0.3120913805572381
1628080765000,0.31420064124846997
1628080795000,0.31640974287492224
1628080825000,0.3114083724179105
1628080855000,0.3258527567634342
1628080885000,0.3117765993259804
1628080915000,0.31165286513038204
1628080945000,0.3140698989640463
1628080975000,0.31575498055214724
1628081005000,0.319213485235732
1628081035000,0.3149987652490887
1628081065000,0.3120605734261501
1628081095000,0.3132721019595836
1628081125000,0.3165924013011153
1628081155000,0.3126367164188352
1628081185000,0.2479886610742305
1628081215000,0.3172489518697226
1628081245000,0.3120089695706285
1628081275000,0.28382296967113274
1628081305000,0.2498285482230392
1628081335000,0.31208105102167183
1628081365000,0.2492700675476337
1628081395000,0.3105867169040248
1628081425000,0.31433566745311553
1628081455000,0.31089359576783554
1628081485000,0.3171998291717418
1628081515000,0.3146268620772947
1628081545000,0.31227218504559273
1628081575000,0.3120425371202916
1628081605000,0.3181382124466138
1628081635000,0.3114330226081657
1628081665000,0.31954269915254235
1628081695000,0.31759659840490795
1628081725000,0.3138599167701863
1628081755000,0.31098169021276595
1628081785000,0.31188845040098706
1628081815000,0.3152960736777368
1628081845000,0.31358841980499697
1628081875000,0.31479890116207954
1628081905000,0.3160277125603865
1628081935000,0.31575770419494137
1628081965000,0.3170619583645443
1628081995000,0.3160096911384616
1628082025000,0.3161891486026732
1628082055000,0.3152431309825196
1628082085000,0.3184640735917625
1628082115000,0.3137178316486161
1628082145000,0.31131394119439365
1628082175000,0.3073551855769231
1628082205000,0.3134469579335793
1628082235000,0.3189024116363636
1628082265000,0.3139524001227747
1628082295000,0.32033491421657595
1628082325000,0.31811644233091785
1628082355000,0.3139848270153846
1628082385000,0.3123405735042735
1628082415000,0.3120443189550425
1628082445000,0.3200475478207489
1628082475000,0.31204797034777304
1628082505000,0.3134798098136646
1628082535000,0.31394481626213594
1628082565000,0.3163389116207951
1628082595000,0.3202755522506083
1628082625000,0.3131043717647059
1628082655000,0.3117341675092478
1628082685000,0.3136641173399627
1628082715000,0.3166116239117106
1628082745000,0.30933385216331505
1628082775000,0.3174365259950249
1628082805000,0.3123676359129383
1628082835000,0.3145821806909315
1628082865000,0.3130901433436533
1628082895000,0.3180914843672457
1628082925000,0.3207639337614679
1628082955000,0.3127272507481297
1628082985000,0.3130583840346535
1628083015000,0.31379499740420275
1628083045000,0.3171917516267649
1628083075000,0.3172497492940454
1628083105000,0.31724032745454545
1628083135000,0.3129309864324652
1628083165000,0.3173259795217658
1628083195000,0.3153963132470733
1628083225000,0.32118388589981445
1628083255000,0.3148271342089188
1628083285000,0.3145995747246022
1628083315000,0.3214786764307692
1628083345000,0.3101418634756097
1628083375000,0.3215044838632273
1628083405000,0.3119542941759603
1628083435000,0.3125219884400249
1628083465000,0.31001502305315204
1628083495000,0.3131798675659105
1628083525000,0.3142137550339716
1628083555000,0.3041938851829634
1628083585000,0.3128632925721301
1628083615000,0.3217114178242164
1628083645000,0.31311984823386113
1628083675000,0.31065966150550794
1628083705000,0.3125382222222222
1628083735000,0.3149945593116165
1628083765000,0.31240046504914004
1628083795000,0.31215323168316833
1628083825000,0.3137251298352654
1628083855000,0.31092736019595835
1628083885000,0.3163646309729064
1628083915000,0.31297297659442724
1628083945000,0.3143096962322421
1628083975000,0.3141611794243723
1628084005000,0.3132502757926829
1628084035000,0.3195221239196592
1628084065000,0.31714929648798523
1628084095000,0.3133945085538461
1628084125000,0.3118631741856177
1628084155000,0.3104458504632489
1628084185000,0.3143251524813896
1628084215000,0.3182222622018349
1628084245000,0.31570688153846155
1628084275000,0.31686775171149145
1628084305000,0.3187722163502756
1628084335000,0.31344568450528937
1628084365000,0.3112323242274413
1628084395000,0.3086930395692308
1628084425000,0.3155167521204671
1628084455000,0.3169221485714286
1628084485000,0.31504695454545456
1628084515000,0.3139777879107253
1628084545000,0.31680291923076925
1628084575000,0.3178334914880588
1628084605000,0.3119731994437577
1628084635000,0.312470339852851
1628084665000,0.3134103675741077
1628084695000,0.31678370467117395
1628084725000,0.3127962996273292
1628084755000,0.3111292580860085
1628084785000,0.3116857833639144
1628084815000,0.3186742398142415
1628084845000,0.31046085902140674
1628084875000,0.3160485600120992
1628084905000,0.3115043675229357
1628084935000,0.3118972339045288
1628084965000,0.3163487550609756
1628084995000,0.3123637082660037
1628085025000,0.3159876098480243
1628085055000,0.3112340171817058
1628085085000,0.3143241803298717
1628085115000,0.31251398808796577
1628085145000,0.3159051839143731
1628085175000,0.31252528722741435
1628085205000,0.31788697662740234
1628085235000,0.3194844548367221
1628085265000,0.31662642218807624
1628085295000,0.3173682957564576
1628085325000,0.3196596631675875
1628085355000,0.317764556809816
1628085385000,0.3167782037561576
1628085415000,0.31003349114935463
1628085445000,0.3130681977777778
1628085475000,0.3168059540754258
1628085505000,0.31322151086028066
1628085535000,0.3146314545290942
1628085565000,0.31057791775184274
1628085595000,0.3134278341927563
1628085625000,0.31236118246359224
1628085655000,0.3123146423466349
1628085685000,0.3123515847970927
1628085715000,0.3160284374384236
1628085745000,0.3178569663384616
1628085775000,0.3106960979878049
1628085805000,0.3177474036092097
1628085835000,0.3122627563658838
1628085865000,0.314505341529052
1628085895000,0.3109378800123001
1628085925000,0.31324223193588163
1628085955000,0.3119907756505576
1628085985000,0.3146780559414991
1628086015000,0.3168194145589143
1628086045000,0.31821130362537764
1628086075000,0.31807822091463417
1628086105000,0.3123092430929095
1628086135000,0.31311992790697674
1628086165000,0.2538897662584201
1628086195000,0.31245692213366033
1628086225000,0.3123805062384188
1628086255000,0.3169087197910264
1628086285000,0.3130050563267813
1628086315000,0.3155859951522685
1628086345000,0.3162827774371551
1628086375000,0.3132908635753508
1628086405000,0.3110354902930403
1628086435000,0.3168535325682382
1628086465000,0.3116072969920197
1628086495000,0.31221777414755114
1628086525000,0.3168257060365854
1628086555000,0.3178705461679951
1628086585000,0.3166088875383671
1628086615000,0.3218750495995071
1628086645000,0.31320399795412274
1628086675000,0.31240922659313725
1628086705000,0.3197134565110565
1628086735000,0.3144092298277983
1628086765000,0.3139063290998767
1628086795000,0.3112537206008584
1628086825000,0.3162705228923077
1628086855000,0.3109688925584256
1628086885000,0.31221663242405456
1628086915000,0.3126954637847642
1628086945000,0.31147660612492417
1628086975000,0.31261574853658536
1628087005000,0.3208508941284404
1628087035000,0.31148729143377885
1628087065000,0.3123145294482331
1628087095000,0.3175536135101789
1628087125000,0.3208170212856277
1628087155000,0.31140180147510754
1628087185000,0.3162706668100799
1628087215000,0.3166246820702403
1628087245000,0.3125386109034268
1628087275000,0.3118955311536089
1628087305000,0.3107473105616605
1628087335000,0.3164415579369981
1628087365000,0.3100459287116564
1628087395000,0.3135201816789216
1628087425000,0.31691370471813723
1628087455000,0.3106771751388032
1628087485000,0.31342135885608857
1628087515000,0.31342110264452644
1628087545000,0.3157201550831793
1628087575000,0.3113702882208589
1628087605000,0.3100484461077844
1628087635000,0.3141511069512195
1628087665000,0.3154356107076923
1628087695000,0.3132654854320988
1628087725000,0.3206425679730557
1628087755000,0.3197945893407271
1628087785000,0.3125219677258567
1628087815000,0.31356884555420217
1628087845000,0.31767316613885505
1628087875000,0.31331886856796115
1628087905000,0.3205961531683766
1628087935000,0.3160971387920299
1628087965000,0.3125525938317757
1628087995000,0.3171879203231821
1628088025000,0.3158852841172877
1628088055000,0.3136878726035869
1628088085000,0.3098887200732154
1628088115000,0.3140386427278213
1628088145000,0.3161936528151775
1628088175000,0.3080644558097532
1628088205000,0.31346163713592234
1628088235000,0.3121907481161211
1628088265000,0.3143091847374848
1628088295000,0.31795747981538464
1628088325000,0.31201000955021563
1628088355000,0.31317355421979354
1628088385000,0.3119374648698885
1628088415000,0.3127224604205319
1628088445000,0.31848365993957706
1628088475000,0.3203197247129909
1628088505000,0.3124316834545455
1628088535000,0.32009617300309595
1628088565000,0.31965350048869884
1628088595000,0.31508736195451753
1628088625000,0.3124004742211362
1628088655000,0.3147409375305624
1628088685000,0.3124665482694685
1628088715000,0.3164591960748792
1628088745000,0.3163390157862781
1628088775000,0.31511827752126365
1628088805000,0.3138686401683704
1628088835000,0.31820127666463044
1628088865000,0.322563974060382
1628088895000,0.3129020068181818
1628088925000,0.3171271522489217
1628088955000,0.3115422497572816
1628088985000,0.3188648306234719
1628089015000,0.3126304240467405
1628089045000,0.3214593104643963
1628089075000,0.3135569371481028
1628089105000,0.3177384494801223
1628089135000,0.31753171465045593
1628089165000,0.3128214211864407
1628089195000,0.3136554652173913
1628089225000,0.31252430625
1628089255000,0.3147824685538462
1628089285000,0.3130809411872705
1628089315000,0.3141390475062344
1628089345000,0.3099088294972744
1628089375000,0.3161935526934985
1628089405000,0.3172379953817734
1628089435000,0.3142794837837838
1628089465000,0.31308213096853793
1628089495000,0.3114229074254413
1628089525000,0.3146252108958838
1628089555000,0.3153678232944069
1628089585000,0.3164159764242424
1628089615000,0.3160349674418605
1628089645000,0.31656124036585365
1628089675000,0.3163063062006079
1628089705000,0.3191386196801968
1628089735000,0.3106582810218978
1628089765000,0.3171378032906764
1628089795000,0.31206939503980397
1628089825000,0.31974625815822
1628089855000,0.3181489369380316
1628089885000,0.3185183742192284
1628089915000,0.31247267879901963
1628089945000,0.3107164293902439
1628089975000,0.3110291286764706
1628090005000,0.31210539561728395
1628090035000,0.3149135077992745
1628090065000,0.3111027325863113
1628090095000,0.3181017805090006
1628090125000,0.3135738366136919
1628090155000,0.3118165458539604
1628090185000,0.3138249230958231
1628090215000,0.3173881797413793
1628090245000,0.3191388886572655
1628090275000,0.3129292570293399
1628090305000,0.31570785548817465
1628090335000,0.31620377785843923
1628090365000,0.3134145705128205
1628090395000,0.31087288848744643
1628090425000,0.3127138781094527
1628090455000,0.3132022129789864
1628090485000,0.31555479202226344
1628090515000,0.3115452704726826
1628090545000,0.3093061215818516
1628090575000,0.3136481565033273
1628090605000,0.31325276622032866
1628090635000,0.3188469919085856
1628090665000,0.3130672069392813
1628090695000,0.3148553696210269
1628090725000,0.31277178766114183
1628090755000,0.3152488620899149
1628090785000,0.31290576313193585
1628090815000,0.3143685675558313
1628090845000,0.3147472389061529
1628090875000,0.3175990062383032
1628090905000,0.3145446408921933
1628090935000,0.3138859820960699
1628090965000,0.3120787872839506
1628090995000,0.3107569683536585
1628091025000,0.3152150435100549
1628091055000,0.31614755318761384
1628091085000,0.3142868401857585
1628091115000,0.317498386377709
1628091145000,0.3139813930375847
1628091175000,0.31345032744128554
1628091205000,0.3128431657407407
1628091235000,0.3156404741284404
1628091265000,0.3061126062348668
1628091295000,0.3104982538133008
1628091325000,0.316748634617737
1628091355000,0.3181843168119552
1628091385000,0.31694418412895226
1628091415000,0.3159165635869565
1628091445000,0.31102529487337865
1628091475000,0.3183595727607362
1628091505000,0.31438628182934314
1628091535000,0.3157433481389578
1628091565000,0.3128351761203192
1628091595000,0.3127114066221142
1628091625000,0.31527398094944514
1628091655000,0.32201257078443485
1628091685000,0.3106697777233782
1628091715000,0.3155411769512195
1628091745000,0.3130800287980476
1628091775000,0.3126763270820481
1628091805000,0.31080064714993805
1628091835000,0.3165889256897609
1628091865000,0.31911831591050344
1628091895000,0.3133943441320293
1628091925000,0.3160717909765142
1628091955000,0.3146709220579174
1628091985000,0.31238408219602976
1628092015000,0.3173871452876377
1628092045000,0.31245250945698605
1628092075000,0.31704108274605103
1628092105000,0.3133597016656385
1628092135000,0.31718435382224985
1628092165000,0.3152947152480098
1628092195000,0.3110022038204973
1628092225000,0.3163173092896175
1628092255000,0.3167686481942715
1628092285000,0.31387903629764063
1628092315000,0.3156037146916566
1628092345000,0.3161489859250154
1628092375000,0.3131476635410241
1628092405000,0.3163891165450122
1628092435000,0.32011027299134737
1628092465000,0.3153404188585608
1628092495000,0.3163712109957239
1628092525000,0.3155798421502749
1628092555000,0.3167503552472859
1628092585000,0.3170290052827843
1628092615000,0.3155669484529703
1628092645000,0.3174588166153846
1628092675000,0.3123407630647131
1628092705000,0.3151805161746617
1628092735000,0.2603403542372881
1628092765000,0.321880501047443
1628092795000,0.3114097658881377
1628092825000,0.3124634198176292
1628092855000,0.3129178677121771
1628092885000,0.3154896268456376
1628092915000,0.314913154211793
1628092945000,0.3168885023690773
1628092975000,0.3111427663995068
1628093005000,0.3132640496664645
1628093035000,0.3123525210493827
1628093065000,0.31447553719211824
1628093095000,0.31049086142506144
1628093125000,0.3170665235148515
1628093155000,0.31532539857937003
1628093185000,0.3185496134567901
1628093215000,0.31241335861434705
1628093245000,0.31519594706971005
1628093275000,0.3121398094095941
1628093305000,0.32153083024954354
1628093335000,0.31754385834348353
1628093365000,0.3158289749244713
1628093395000,0.3128307896237864
1628093425000,0.3138623824539877
1628093455000,0.32251504306839185
1628093485000,0.31389605027829315
1628093515000,0.31479995719534604
1628093545000,0.3138662846058349
1628093575000,0.31278888954407297
1628093605000,0.3169548317617866
1628093635000,0.3187455464928616
1628093665000,0.30846785465045595
1628093695000,0.3169282571428572
1628093725000,0.31132950887647426
1628093755000,0.3193521893722809
1628093785000,0.3114779659938838
1628093815000,0.31791250462850185
1628093845000,0.3201697683046683
1628093875000,0.3171766862323294
1628093905000,0.3174126544
1628093935000,0.3108821594175961
1628093965000,0.31581670912453763
1628093995000,0.31520172281345565
1628094025000,0.3135497581807082
1628094055000,0.3172588985221675
1628094085000,0.3114603014084507
1628094115000,0.3156977525166768
1628094145000,0.31295054543239953
1628094175000,0.31314141644004945
1628094205000,0.31619772787286066
1628094235000,0.31444419617991376
1628094265000,0.31507633622047243
1628094295000,0.32027677231430324
1628094325000,0.3148025435944141
1628094355000,0.3180094930418719
1628094385000,0.31973701677018634
1628094415000,0.3183456070943862
1628094445000,0.3160702752596213
1628094475000,0.2511005543066585
1628094505000,0.3158908131319359
1628094535000,0.3100698120415648
1628094565000,0.31259189914057706
1628094595000,0.31246549699338544
1628094625000,0.3135496374769231
1628094655000,0.3142083640388114
1628094685000,0.31355552384473195
1628094715000,0.3117035034587379
1628094745000,0.31719639166163144
1628094775000,0.3148908745015106
1628094805000,0.31152078766114183
1628094835000,0.3122406282582217
1628094865000,0.31256492436611005
1628094895000,0.31929150129390016
1628094925000,0.3106611965116279
1628094955000,0.3215805892613284
1628094985000,0.316936908478653
1628095015000,0.3171782624319419
1628095045000,0.3108289180437424
1628095075000,0.3104709977188656
1628095105000,0.3122315122262774
1628095135000,0.3209829091133005
1628095165000,0.3188161915492958
1628095195000,0.3113034024067389
1628095225000,0.31351227833737866
1628095255000,0.3119353364474493
1628095285000,0.31395688189550425
1628095315000,0.3131623263513513
1628095345000,0.3174270241147741
1628095375000,0.31151389716012085
1628095405000,0.3123820593406593
1628095435000,0.31478368279503105
1628095465000,0.3138349316892725
1628095495000,0.3119697415375077
1628095525000,0.3129769355679702
1628095555000,0.3189349247416413
1628095585000,0.3126925996357013
1628095615000,0.3137886008428657
1628095645000,0.32029920274893103
1628095675000,0.3177123338405356
1628095705000,0.3136890683210785
1628095735000,0.3143065088111044
1628095765000,0.3138456490797546
1628095795000,0.3193011958637469
1628095825000,0.3118673824507389
1628095855000,0.31284055320823245
1628095885000,0.3216748121621621
1628095915000,0.3149667505919003
1628095945000,0.31074044876431584
1628095975000,0.3178750681372549
1628096005000,0.3123132498485766
1628096035000,0.3130213085995086
1628096065000,0.31187469957107844
1628096095000,0.311011835958486
1628096125000,0.3136737897032102
1628096155000,0.3155513736519608
1628096185000,0.3166809646311971
1628096215000,0.3165247830845771
1628096245000,0.3123025560398506
1628096275000,0.323199887873248
1628096305000,0.3157606705275925
1628096335000,0.31618231115853657
1628096365000,0.3158390979987871
1628096395000,0.3155971442086113
1628096425000,0.3170903759236453
1628096455000,0.3159781740220049
1628096485000,0.3113736597078515
1628096515000,0.31668904243176177
1628096545000,0.3174696988206083
1628096575000,0.3186610055386488
1628096605000,0.3140020621588841
1628096635000,0.3178694936537277
1628096665000,0.3141505344932845
1628096695000,0.31970528633312995
1628096725000,0.312566722311995
1628096755000,0.3196146987249545
1628096785000,0.310658064504284
1628096815000,0.3141464264277035
1628096845000,0.3191425264116576
1628096875000,0.3148781215469613
1628096905000,0.3178856392436454
1628096935000,0.312133472881356
1628096965000,0.3181415913043478
1628096995000,0.3230954361179361
1628097025000,0.3182845699099099
1628097055000,0.3151181172914148
1628097085000,0.31232714375
1628097115000,0.3118115952469136
1628097145000,0.31710660859756096
1628097175000,0.31081033612143744
1628097205000,0.31881751079580506
1628097235000,0.3123368180811808
1628097265000,0.31225329629400866
1628097295000,0.3182125762732919
1628097325000,0.3121372208837773
1628097355000,0.3158497808841843
1628097385000,0.311633793166565
1628097415000,0.3144499020995801
1628097445000,0.31712995246500303
1628097475000,0.31674334300549783
1628097505000,0.3128383687576127
1628097535000,0.31385243990178024
1628097565000,0.31310352853598017
1628097595000,0.31769302432106217
1628097625000,0.3133101372536945
1628097655000,0.3127971688794153
1628097685000,0.3113270655405405
1628097715000,0.3115377298829328
1628097745000,0.3107816789185905
1628097775000,0.3123100034589253
1628097805000,0.31332694142335765
1628097835000,0.317093590187765
1628097865000,0.3149717582317073
1628097895000,0.311414729202454
1628097925000,0.3175549387116565
1628097955000,0.3135051435661765
1628097985000,0.31555031023284313
1628098015000,0.31083213666666665
1628098045000,0.31445105238386306
1628098075000,0.3145550370599135
1628098105000,0.32093849975639466
1628098135000,0.3141064888957434
1628098165000,0.31540089621720563
1628098195000,0.3131366131787676
1628098225000,0.3180671297936893
1628098255000,0.3153191122635753
1628098285000,0.31441062935384617
1628098315000,0.3128555113453193
1628098345000,0.31280162647420146
1628098375000,0.31659101535692863
1628098405000,0.3131304057901086
1628098435000,0.3132050560843373
1628098465000,0.3119498697408077
1628098495000,0.3124619940325497
1628098525000,0.3188717526057633
1628098555000,0.3125468483262325
1628098585000,0.32272521766848816
1628098615000,0.3113548456615385
1628098645000,0.3128713110108303
1628098675000,0.3104528761730652
1628098705000,0.3088381088902148
1628098735000,0.3131862409564684
1628098765000,0.3112396419708029
1628098795000,0.3166298565970149
1628098825000,0.3171159925675676
1628098855000,0.3116189497524752
1628098885000,0.3138529695273632
1628098915000,0.31210046839536304
1628098945000,0.3126490338280767
1628098975000,0.31736354522058824
1628099005000,0.31930030995055625
1628099035000,0.311861736622276
1628099065000,0.3158907225707257
1628099095000,0.3132623822412737
1628099125000,0.3153713310012063
1628099155000,0.31690460203955495
1628099185000,0.3107105429008568
1628099215000,0.3178404849782744
1628099245000,0.3167399753078818
1628099275000,0.3203080305970149
1628099305000,0.31138205482295483
1628099335000,0.3174464579012345
1628099365000,0.31831868286413706
1628099395000,0.31447601386682955
1628099425000,0.31119154622991346
1628099455000,0.31301703201970443
1628099485000,0.3128502474710542
1628099515000,0.3113940212647241
1628099545000,0.31478505193370165
1628099575000,0.3122595023941068
1628099605000,0.3127567935018051
1628099635000,0.3145107915904936
1628099665000,0.3161322628872367
1628099695000,0.3137037298717166
1628099725000,0.31795090595092024
1628099755000,0.31218913787972724
1628099785000,0.3161423426318981
1628099815000,0.3131267798272671
1628099845000,0.313990176427256
1628099875000,0.3178856064927185
1628099905000,0.3122405274534161
1628099935000,0.31714919472716124
1628099965000,0.3124369588709677
1628099995000,0.316861763592233
1628100025000,0.310543678009828
1628100055000,0.3110099051724138
1628100085000,0.3181622713672593
1628100115000,0.3122472419139915
1628100145000,0.3124877740490797
1628100175000,0.31485966082665023
1628100205000,0.3132316470516717
1628100235000,0.31981098014705883
1628100265000,0.3164290413122722
1628100295000,0.3157149758747698
1628100325000,0.3163010048765432
1628100355000,0.3125347827267119
1628100385000,0.3158106115692308
1628100415000,0.3111676919951486
1628100445000,0.31204037481481484
1628100475000,0.31296166550245097
1628100505000,0.3124292203931204
1628100535000,0.3166531630989421
1628100565000,0.31262177852760736
1628100595000,0.3146055882133995
1628100625000,0.3138063798657718
1628100655000,0.3132358282114321
1628100685000,0.31760665034267915
1628100715000,0.3116126506445672
1628100745000,0.3153268346224677
1628100775000,0.3185506270186335
1628100805000,0.3162992707796194
1628100835000,0.31790776648216484
1628100865000,0.3117743614823815
1628100895000,0.3126680524740379
1628100925000,0.3170645895156346
1628100955000,0.31613190235878336
1628100985000,0.3153231639156627
1628101015000,0.31222371803178484
1628101045000,0.3151011676056338
1628101075000,0.3120335190270936
1628101105000,0.31868084969806765
1628101135000,0.31411494748026714
1628101165000,0.3157978347639485
1628101195000,0.317212207607362
1628101225000,0.31152837981651377
1628101255000,0.3150174447044335
1628101285000,0.3148195712622549
1628101315000,0.3124578910327768
1628101345000,0.3152153010247137
1628101375000,0.3136580690260133
1628101405000,0.3145474822112415
1628101435000,0.3162469167995095
1628101465000,0.3221279549423893
1628101495000,0.31573562871165645
1628101525000,0.3114945619839803
1628101555000,0.31266921766871164
1628101585000,0.3124861006215041
1628101615000,0.31798620932515337
1628101645000,0.31779625194647204
1628101675000,0.3183373675260896
1628101705000,0.3109065560266505
1628101735000,0.3157263038390093
1628101765000,0.32637085928217824
1628101795000,0.3144404179692308
1628101825000,0.31576055942118225
1628101855000,0.316954327140255
1628101885000,0.31119879884428225
1628101915000,0.3122884077344701
1628101945000,0.3114029974530018
1628101975000,0.3122479994538835
1628102005000,0.3124292079092581
1628102035000,0.3149817117577197
1628102065000,0.3155706639527657
1628102095000,0.3145534503717472
1628102125000,0.31806102082057564
1628102155000,0.31227242218114604
1628102185000,0.3104431639527657
1628102215000,0.3192514876932591
1628102245000,0.3127184692643392
1628102275000,0.3122470250772081
1628102305000,0.3111808525434243
1628102335000,0.3187288745207173
1628102365000,0.3122229854050711
1628102395000,0.3152373422208664
1628102425000,0.3122764764385221
1628102455000,0.3125907830529595
1628102485000,0.3124723118220597
1628102515000,0.3215556768948655
1628102545000,0.3087255773630343
1628102575000,0.31252865736102625
1628102605000,0.31032865074074073
1628102635000,0.3188759530650155
1628102665000,0.3165382959082455
1628102695000,0.3181638417487685
1628102725000,0.3119940411585366
1628102755000,0.319864619744836
1628102785000,0.31208412069810165
1628102815000,0.31650445530726257
1628102845000,0.3124843084672435
1628102875000,0.31417053318804483
1628102905000,0.31342405858461536
1628102935000,0.31643024434079603
1628102965000,0.3164885162621359
1628102995000,0.3178249177529485
1628103025000,0.3124158372777437
1628103055000,0.31072210763636365
1628103085000,0.3145726967464702
1628103115000,0.3174028522864019
1628103145000,0.31129182167487685
1628103175000,0.3175876635410241
1628103205000,0.320156795308642
1628103235000,0.31497840509708736
1628103265000,0.31109322921556515
1628103295000,0.32127374932014835
1628103325000,0.3204540265605875
1628103355000,0.3185893298962782
1628103385000,0.314116077189781
1628103415000,0.3180776733126935
1628103445000,0.3154018517560074
1628103475000,0.3176594694749695
1628103505000,0.3121528420121951
1628103535000,0.3175087176542456
1628103565000,0.31672055725856696
1628103595000,0.31514787195639005
1628103625000,0.3140007939001848
1628103655000,0.3214400923029174
1628103685000,0.3153499090630741
1628103715000,0.3165089415280345
1628103745000,0.3133340713592233
1628103775000,0.3132465779252111
1628103805000,0.3125781509852217
1628103835000,0.3109849092535472
1628103865000,0.3126739723780488
1628103895000,0.3118209804701628
1628103925000,0.3184084043266301
1628103955000,0.3122492243259804
1628103985000,0.3093216593805837
1628104015000,0.3184076898346601
1628104045000,0.3132572252908757
1628104075000,0.3128984920615385
1628104105000,0.31265749152439026
1628104135000,0.31394567790914746
1628104165000,0.31605931275946275
1628104195000,0.3156057092145949
1628104225000,0.32492308060531194
1628104255000,0.3198346150426309
1628104285000,0.3164704983646275
1628104315000,0.3183635153892577
1628104345000,0.3710647145565749
1628104375000,0.3745999009738283
1628104405000,0.3751001380509001
1628104435000,0.3737387215867159
1628104465000,0.32585115495049505
1628104495000,0.31133707895716944
1628104525000,0.3122598846764347
1628104555000,0.3155961830269608
1628104585000,0.3115408170495768
1628104615000,0.31266981600970284
1628104645000,0.31648515992758003
1628104675000,0.3111098936615385
1628104705000,0.3131978519680197
1628104735000,0.31064225611246943
1628104765000,0.3146916108947048
1628104795000,0.3174906626902009
1628104825000,0.3120241133049817
1628104855000,0.3128930627906977
1628104885000,0.31203360510141365
1628104915000,0.25063554256505577
1628104945000,0.3168475380120482
1628104975000,0.3174344391223733
1628105005000,0.3151751020974707
1628105035000,0.3123323925318761
1628105065000,0.31382647420537896
1628105095000,0.3116407666460778
1628105125000,0.31174702983219393
1628105155000,0.31098151097486204
1628105185000,0.31245829858199753
1628105215000,0.3177429099630996
1628105245000,0.31158958731435643
1628105275000,0.3137102703612982
1628105305000,0.31365911722891565
1628105335000,0.3147915393120393
1628105365000,0.3133506908532842
1628105395000,0.3132201893031785
1628105425000,0.3209008685905225
1628105455000,0.3168336591331269
1628105485000,0.3181675326781327
1628105515000,0.3162917250453721
1628105545000,0.3121293988314883
1628105575000,0.3141911726877716
1628105605000,0.3151866906976744
1628105635000,0.3149398654623393
1628105665000,0.3182190186102719
1628105695000,0.3142693224830142
1628105725000,0.3170736175970873
1628105755000,0.3100619070861332
1628105785000,0.31369271243042673
1628105815000,0.3164487955971049
1628105845000,0.3160928235222425
1628105875000,0.312655084724799
1628105905000,0.31224428717325226
1628105935000,0.3153025524427953
1628105965000,0.3184306745454545
1628105995000,0.3133612800615385
1628106025000,0.313961594017094
1628106055000,0.3137549461256864
1628106085000,0.3098012942354369
1628106115000,0.3191122370642202
1628106145000,0.3217334597307221
1628106175000,0.31687141547911546
1628106205000,0.3126976351466993
1628106235000,0.3112965081246182
1628106265000,0.3165922689846154
1628106295000,0.31375221775644874
1628106325000,0.3125679032418953
1628106355000,0.313187181134402
1628106385000,0.3140099004250152
1628106415000,0.3176517224712296
1628106445000,0.3122736067943175
1628106475000,0.3123611589330025
1628106505000,0.3131013542927733
1628106535000,0.31528827603458925
1628106565000,0.3117373477188656
1628106595000,0.3193786333333333
1628106625000,0.3172571992546584
1628106655000,0.31354793906346273
1628106685000,0.3212227304750154
1628106715000,0.31133729184418746
1628106745000,0.3144946260816575
1628106775000,0.3081810782129743
1628106805000,0.3149037018292683
1628106835000,0.3145528987915408
1628106865000,0.3117353044829647
1628106895000,0.3151379481322719
1628106925000,0.3109813730006013
1628106955000,0.31506670099255585
1628106985000,0.3132888411871593
1628107015000,0.3108404221071864
1628107045000,0.3127303445137157
1628107075000,0.3128362944137508
1628107105000,0.3185623680811808
1628107135000,0.3194940915997529
1628107165000,0.3121923902173913
1628107195000,0.31594563003076925
1628107225000,0.31360400892857143
1628107255000,0.3097998457407408
1628107285000,0.31147696553637483
1628107315000,0.3178246052404439
1628107345000,0.3076383820482637
1628107375000,0.3121509342364532
1628107405000,0.31166883413751506
1628107435000,0.3124034823238566
1628107465000,0.31251466688983565
1628107495000,0.31905306654366544
1628107525000,0.3146588888068881
1628107555000,0.3169069576019777
1628107585000,0.3214426060587515
1628107615000,0.3163435620604565
1628107645000,0.30986399186893204
1628107675000,0.31429350864500305
1628107705000,0.3129480956257594
1628107735000,0.3205550500923077
1628107765000,0.3119933847583643
1628107795000,0.3158130693852709
1628107825000,0.31442022226322264
1628107855000,0.3147868027912621
1628107885000,0.3161514763812993
1628107915000,0.3147095189518586
1628107945000,0.3171998778928136
1628107975000,0.3138170041566265
1628108005000,0.31162280611010285
1628108035000,0.3189814574245225
1628108065000,0.3104326662613981
1628108095000,0.3201576660272277
1628108125000,0.3103641881884945
1628108155000,0.3112709822194972
1628108185000,0.31540704972136224
1628108215000,0.3089750578819233
1628108245000,0.3211525420351302
1628108275000,0.3194743437344913
1628108305000,0.3210106845579078
1628108335000,0.3134711308634415
1628108365000,0.3157531245992602
1628108395000,0.31509680591824285
1628108425000,0.31726783031946953
1628108455000,0.3149773383955909
1628108485000,0.31602394844227244
1628108515000,0.3186522305606901
1628108545000,0.3148509713253012
1628108575000,0.31142584094536524
1628108605000,0.31293443596545345
1628108635000,0.31962378617737003
1628108665000,0.3126430652386781
1628108695000,0.3106343271113831
1628108725000,0.3186435295289855
1628108755000,0.31250920726939524
1628108785000,0.3123214836307692
1628108815000,0.3155932460111317
1628108845000,0.3127986533495737
1628108875000,0.31709743070283597
1628108905000,0.3129223220036877
1628108935000,0.3143480373374613
1628108965000,0.3200799319852941
1628108995000,0.3177063815270936
1628109025000,0.31159985464615386
1628109055000,0.3121658168207024
1628109085000,0.3130530110568112
1628109115000,0.3126904166975881
1628109145000,0.31755195818406423
1628109175000,0.3125409054802956
1628109205000,0.3224535471698113
1628109235000,0.3133618649026764
1628109265000,0.3142979580323786
1628109295000,0.31356276681087764
1628109325000,0.3172873031481481
1628109355000,0.3104621216606498
1628109385000,0.3170622694736842
1628109415000,0.3180667163873371
1628109445000,0.31337559332107845
1628109475000,0.3108092517179024
1628109505000,0.31203466842105265
1628109535000,0.3118367089164087
1628109565000,0.3128092719254658
1628109595000,0.3126486346368715
1628109625000,0.3128542237476809
1628109655000,0.3147963516625616
1628109685000,0.3142047135675348
1628109715000,0.3125445143302181
1628109745000,0.3129768546568628
1628109775000,0.3086809916466346
1628109805000,0.316296405382263
1628109835000,0.3150053659717965
1628109865000,0.31111571133126936
1628109895000,0.318345929981378
1628109925000,0.3168069942331289
1628109955000,0.3113292523399015
1628109985000,0.3117372676343422
1628110015000,0.312008477188656
1628110045000,0.314124043738657
1628110075000,0.31283772423312883
1628110105000,0.3115574161329305
1628110135000,0.31644731633416456
1628110165000,0.31143905705521474
1628110195000,0.31413786266094423
1628110225000,0.31326258313917843
1628110255000,0.3159426065512979
1628110285000,0.3107387233536585
1628110315000,0.3167831262006079
1628110345000,0.3113505488516449
1628110375000,0.3118081996924969
1628110405000,0.3135426605311921
1628110435000,0.311836735373317
1628110465000,0.3121740746592317
1628110495000,0.31605065423832923
1628110525000,0.3193335877764128
1628110555000,0.3151948456797583
1628110585000,0.3111082032101756
1628110615000,0.3113541743226601
1628110645000,0.3144053787915408
1628110675000,0.3154260069581281
1628110705000,0.31874920300613496
1628110735000,0.3154913933496034
1628110765000,0.3117798325153374
1628110795000,0.3154788895156346
1628110825000,0.31148504303030305
1628110855000,0.3106889845121951
1628110885000,0.3121923765281174
1628110915000,0.3118926347613219
1628110945000,0.3156208221946683
1628110975000,0.3121756786732796
1628111005000,0.31912866066465256
1628111035000,0.31184535057610674
1628111065000,0.312063479345851
1628111095000,0.3128257478821363
1628111125000,0.3148127159132007
1628111155000,0.31205487225964484
1628111185000,0.31291293192808434
1628111215000,0.3118754039384615
1628111245000,0.3103824773480663
1628111275000,0.3155478359633028
1628111305000,0.3146046178115501
1628111335000,0.3105363285540705
1628111365000,0.3129276015805471
1628111395000,0.312944952293578
1628111425000,0.3158381993209877
1628111455000,0.3146238159653465
1628111485000,0.3129524827099939
1628111515000,0.31610272825552826
1628111545000,0.31120985651364763
1628111575000,0.3127847738837921
1628111605000,0.3175752442990654
1628111635000,0.3124806632578077
1628111665000,0.3159802958108917
1628111695000,0.31577697495407225
1628111725000,0.3123219895614577
1628111755000,0.3117715416
1628111785000,0.3158598217870257
1628111815000,0.3111244538837921
1628111845000,0.3124985156269302
1628111875000,0.31344788580246913
1628111905000,0.3182401942046856
1628111935000,0.3101647085818625
1628111965000,0.3148305637795276
1628111995000,0.31130858625304136
1628112025000,0.31237416779141103
1628112055000,0.3104035230582524
1628112085000,0.31601350908532844
1628112115000,0.3126923118781095
1628112145000,0.31029823533653844
1628112175000,0.31265335256648114
1628112205000,0.3158824440997567
1628112235000,0.3174301983455882
1628112265000,0.3164586425015557
1628112295000,0.3155491316502463
1628112325000,0.3199449771393643
1628112355000,0.3113962724893488
1628112385000,0.31177821488456864
1628112415000,0.3164444768240343
1628112445000,0.31758936192546583
1628112475000,0.3132688043956044
1628112505000,0.3209795746158574
1628112535000,0.3132683208798017
1628112565000,0.3176203339645693
1628112595000,0.31429592806153844
1628112625000,0.3119280437960688
1628112655000,0.3119655548507463
1628112685000,0.3202632855501813
1628112715000,0.31559594500601684
1628112745000,0.31749870837988825
1628112775000,0.3129706228589033
1628112805000,0.3115504004929144
1628112835000,0.3164496167971102
1628112865000,0.3187803004833837
1628112895000,0.3156137097230769
1628112925000,0.3112524418257757
1628112955000,0.3191943068027211
1628112985000,0.31479343337400856
1628113015000,0.32287960559951306
1628113045000,0.3084311076876144
1628113075000,0.3180922612784265
1628113105000,0.3129180486850153
1628113135000,0.3120078525122549
1628113165000,0.3162775267477204
1628113195000,0.31443857393162394
1628113225000,0.3209003529232643
1628113255000,0.31771476519607844
1628113285000,0.3200411638141809
1628113315000,0.3159801758194187
1628113345000,0.3150464790214067
1628113375000,0.3123392847416413
1628113405000,0.31297171158536585
1628113435000,0.3133414945679012
1628113465000,0.32088584704785583
1628113495000,0.3134665155692308
1628113525000,0.3106865533128834
1628113555000,0.3131609755828221
1628113585000,0.3118846308588957
1628113615000,0.3118187810079901
1628113645000,0.3100012086744044
1628113675000,0.3148768911891559
1628113705000,0.3132613925153374
1628113735000,0.3124507535254445
1628113765000,0.3182296539594843
1628113795000,0.3124315308312655
1628113825000,0.31329151758308155
1628113855000,0.3113732783816425
1628113885000,0.31391115083179305
1628113915000,0.3107492422552664
1628113945000,0.3193437551195585
1628113975000,0.3096189979343864
1628114005000,0.3175240325552825
1628114035000,0.3164620649727768
1628114065000,0.3121993968542045
1628114095000,0.3115503513198281
1628114125000,0.30951361306715064
1628114155000,0.3131074322127139
1628114185000,0.3171564729346486
1628114215000,0.3181585700865266
1628114245000,0.31725511486404834
1628114275000,0.31134713312883433
1628114305000,0.31535311908585545
1628114335000,0.3132300885416667
1628114365000,0.31003606469150885
1628114395000,0.3179626258343634
1628114425000,0.31557208676293624
1628114455000,0.315491253808948
1628114485000,0.3175061996964177
1628114515000,0.31773365677498466
1628114545000,0.3116319181092695
1628114575000,0.3153451947400612
1628114605000,0.3117668795343137
1628114635000,0.31142111462815003
1628114665000,0.3124283154496077
1628114695000,0.3106823812084592
1628114725000,0.3171761500309981
1628114755000,0.31204340400246305
1628114785000,0.3103354476306197
1628114815000,0.3119352148631841
1628114845000,0.31302204154798763
1628114875000,0.3128453938888889
1628114905000,0.3107317021978022
1628114935000,0.3084173438639125
1628114965000,0.3121271662103298
1628114995000,0.31556302486255344
1628115025000,0.3112445918454936
1628115055000,0.31112877081807083
1628115085000,0.31047915666871545
1628115115000,0.3123339028923077
1628115145000,0.3178222276969697
1628115175000,0.3119665686887255
1628115205000,0.3163640343366093
1628115235000,0.3176023978567055
1628115265000,0.31705458127294983
1628115295000,0.3124086185932722
1628115325000,0.3180831814067278
1628115355000,0.3129443467682927
1628115385000,0.3160320153562653
1628115415000,0.3101585237288136
1628115445000,0.3163600859137826
1628115475000,0.3167771073785243
1628115505000,0.3111847683765842
1628115535000,0.31577545405572754
1628115565000,0.31128975664461817
1628115595000,0.3184011062615101
1628115625000,0.31076733569268
1628115655000,0.3166915636253041
1628115685000,0.3150741021937843
1628115715000,0.3186312513101767
1628115745000,0.3107186767441861
1628115775000,0.3140621274509804
1628115805000,0.32287279088127296
1628115835000,0.3122776011036174
1628115865000,0.31492423381906504
1628115895000,0.3154481205882353
1628115925000,0.3109676095440729
1628115955000,0.31830577365823565
1628115985000,0.3160047828021648
1628116015000,0.3115727902394107
1628116045000,0.3200947351518909
1628116075000,0.3127102709736681
1628116105000,0.31474422445255473
1628116135000,0.31282046029502153
1628116165000,0.31908317234042555
1628116195000,0.31628095872235873
1628116225000,0.3180251955187232
1628116255000,0.3212723431970714
1628116285000,0.3153162438381361
1628116315000,0.3091682554811206
1628116345000,0.3211542241464929
1628116375000,0.3154779083587553
1628116405000,0.3166323779692308
1628116435000,0.3167616905637255
1628116465000,0.3156692998763141
1628116495000,0.31569631600000003
1628116525000,0.3160068243327126
1628116555000,0.31146466824242425
1628116585000,0.31462460331491715
1628116615000,0.31474805769466585
1628116645000,0.3141152753390876
1628116675000,0.30931798141538464
1628116705000,0.3147939464241677
1628116735000,0.31720165806853584
1628116765000,0.3130395804054054
1628116795000,0.32310785354282195
1628116825000,0.3177023906056861
1628116855000,0.31235287571606474
1628116885000,0.3125807746980676
1628116915000,0.3214304898702903
1628116945000,0.31319391452410383
1628116975000,0.31833806155268024
1628117005000,0.3114056982822086
1628117035000,0.31356583225202744
1628117065000,0.3119783929932391
1628117095000,0.3172451893054702
1628117125000,0.3161476051819864
1628117155000,0.31281000006093845
1628117185000,0.3122732859900373
1628117215000,0.31362665452292443
1628117245000,0.3148168233211233
1628117275000,0.31181511305403764
1628117305000,0.3171589539360394
1628117335000,0.3152464124539877
1628117365000,0.31947308323095824
1628117395000,0.3164651493184634
1628117425000,0.31477557441860465
1628117455000,0.3153278779765577
1628117485000,0.3126176210114389
1628117515000,0.31678122948717946
1628117545000,0.3138786326593137
1628117575000,0.3192089491722869
1628117605000,0.31125579778325124
1628117635000,0.3164214552486188
1628117665000,0.3196296166666667
1628117695000,0.3130133736358063
1628117725000,0.3115323301910043
1628117755000,0.31377029975713416
1628117785000,0.3125006803298717
1628117815000,0.3144715349878935
1628117845000,0.3113950165739023
1628117875000,0.3205655029758214
1628117905000,0.3204533187878788
1628117935000,0.3200552741212121
1628117965000,0.3161876270807453
1628117995000,0.3133473973764491
1628118025000,0.3124772147310513
1628118055000,0.31477214068535825
1628118085000,0.3115675345633456
1628118115000,0.3157438985339035
1628118145000,0.3149989122839506
1628118175000,0.3131058491905355
1628118205000,0.3166752738300493
1628118235000,0.3118628759485924
1628118265000,0.3155443692121212
1628118295000,0.3134592683818971
1628118325000,0.32043662081784385
1628118355000,0.3206045324159021
1628118385000,0.31231133880967143
1628118415000,0.31372170229191804
1628118445000,0.31395446392523363
1628118475000,0.312587087150838
1628118505000,0.3128068062077443
1628118535000,0.31505447645616186
1628118565000,0.31930361319277106
1628118595000,0.31347936890243905
1628118625000,0.31470219821538464
1628118655000,0.3179326633033033
1628118685000,0.3182662704207921
1628118715000,0.3163489492983527
1628118745000,0.31632106943069305
1628118775000,0.31660346970248937
1628118805000,0.3117517577065351
1628118835000,0.3143485656403941
1628118865000,0.3175757639181649
1628118895000,0.31114758846153845
1628118925000,0.3163903200725514
1628118955000,0.311814139504644
1628118985000,0.3169059225169648
1628119015000,0.311359091185599
1628119045000,0.32091873404384896
1628119075000,0.3128039378824969
1628119105000,0.31060140442424244
1628119135000,0.31505391420698103
1628119165000,0.3211558125386041
1628119195000,0.3148609766337854
1628119225000,0.3115595667701863
1628119255000,0.31086065223970943
1628119285000,0.3090762081867799
1628119315000,0.3114180853432282
1628119345000,0.31316258450617285
1628119375000,0.3116113380481779
1628119405000,0.3133862894867038
1628119435000,0.3135419457492355
1628119465000,0.320855451939394
1628119495000,0.31080648181261483
1628119525000,0.3116415266021765
1628119555000,0.3116623577846154
1628119585000,0.31513719797794115
1628119615000,0.31623208507739936
1628119645000,0.3177780674574209
1628119675000,0.3215608817005545
1628119705000,0.3124958673053152
1628119735000,0.3092722580683863
1628119765000,0.3133601421372192
1628119795000,0.3170364574585635
1628119825000,0.3154656910049628
1628119855000,0.3111112445054945
1628119885000,0.3182905137003058
1628119915000,0.3128675118872549
1628119945000,0.31441282
1628119975000,0.3103906725679758
1628120005000,0.3132426849114233
1628120035000,0.3140931514036182
1628120065000,0.3165727575906577
1628120095000,0.3162834701797892
1628120125000,0.3189974004910988
1628120155000,0.3131976823672971
1628120185000,0.3185158332107843
1628120215000,0.3137802587692308
1628120245000,0.3174926580724371
1628120275000,0.31109825929802953
1628120305000,0.31381701948130275
1628120335000,0.3176974596459096
1628120365000,0.313869231292517
1628120395000,0.3159049801101591
1628120425000,0.31096807242647057
1628120455000,0.31093221967410983
1628120485000,0.3115839316747573
1628120515000,0.32307306171253825
1628120545000,0.3100623495747266
1628120575000,0.3164683608538785
1628120605000,0.3188530224366707
1628120635000,0.3204715334758705
1628120665000,0.31362962975670616
1628120695000,0.32053574298836496
1628120725000,0.315728858302583
1628120755000,0.3166805217578365
1628120785000,0.3112106501212121
1628120815000,0.3218275554239401
1628120845000,0.31089044164634144
1628120875000,0.3128147716390424
1628120905000,0.3123805094619666
1628120935000,0.31684365605326875
1628120965000,0.3116979367080745
1628120995000,0.3147445481707317
1628121025000,0.31200071686010994
1628121055000,0.3177120858103976
1628121085000,0.3131507343403206
1628121115000,0.3167111864914425
1628121145000,0.31666601352657003
1628121175000,0.3156192652811736
1628121205000,0.31648316245421243
1628121235000,0.3168581374772589
1628121265000,0.31772975474722565
1628121295000,0.31964423259532593
1628121325000,0.3128428089121082
1628121355000,0.31734466707168896
1628121385000,0.31601549683426444
1628121415000,0.3128972151664612
1628121445000,0.3217298543532338
1628121475000,0.3176661553582364
1628121505000,0.31879869096969704
1628121535000,0.3167661112352576
1628121565000,0.3112179607055961
1628121595000,0.3128118741326841
1628121625000,0.31524741924004823
1628121655000,0.313287090308642
1628121685000,0.31467907730936145
1628121715000,0.3115727600123229
1628121745000,0.3163212587301587
1628121775000,0.3181580483200977
1628121805000,0.3185809028693529
1628121835000,0.3195505007985258
1628121865000,0.3171172998166259
1628121895000,0.3212876556993222
1628121925000,0.3226709527965581
1628121955000,0.3215774004347826
1628121985000,0.3139885140939597
1628122015000,0.31734344879081017
1628122045000,0.3145973651624549
1628122075000,0.310160481923311
1628122105000,0.31504574610668296
1628122135000,0.31823977796193986
1628122165000,0.3190634724284845
1628122195000,0.31413975763846624
1628122225000,0.3167071178332319
1628122255000,0.3158891909815951
1628122285000,0.32018390341827224
1628122315000,0.3175752786683107
1628122345000,0.31692282544670364
1628122375000,0.3116508641763625
1628122405000,0.3127112444579781
1628122435000,0.31561856646415554
1628122465000,0.31272408092909537
1628122495000,0.3158784379017586
1628122525000,0.3121504082926829
1628122555000,0.31571716838632274
1628122585000,0.31134304451219513
1628122615000,0.3097129314714715
1628122645000,0.3166440331276989
1628122675000,0.31387156553637485
1628122705000,0.31754227714987715
1628122735000,0.31309220238970586
1628122765000,0.312725049907919
1628122795000,0.3148119883076923
1628122825000,0.3156970814039409
1628122855000,0.31152908165137616
1628122885000,0.3115266552984165
1628122915000,0.3155321900730816
1628122945000,0.3158934148423005
1628122975000,0.30758983377166765
1628123005000,0.31501757259439706
1628123035000,0.31630178708104817
1628123065000,0.3147131697745277
1628123095000,0.3141504887453875
1628123125000,0.3120414957134109
1628123155000,0.316397092195122
1628123185000,0.3209850747709224
1628123215000,0.3157043348540146
1628123245000,0.3224720324441687
1628123275000,0.3121245008610086
1628123305000,0.3211250580185758
1628123335000,0.3109690217732207
1628123365000,0.3132508382138517
1628123395000,0.3209966993842365
1628123425000,0.31561266935985083
1628123455000,0.31040412111724985
1628123485000,0.31718580107526884
1628123515000,0.3119287645003065
1628123545000,0.312540152293578
1628123575000,0.3182145014916097
1628123605000,0.3162566084975369
1628123635000,0.3179619038066465
1628123665000,0.3152917148371532
1628123695000,0.31818520012338064
1628123725000,0.31494804126506026
1628123755000,0.3127696883792049
1628123785000,0.3144994129549661
1628123815000,0.3217586577344701
1628123845000,0.31157086336633666
1628123875000,0.3130306960832313
1628123905000,0.3146278874064838
1628123935000,0.3187946210526316
1628123965000,0.31815048902513793
1628123995000,0.3186549574189526
1628124025000,0.3133460331060137
1628124055000,0.31891504871794873
1628124085000,0.3119934552776083
1628124115000,0.3159035733702337
1628124145000,0.3156642746277916
1628124175000,0.3125189197156984
1628124205000,0.3125459280373832
1628124235000,0.3170754168072289
1628124265000,0.32074360758323056
1628124295000,0.3143601248506571
1628124325000,0.3163849681426814
1628124355000,0.3228140628149969
1628124385000,0.3136243099076923
1628124415000,0.3189727413899139
1628124445000,0.3124024066912216
1628124475000,0.3130490296388543
1628124505000,0.3187056187037037
1628124535000,0.3204049417596035
1628124565000,0.3155740888686132
1628124595000,0.31509495769466583
1628124625000,0.3162212575215783
1628124655000,0.317482395505618
1628124685000,0.3142300314975248
1628124715000,0.3155121995113012
1628124745000,0.31092269628727937
1628124775000,0.3115974606134969
1628124805000,0.31201229950829745
1628124835000,0.3141122975369458
1628124865000,0.3167278442236025
1628124895000,0.3133232599382716
1628124925000,0.3169534021091812
1628124955000,0.3113512268156425
1628124985000,0.31521991855036857
1628125015000,0.3158045962332928
1628125045000,0.3161850517388652
1628125075000,0.31506619913739986
1628125105000,0.3167977058282209
1628125135000,0.3169594588198757
1628125165000,0.3155646293830177
1628125195000,0.31437756324683164
1628125225000,0.3159419007941356
1628125255000,0.31310054039167684
1628125285000,0.3165647638855055
1628125315000,0.3225151718137255
1628125345000,0.3130239272557561
1628125375000,0.31783988742255265
1628125405000,0.3159138965874467
1628125435000,0.3136659339987524
1628125465000,0.3130130605693519
1628125495000,0.3167290800988875
1628125525000,0.3179938546404425
1628125555000,0.31908428615574785
1628125585000,0.3122478800122249
1628125615000,0.31390193753026635
1628125645000,0.3197077631610942
1628125675000,0.31313833768472904
1628125705000,0.3133087799626634
1628125735000,0.3157573567450495
1628125765000,0.31595074075215784
1628125795000,0.3098501993968637
1628125825000,0.3122142268307692
1628125855000,0.3160054979742173
1628125885000,0.3118814670377242
1628125915000,0.3173791163904236
1628125945000,0.32300955799142683
1628125975000,0.3159385150246305
1628126005000,0.31337936061728394
1628126035000,0.31313202623456793
1628126065000,0.32211166460778257
1628126095000,0.3161948961063041
1628126125000,0.3108943126380368
1628126155000,0.3148851854622871
1628126185000,0.3121343072727273
1628126215000,0.3148797183598531
1628126245000,0.3138200267922236
1628126275000,0.3161238404347826
1628126305000,0.3161694378628783
1628126335000,0.3158115737864078
1628126365000,0.3125376828817734
1628126395000,0.3190547475390156
1628126425000,0.3171026901529052
1628126455000,0.31559019889025897
1628126485000,0.3202787507453416
1628126515000,0.3139232587022438
1628126545000,0.31462369127182044
1628126575000,0.3184385255756067
1628126605000,0.3116891319781553
1628126635000,0.316018096422074
1628126665000,0.31756539690402474
1628126695000,0.3128552063511831
1628126725000,0.3130687283536585
1628126755000,0.3180195367182663
1628126785000,0.3179460074051408
1628126815000,0.3140949189686925
1628126845000,0.320888175398773
1628126875000,0.3185844095325953
1628126905000,0.31729679411764705
1628126935000,0.3199181928788801
1628126965000,0.3166393432752179
1628126995000,0.3128869351037851
1628127025000,0.3187495139309509
1628127055000,0.31203092849331715
1628127085000,0.3153485730979915
1628127115000,0.3176024064556176
1628127145000,0.31965289926108376
1628127175000,0.31255384266503666
1628127205000,0.3131026943099274
1628127235000,0.31203954119439364
1628127265000,0.3110513744099379
1628127295000,0.3150041052275523
1628127325000,0.3136074181818182
1628127355000,0.3142610711384615
1628127385000,0.3139798778810409
1628127415000,0.3164652757293607
1628127445000,0.31486830592547344
1628127475000,0.3162179239342265
1628127505000,0.31655232346059115
1628127535000,0.3159409703680981
1628127565000,0.3153300876678877
1628127595000,0.3114894249095296
1628127625000,0.3123535813043478
1628127655000,0.31694053442118225
1628127685000,0.3148591543504902
1628127715000,0.3106179757228916
1628127745000,0.3158512202179177
1628127775000,0.3124590464153276
1628127805000,0.3131388631091919
1628127835000,0.3147117110703364
1628127865000,0.3136724773308958
1628127895000,0.3128200179864948
1628127925000,0.3103897145820622
1628127955000,0.3146561936964504
1628127985000,0.3124682855036855
1628128015000,0.3142208282809612
1628128045000,0.3169285045648205
1628128075000,0.3139203108522379
1628128105000,0.31444779384615384
1628128135000,0.3130939494153846
1628128165000,0.31538817728380025
1628128195000,0.3144157847759362
1628128225000,0.3178150419059255
1628128255000,0.31294507865030674
1628128285000,0.3154003646514497
1628128315000,0.3143328004875076
1628128345000,0.3173292616707617
1628128375000,0.3133062756022236
1628128405000,0.3190417649693251
1628128435000,0.31270078845437616
1628128465000,0.3161018469857054
1628128495000,0.3123680430521092
1628128525000,0.3132419910085055
1628128555000,0.3107738305690073
1628128585000,0.314748100742115
1628128615000,0.3105430078514912
1628128645000,0.3167696458660229
1628128675000,0.31150825503030305
1628128705000,0.31245934966236955
1628128735000,0.31796858760631835
1628128765000,0.31573098144078143
1628128795000,0.31572997943523634
1628128825000,0.3162267510948905
1628128855000,0.31514184484029484
1628128885000,0.312905874270073
1628128915000,0.31294720422018346
1628128945000,0.3115971885205648
1628128975000,0.3124149821208385
1628129005000,0.3123083133250311
1628129035000,0.3178395855414398
1628129065000,0.31338883849908483
1628129095000,0.312414372541744
1628129125000,0.3160041042176039
1628129155000,0.3164361364570737
1628129185000,0.3137510444103194
1628129215000,0.3147030126219512
1628129245000,0.3189699144505161
1628129275000,0.3123701505810397
1628129305000,0.3114811665647922
1628129335000,0.30924176862026864
1628129365000,0.3161351894060012
1628129395000,0.31275332063197026
1628129425000,0.3125651821318546
1628129455000,0.3134230389129092
1628129485000,0.3176056317588564
1628129515000,0.3100461494175353
1628129545000,0.3211195717603912
1628129575000,0.3126077052311436
1628129605000,0.3184553234441088
1628129635000,0.3160555031843233
1628129665000,0.3162437714808044
1628129695000,0.3157642802453988
1628129725000,0.314579079376947
1628129755000,0.3151295206727829
1628129785000,0.3118387108978328
1628129815000,0.3176440705882353
1628129845000,0.31208366306084817
1628129875000,0.31225158310559004
1628129905000,0.3119414590993214
1628129935000,0.31780821179706603
1628129965000,0.3119237752898109
1628129995000,0.3164797938301772
1628130025000,0.31827913948655256
1628130055000,0.3102988420537897
1628130085000,0.3118110497542997
1628130115000,0.3129940755076923
1628130145000,0.31360051311576354
1628130175000,0.3107403243494424
1628130205000,0.3163096970838396
1628130235000,0.3173055812652068
1628130265000,0.3166557836734694
1628130295000,0.31142338960880195
1628130325000,0.3138184841133005
1628130355000,0.3122958260869565
1628130385000,0.31139389950920243
1628130415000,0.3159758135551448
1628130445000,0.31454821601226995
1628130475000,0.3171373408364084
1628130505000,0.3223395576427256
1628130535000,0.315026812377451
1628130565000,0.3107884097919217
1628130595000,0.3114657947240752
1628130625000,0.31558110293937536
1628130655000,0.3115296727664818
1628130685000,0.3118096199386503
1628130715000,0.3207110063145112
1628130745000,0.3148543700801974
1628130775000,0.3112152839975475
1628130805000,0.3181610029066172
1628130835000,0.3131563658418829
1628130865000,0.31257843060344825
1628130895000,0.31870373419753084
1628130925000,0.31034095389809696
1628130955000,0.3117312621202728
1628130985000,0.3112129913549969
1628131015000,0.3177447819219219
1628131045000,0.3180068731796116
1628131075000,0.3113148169950739
1628131105000,0.31397109795539035
1628131135000,0.31718880858895704
1628131165000,0.3141942618081181
1628131195000,0.31306407657878604
1628131225000,0.3121500856707317
1628131255000,0.31465401539401344
1628131285000,0.3200197983292079
1628131315000,0.320308293143916
1628131345000,0.3138140219600726
1628131375000,0.3213736429546865
1628131405000,0.3150194309789343
1628131435000,0.31516807456508694
1628131465000,0.3180853873939394
1628131495000,0.3080397162917933
1628131525000,0.31134654043982896
1628131555000,0.3214311770731707
1628131585000,0.31223652352583586
1628131615000,0.3116989947303921
1628131645000,0.31956885750915753
1628131675000,0.3125596836419753
1628131705000,0.31714343432282005
1628131735000,0.3172491072039072
1628131765000,0.31646599501822603
1628131795000,0.3115391893292683
1628131825000,0.31584638837349394
1628131855000,0.3173706204681873
1628131885000,0.31819289963481434
1628131915000,0.3105533757894737
1628131945000,0.31239069687308396
1628131975000,0.3152182148414123
1628132005000,0.3143610870018393
1628132035000,0.3199851153798641
1628132065000,0.3134220700492005
1628132095000,0.3172523703726329
1628132125000,0.3123253065563725
1628132155000,0.31455117673419275
1628132185000,0.3133263104903786
1628132215000,0.3132382587584511
1628132245000,0.3119494534146341
1628132275000,0.3192531695331695
1628132305000,0.3155969311515152
1628132335000,0.3191383900678593
1628132365000,0.3110576357843137
1628132395000,0.3145615611476389
1628132425000,0.3156176641717792
1628132455000,0.3177080127723971
1628132485000,0.3093164466666667
1628132515000,0.3179562527384616
1628132545000,0.3183496061804697
1628132575000,0.3117975315563726
1628132605000,0.3160257057142857
1628132635000,0.3169092774153846
1628132665000,0.3127923566749073
1628132695000,0.3143241568627451
1628132725000,0.3160717396132252
1628132755000,0.31249640603448275
1628132785000,0.31593678769987704
1628132815000,0.31503451113861386
1628132845000,0.3186514211267605
1628132875000,0.311534901043585
1628132905000,0.3140831821232459
1628132935000,0.315726938547486
1628132965000,0.31603124013563505
1628132995000,0.3154911520833333
1628133025000,0.31284204076317385
1628133055000,0.31625161580246913
1628133085000,0.31678884219512193
1628133115000,0.31068136682986536
1628133145000,0.3178269500609013
1628133205000,0.3202957286674817
1628133235000,0.3214307237414543
1628133265000,0.31119408566153844
1628133295000,0.31388567010372176
1628133325000,0.3154502115879828
1628133355000,0.31774044897094433
1628133385000,0.31176333593366096
1628133415000,0.3099388655717761
1628133445000,0.3148380504598406
1628133475000,0.31511401102985986
1628133505000,0.3169570320559611
1628133535000,0.3122712678330264
1628133565000,0.3173611495468278
1628133595000,0.3105020471023428
1628133625000,0.3136334061414392
1628133655000,0.3238291760493827
1628133685000,0.3174797001861042
1628133715000,0.3177553777572397
1628133745000,0.3131729496917386
1628133775000,0.3174923513578757
1628133805000,0.3131192774674115
1628133835000,0.31130256579108123
1628133865000,0.3127416523634131
1628133895000,0.3161348296999388
1628133925000,0.31403536597179643
1628133955000,0.31517688027744273
1628133985000,0.3187116499697885
1628134015000,0.31190118756218904
1628134045000,0.31360978
1628134075000,0.31023472521631645
1628134105000,0.312035632381531
1628134135000,0.31237681538461537
1628134165000,0.31146808337423315
1628134195000,0.3118438418192918
1628134225000,0.3206356069070905
1628134255000,0.3177568581626319
1628134285000,0.3173250552795031
1628134315000,0.3122989734769231
1628134345000,0.3173321755176614
1628134375000,0.3107960976729945
1628134405000,0.3143929492762365
1628134435000,0.3152960159950403
1628134465000,0.3134233081907091
1628134495000,0.31275106986980783
1628134525000,0.31484406117283953
1628134555000,0.3162017535447761
1628134585000,0.3197962687461774
1628134615000,0.310492170838471
1628134645000,0.31001743169834456
1628134675000,0.3136580347447073
1628134705000,0.3154533567247821
1628134735000,0.3114574409645909
1628134765000,0.3177917572477064
1628134795000,0.31877006683076925
1628134825000,0.3171213634296251
1628134855000,0.31224578436541994
1628134885000,0.3157507810876133
1628134915000,0.31427350943396226
1628134945000,0.3193385009656005
1628134975000,0.3211563521869383
1628135005000,0.3166599162430254
1628135035000,0.3111094937230769
1628135065000,0.3156345739263804
1628135095000,0.31273565142150805
1628135125000,0.3128258027692308
1628135155000,0.3151930965060241
1628135185000,0.31318806623616235
1628135215000,0.31170722102342785
1628135245000,0.3184587685854256
1628135275000,0.3173099958105647
1628135305000,0.3137674931639444
1628135335000,0.3098149077443147
1628135365000,0.312416660733614
1628135395000,0.31836055370595384
1628135425000,0.3127424353300733
1628135455000,0.3120669602469136
1628135485000,0.31579034318734794
1628135515000,0.3115659574585635
1628135545000,0.3156352859317905
1628135575000,0.31215853977900554
1628135605000,0.31161190725609755
1628135635000,0.3123606441762221
1628135665000,0.3128546404361371
1628135695000,0.31672867315270936
1628135725000,0.3135948215112736
1628135755000,0.3170820802325581
1628135785000,0.3182060037677579
1628135815000,0.3169816686189889
1628135845000,0.3126397681679854
1628135875000,0.31387098845437617
1628135905000,0.3153061097382836
1628135935000,0.3204028992757996
1628135965000,0.31823691016433353
1628135995000,0.3185904668106108
1628136025000,0.31688962776747065
1628136055000,0.3140020144444444
1628136085000,0.31142694384384384
1628136115000,0.3168254429894997
1628136145000,0.31513382357624004
1628136175000,0.3134312487084871
1628136205000,0.3163640435286935
1628136235000,0.3137840219018405
1628136265000,0.3136090135499693
1628136295000,0.3121197962962963
1628136325000,0.31698562345828296
1628136355000,0.3120188074074074
1628136385000,0.31172696844362746
1628136415000,0.25140069969715323
1628136445000,0.3145303827053737
1628136475000,0.3138950493341404
1628136505000,0.3118710349235474
1628136535000,0.3197546647022713
1628136565000,0.31287362454100365
1628136595000,0.3201603235913313
1628136625000,0.3117260171912833
1628136655000,0.31459379274738786
1628136685000,0.3129454756394641
1628136715000,0.3223190307411908
1628136745000,0.3131692603448276
1628136775000,0.31423888372670805
1628136805000,0.3116170230350665
1628136835000,0.313361774829932
1628136865000,0.3113685475349969
1628136895000,0.3129692824907522
1628136925000,0.3154754526540573
1628136955000,0.3164475199017199
1628136985000,0.3163693263608563
1628137015000,0.3108151847509113
1628137045000,0.31970264631642514
1628137075000,0.3131271756591049
1628137105000,0.31699668373934226
1628137135000,0.3162973060907396
1628137165000,0.3163684692778458
1628137195000,0.3178376307165109
1628137225000,0.31854223603603604
1628137255000,0.3168869248313918
1628137285000,0.3194630479409957
1628137315000,0.3205961916976456
1628137345000,0.31595428554807103
1628137375000,0.3100586485924113
1628137405000,0.3144543098728044
1628137435000,0.3152107935921133
1628137465000,0.3166079059143029
1628137495000,0.3133737978632479
1628137525000,0.31334094675642593
1628137555000,0.3174402301035953
1628137585000,0.3149333721001221
1628137615000,0.31989507152439023
1628137645000,0.3134813575682382
1628137675000,0.3101131156994502
1628137705000,0.3171052169090909
1628137735000,0.31760437501534683
1628137765000,0.3216566709637815
1628137795000,0.3156560662811929
1628137825000,0.3174950339853301
1628137855000,0.31404325987692305
1628137885000,0.3205665937614679
1628137915000,0.31200945758323057
1628137945000,0.3180092247858017
1628137975000,0.31433024941753523
1628138005000,0.31428295213984325
1628138035000,0.3159281124381188
1628138065000,0.3106629734939759
1628138095000,0.3186004706238643
1628138125000,0.3108139692307692
1628138155000,0.3164057641119221
1628138185000,0.3125588080851064
1628138215000,0.31416485582107845
1628138245000,0.3168914609202454
1628138275000,0.31729392825688074
1628138305000,0.3122439729166667
1628138335000,0.31764225218730746
1628138365000,0.3108160029607251
1628138395000,0.31812017550274224
1628138425000,0.31791240998751563
1628138455000,0.3209123363239875
1628138485000,0.3135867072
1628138515000,0.3098578267406038
1628138545000,0.3159949796273292
1628138575000,0.31252852842424245
1628138605000,0.3145036868567886
1628138635000,0.3124126100244499
1628138665000,0.3144698320629159
1628138695000,0.3115653832817337
1628138725000,0.31773289425427875
1628138755000,0.3113270171798029
1628138785000,0.31739704123337364
1628138815000,0.316016167759901
1628138845000,0.31250168472222223
1628138875000,0.3160117764633395
1628138905000,0.31496680925925924
1628138935000,0.32090721452784504
1628138965000,0.3198479268610422
1628138995000,0.31114804646401983
1628139025000,0.31620598403669725
1628139055000,0.3161767893734644
1628139085000,0.3154111394013439
1628139115000,0.3141492069282649
1628139145000,0.3119303052436768
1628139175000,0.3122965372632865
1628139205000,0.31259932346368713
1628139235000,0.3151128648024316
1628139265000,0.31353348228782285
1628139295000,0.3166681061500615
1628139325000,0.31354972344615384
1628139355000,0.3141858428483354
1628139385000,0.3158714638753056
1628139415000,0.3147945380368098
1628139445000,0.314491527819083
1628139475000,0.3115493292667899
1628139505000,0.31548829393010425
1628139535000,0.3111747241060419
1628139565000,0.3139162306234719
1628139595000,0.31220993775573463
1628139625000,0.32219929343246595
1628139655000,0.31444939657282744
1628139685000,0.3183060737313433
1628139715000,0.3175615457616708
1628139745000,0.31596486891064873
1628139775000,0.3185532917639828
1628139805000,0.3193782535846724
1628139835000,0.3136756690997567
1628139865000,0.3194481812810945
1628139895000,0.2552302506437768
1628139925000,0.3159848864396285
1628139955000,0.3128649965916007
1628139985000,0.3118843480246913
1628140015000,0.3095242931707317
1628140045000,0.3150072505569307
1628140075000,0.3127020452784504
1628140105000,0.31284003105590064
1628140135000,0.31800110935162096
1628140165000,0.3142541175724637
1628140195000,0.313315497948099
1628140225000,0.3173613460248447
1628140255000,0.3103174102843315
1628140285000,0.3115423624847747
1628140315000,0.3119133548426897
1628140345000,0.31618796563071305
1628140375000,0.31235207858428315
1628140405000,0.3133628819188192
1628140435000,0.3147371041028781
1628140465000,0.31171311218026804
1628140495000,0.31486050410703176
1628140525000,0.3223240688604509
1628140555000,0.2524738350338045
1628140585000,0.25312589805943003
1628140615000,0.3157303084704449
1628140645000,0.3136649675642595
1628140675000,0.32055840266418834
1628140705000,0.31702973692493946
1628140735000,0.3187130700429712
1628140765000,0.31644927672727274
1628140795000,0.31299821595092026
1628140825000,0.3139466377507599
1628140855000,0.3128936647094431
1628140885000,0.312976350310559
1628140915000,0.3119158745646766
1628140945000,0.3154323970695971
1628140975000,0.3137486854789506
1628141005000,0.31107954784978803
1628141035000,0.3189304925077399
1628141065000,0.320526167747858
1628141095000,0.320783208302583
1628141125000,0.3128918335388409
1628141155000,0.3192971099939061
1628141185000,0.3132183600734844
1628141215000,0.3114326118738405
1628141245000,0.3119654472972973
1628141275000,0.312624125
1628141305000,0.3112776392459827
1628141335000,0.3148618850369458
1628141365000,0.3168581629331683
1628141395000,0.3131090516676774
1628141425000,0.31322771502145924
1628141455000,0.31799805912722806
1628141485000,0.31133691001843883
1628141515000,0.3181293324357405
1628141545000,0.31720654124466136
1628141575000,0.314529449068323
1628141605000,0.3186787342627014
1628141635000,0.3156367564786113
1628141665000,0.30958084514533085
1628141695000,0.2497994441732764
1628141725000,0.3131913126613399
1628141755000,0.3127019416717511
1628141785000,0.3137858712469734
1628141815000,0.3116963135018496
1628141845000,0.3106324687960688
1628141875000,0.3140976712328767
1628141905000,0.3166735330528846
1628141935000,0.3196479438160348
1628141965000,0.3120407202916161
1628141995000,0.3141851085209982
1628142025000,0.3170656081997534
1628142055000,0.31890421040640393
1628142085000,0.3169290504326329
1628142115000,0.31200604436183393
1628142145000,0.3136062268366727
1628142175000,0.3120102746928747
1628142205000,0.3130488033169533
1628142235000,0.31347606693154034
1628142265000,0.3130630235366605
1628142295000,0.3123483156307693
1628142325000,0.3156163790078645
1628142355000,0.3185669467701863
1628142385000,0.3129558173992674
1628142415000,0.3123614241230769
1628142445000,0.3080385461170848
1628142475000,0.2539295853538461
1628142505000,0.3192614032356532
1628142535000,0.31616246582512314
1628142565000,0.3133390855108359
1628142595000,0.3169748900123305
1628142625000,0.3165303390273556
1628142655000,0.31458471728545345
1628142685000,0.31276144498762376
1628142715000,0.3193912218902439
1628142745000,0.3109644105134474
1628142775000,0.31610906725826193
1628142805000,0.31545177768850435
1628142835000,0.3178437900856793
1628142865000,0.3158493951116476
1628142895000,0.3128621941140777
1628142925000,0.31775427116336635
1628142955000,0.3104771647094801
1628142985000,0.3129073320927395
1628143015000,0.3197202580684597
1628143045000,0.31736399243542435
1628143075000,0.3154956938499385
1628143105000,0.3169992940997567
1628143135000,0.3115633071209331
1628143165000,0.3122730838289963
1628143195000,0.3125355412923077
1628143225000,0.31686677279503106
1628143255000,0.3146535833231893
1628143285000,0.3156179522867738
1628143315000,0.3170909805914972
1628143345000,0.3126190597087379
1628143375000,0.3129747966666667
1628143405000,0.31078172034001217
1628143435000,0.3174694106925881
1628143465000,0.3138120520072993
1628143495000,0.3136504130195599
1628143525000,0.31154193292831106
1628143555000,0.3174460757142857
1628143585000,0.31223429708206685
1628143615000,0.3136385257985258
1628143645000,0.3118698371992597
1628143675000,0.3206020600611621
1628143705000,0.3135849740695546
1628143735000,0.31608273908754625
1628143765000,0.31462243982843136
1628143795000,0.312558630472103
1628143825000,0.3130815369473047
1628143855000,0.3156988807317073
1628143885000,0.31571424813455656
1628143915000,0.321055556921167
1628143945000,0.31238469735384616
1628143975000,0.3123224674676525
1628144005000,0.31466649402341346
1628144035000,0.3121206915992533
1628144065000,0.2663951613398894
1628144095000,0.31202112893432465
1628144125000,0.317267486900369
1628144155000,0.3113414331101643
1628144185000,0.31271089822738385
1628144215000,0.3150443618126888
1628144245000,0.31687801463866583
1628144275000,0.3127654131834751
1628144305000,0.3113779105199516
1628144335000,0.3115725051361386
1628144365000,0.3133371658641975
1628144395000,0.3168513295021512
1628144425000,0.3127789313081215
1628144455000,0.31689756602176544
1628144485000,0.3116237748623853
1628144515000,0.31628422152521524
1628144545000,0.3093985508117859
1628144575000,0.3178802128973105
1628144605000,0.31735079507598785
1628144635000,0.3154898295482296
1628144665000,0.3119432328068044
1628144695000,0.322295257985258
1628144725000,0.3158734409653465
1628144755000,0.31589819515337425
1628144785000,0.3117368988286067
1628144815000,0.3136434425857843
1628144845000,0.3100945134392181
1628144875000,0.3131404146430751
1628144905000,0.3178364474009901
1628144935000,0.3158668300492611
1628144965000,0.2497402866913124
1628144995000,0.2934089938517179
1628145025000,0.31173253410757945
1628145055000,0.313701986662531
1628145085000,0.32060516515615434
1628145115000,0.31688428801242235
1628145145000,0.31436960918428997
1628145175000,0.3141144726153846
1628145205000,0.3193270006699148
1628145235000,0.3125750320685435
1628145265000,0.31492494610271904
1628145295000,0.3132395522516965
1628145325000,0.3159319854320988
1628145355000,0.3117069010397553
1628145385000,0.31523215580964153
1628145415000,0.3175281241421569
1628145445000,0.31752832002412545
1628145475000,0.3150763996940025
1628145505000,0.3131861012962963
1628145535000,0.3196815924665857
1628145565000,0.31460355807453416
1628145595000,0.31210089308252426
1628145625000,0.3160596293284042
1628145655000,0.3182214294516328
1628145685000,0.3172021041794714
1628145715000,0.3171809789019124
1628145745000,0.3123598612269939
1628145775000,0.31224017203967763
1628145805000,0.3125177547123623
1628145835000,0.3118788813839559
1628145865000,0.31185815962962965
1628145895000,0.3221810826593137
1628145925000,0.3113029328449328
1628145955000,0.3103272102333932
1628145985000,0.3167159454262601
1628146015000,0.3127145404420549
1628146045000,0.3148449432198143
1628146075000,0.3105173839177751
1628146105000,0.3161765860579889
1628146135000,0.3151964586165049
1628146165000,0.31792232937576503
1628146195000,0.3162362084204057
1628146225000,0.3175013657107993
1628146255000,0.3164742658838072
1628146285000,0.3197957522001206
1628146315000,0.30935416299212604
1628146345000,0.31762091496259354
1628146375000,0.3143674147581139
1628146405000,0.3141490550959233
1628146435000,0.3119398041794714
1628146465000,0.3113143274758454
1628146495000,0.3129585213399504
1628146525000,0.31081356951219513
1628146555000,0.3132792256707317
1628146585000,0.3136328684723068
1628146615000,0.31240850067985165
1628146645000,0.3116247593023256
1628146675000,0.31484506057036576
1628146705000,0.32150016883435584
1628146735000,0.31765267429620564
1628146765000,0.3188602812613705
1628146795000,0.31363013001853
1628146825000,0.3171996223700121
1628146855000,0.3160047448702101
1628146885000,0.3143693179706601
1628146915000,0.3166271066749073
1628146945000,0.3170562740808823
1628146975000,0.3122974675840979
1628147005000,0.3111633097575758
1628147035000,0.31427497534076826
1628147065000,0.3114024559342666
1628147095000,0.3156340359021407
1628147125000,0.3110657078740158
1628147155000,0.3213759318069307
1628147185000,0.3116813407090465
1628147215000,0.3131809860450945
1628147245000,0.31745301685185184
1628147275000,0.3174776887873248
1628147305000,0.3127452777643505
1628147335000,0.312809112180268
1628147365000,0.3175161651148355
1628147395000,0.3183395585365853
1628147425000,0.31245915602223595
1628147455000,0.3114429709338281
1628147485000,0.3187729922222222
1628147515000,0.3156480876595745
1628147545000,0.3202582107758621
1628147575000,0.3160721109001837
1628147605000,0.3193437095873786
1628147635000,0.3196664782208589
1628147665000,0.3152630874534161
1628147695000,0.3217816182158453
1628147725000,0.32003502737876
1628147755000,0.3193863092298289
1628147785000,0.3182734533415841
1628147815000,0.3151762089230769
1628147845000,0.3140040212232416
1628147875000,0.3121198638271605
1628147905000,0.31008395120192306
1628147935000,0.3113580945652174
1628147965000,0.31352761694290976
1628147995000,0.3124458045735476
1628148025000,0.31747691708937203
1628148055000,0.3165868482947625
1628148085000,0.3133722641717792
1628148115000,0.3159430573074591
1628148145000,0.3121943530127815
1628148175000,0.31830564963008634
1628148205000,0.3128400908645003
1628148235000,0.3153408653357532
1628148265000,0.31355321259890445
1628148295000,0.3121263341269841
1628148325000,0.31444480998803825
1628148355000,0.31657345873015874
1628148385000,0.3208669957395009
1628148415000,0.3157783029787234
1628148445000,0.32025184743589746
1628148475000,0.3160204307076923
1628148505000,0.3176030855916616
1628148535000,0.31729409846437345
1628148565000,0.3201809444915254
1628148595000,0.31406827078443483
1628148625000,0.3133931217230769
1628148655000,0.31272216498771505
1628148685000,0.3169547337202199
1628148715000,0.3134591912722803
1628148745000,0.31070591967921035
1628148775000,0.3179407086719224
1628148805000,0.3108028146144279
1628148835000,0.31041261534653464
1628148865000,0.3127019428926133
1628148895000,0.31267218229813665
1628148925000,0.3161760159411404
1628148955000,0.31665942095588234
1628148985000,0.3126266800122249
1628149015000,0.3154866846153846
1628149045000,0.31145421008557456
1628149075000,0.3121665430889423
1628149105000,0.3178317384093711
1628149135000,0.3153634295765878
1628149165000,0.31177583927710845
1628149195000,0.32335835135301355
1628149225000,0.3226939069240196
1628149255000,0.3152700043982896
1628149285000,0.3117597233639144
1628149315000,0.31192582873846153
1628149345000,0.3170541730839975
1628149375000,0.31602136111801243
1628149405000,0.3161026025672372
1628149435000,0.3220456873308733
1628149465000,0.31234778464755075
1628149495000,0.31589657880633376
1628149525000,0.3159906304295221
1628149555000,0.3111863390493381
1628149585000,0.3169930061660562
1628149615000,0.3159833840247678
1628149645000,0.3106495524479804
1628149675000,0.31738793118477593
1628149705000,0.3147747424844721
1628149735000,0.31362566952554743
1628149765000,0.31272228174554395
1628149795000,0.31854041514041515
1628149825000,0.3111745358409786
1628149855000,0.31518383362068964
1628149885000,0.31261010902906616
1628149915000,0.3155041229077581
1628149945000,0.3126476376767056
1628149975000,0.3242814726060606
1628150005000,0.3144635622018349
1628150035000,0.31041047230583985
1628150065000,0.3164131010487353
1628150095000,0.3132229206515059
1628150125000,0.3120990649166152
1628150155000,0.3121640392048929
1628150185000,0.3163001450061652
1628150215000,0.3174703726380368
1628150245000,0.31070418402439026
1628150275000,0.31384192134969324
1628150305000,0.3130380935242839
1628150335000,0.31231765941853423
1628150365000,0.3127963987722529
1628150395000,0.3141953423615338
1628150425000,0.3157462449230769
1628150455000,0.31368649575123153
1628150485000,0.3204251776621787
1628150515000,0.3170487534556575
1628150545000,0.3136387010810811
1628150575000,0.31860799677026197
1628150605000,0.3131055624381188
1628150635000,0.31167520905198776
1628150665000,0.31140253308504035
1628150695000,0.31400554592089003
1628150725000,0.3156394811227637
1628150755000,0.3137428205318491
1628150785000,0.3149259541133455
1628150815000,0.3127558800370828
1628150845000,0.3162277163855421
1628150875000,0.3123665516148689
1628150905000,0.3124243616004963
1628150935000,0.3115710651234568
1628150965000,0.31449020727383864
1628150995000,0.31837674034546576
1628151025000,0.3169052317441159
1628151055000,0.3191455334570192
1628151085000,0.3120392391304348
1628151115000,0.31649158339416056
1628151145000,0.3167603553191489
1628151175000,0.3135916753685504
1628151205000,0.3175703965346535
1628151235000,0.31412527076167074
1628151265000,0.3126877870748299
1628151295000,0.3115195850151057
1628151325000,0.3171814479679803
1628151355000,0.3191150960653753
1628151385000,0.3182291623550946
1628151415000,0.3081217953125
1628151445000,0.3114966901589242
1628151475000,0.319367920135468
1628151505000,0.3145074159297396
1628151535000,0.31336027257383964
1628151565000,0.3168402649546828
1628151595000,0.3160889228254164
1628151625000,0.3127604434008594
1628151655000,0.314090928119294
1628151685000,0.3121679467451953
1628151715000,0.3094917841691843
1628151745000,0.3121847907758094
1628151775000,0.3209461966504263
1628151805000,0.3124592513983841
1628151835000,0.3111156872891566
1628151865000,0.31751504940957115
1628151895000,0.31779234539800993
1628151925000,0.32093782964793083
1628151955000,0.3121269209401709
1628151985000,0.3097087067114094
1628152015000,0.3140750837408313
1628152045000,0.3128975738213399
1628152075000,0.3168531181268882
1628152105000,0.3122471043504902
1628152135000,0.3158819073095823
1628152165000,0.31104925661764704
1628152195000,0.3122607211992732
1628152225000,0.3199579803278689
1628152255000,0.3153664627547869
1628152285000,0.31578043673218675
1628152315000,0.3119503584359606
1628152345000,0.3126609935365854
1628152375000,0.3152691367745877
1628152405000,0.3121622311536089
1628152435000,0.31383126042314874
1628152465000,0.3148490067032297
1628152495000,0.3116761949610078
1628152525000,0.31470873066502464
1628152555000,0.3149887592936803
1628152585000,0.31343162259644824
1628152615000,0.3147829376856436
1628152645000,0.31243072900061314
1628152675000,0.3165549402855369
1628152705000,0.3115985071209331
1628152735000,0.31622193367781154
1628152765000,0.3076582387853277
1628152795000,0.31155272964329644
1628152825000,0.3161322423362176
1628152855000,0.3184357756379101
1628152885000,0.31710194534238123
1628152915000,0.31495891892222905
1628152945000,0.31172274266337857
1628152975000,0.3152638001811594
1628153005000,0.3172416623853211
1628153035000,0.31272072567811937
1628153065000,0.3166140306699447
1628153095000,0.3150605856366928
1628153125000,0.3135305975772259
1628153155000,0.3156943968
1628153185000,0.3106083722592368
1628153215000,0.3125455340881273
1628153245000,0.3131332092260062
1628153275000,0.31267137971552256
1628153305000,0.3137269495055624
1628153335000,0.3111313664
1628153365000,0.3106181281114551
1628153395000,0.3162914966830467
1628153425000,0.3169829502469136
1628153455000,0.3144040563914373
1628153485000,0.3202473210265925
1628153515000,0.30777727395264115
1628153545000,0.3173466407047388
1628153575000,0.3151970244772448
1628153605000,0.3130567077111383
1628153635000,0.31409092043929226
1628153665000,0.31812635150030616
1628153695000,0.31458384306748466
1628153725000,0.31624477151702785
1628153755000,0.3107382690227413
1628153785000,0.31264877180428136
1628153815000,0.3147311245476478
1628153845000,0.3201456840247678
1628153875000,0.3108910712345679
1628153905000,0.3142718058146578
1628153935000,0.31807181266829865
1628153965000,0.3184870614622057
1628153995000,0.3152274385826772
1628154025000,0.31543945328467154
1628154055000,0.3162530320927395
1628154085000,0.3127469222427603
1628154115000,0.3123948495384615
1628154145000,0.3109545473780488
1628154175000,0.3196988566584464
1628154205000,0.31477936611316115
1628154235000,0.3150270070121951
1628154265000,0.3128292114180479
1628154295000,0.3157063957957958
1628154325000,0.3115600680221812
1628154355000,0.3128207094001237
1628154385000,0.3129109487593052
1628154415000,0.3126875827522936
1628154445000,0.31305122872661434
1628154475000,0.3179467856608479
1628154505000,0.32044515543278085
1628154535000,0.3195785724390244
1628154565000,0.3120790233950617
1628154595000,0.3121880742095474
1628154625000,0.3129324870616687
1628154655000,0.3128878574846626
1628154685000,0.3177952612195122
1628154715000,0.31783106940160394
1628154745000,0.3179753478395061
1628154775000,0.31119789626955474
1628154805000,0.3140069903303303
1628154835000,0.3173939531683766
1628154865000,0.3116395457978076
1628154895000,0.3120525124923454
1628154925000,0.3126778286324786
1628154955000,0.3143469557063541
1628154985000,0.3122116414048059
1628155015000,0.3121584481143552
1628155045000,0.3130284860144057
1628155075000,0.3096999793776693
1628155105000,0.3165655511941213
1628155135000,0.311496112454435
1628155165000,0.31397663048555624
1628155195000,0.3166348779348494
1628155225000,0.31529055101789016
1628155255000,0.31439133016255266
1628155285000,0.31381004185185185
1628155315000,0.3227016414738124
1628155345000,0.3113349053382992
1628155375000,0.3107684323226197
1628155405000,0.317439871857756
1628155435000,0.3164869431013431
1628155465000,0.31287099152029074
1628155495000,0.31133338786231884
1628155525000,0.3172154107926829
1628155555000,0.3119626258766626
1628155585000,0.3145129914441748
1628155615000,0.3186321587076923
1628155645000,0.3107926221266134
1628155675000,0.311052050245098
1628155705000,0.3087465421865716
1628155735000,0.31074947531760433
1628155765000,0.31550987688534643
1628155795000,0.3121357248288737
1628155825000,0.3171310031657356
1628155855000,0.32066053608247425
1628155885000,0.31307113296703304
1628155915000,0.3149892627892813
1628155945000,0.3163399234939759
1628155975000,0.314366771593674
1628156005000,0.3146617199519231
1628156035000,0.3189820507444169
1628156065000,0.3164594508338481
1628156095000,0.31213957209443105
1628156125000,0.3141805287721441
1628156155000,0.31510631066584466
1628156185000,0.3144553962825279
1628156215000,0.31426691359163594
1628156245000,0.3135324880706026
1628156275000,0.31319545707257074
1628156305000,0.31400936115960104
1628156335000,0.3215302015547264
1628156365000,0.3131480907739938
1628156395000,0.3152121705772812
1628156425000,0.3116276575325481
1628156455000,0.3116696633168927
1628156485000,0.31760815129789866
1628156515000,0.3148178431076179
1628156545000,0.3109232372788285
1628156575000,0.31707092958257715
1628156605000,0.3258144912938331
1628156635000,0.3114391764017252
1628156665000,0.31254780628019324
1628156695000,0.31636505076734195
1628156725000,0.3127242237775061
1628156755000,0.3129278243753809
1628156785000,0.3134011198431846
1628156815000,0.3191598811576355
1628156845000,0.3114715496664645
1628156875000,0.3146453298406863
1628156905000,0.3186231017188459
1628156935000,0.3120008488456865
1628156965000,0.3110884783169533
1628156995000,0.3133539147560976
1628157025000,0.3180244042708969
1628157055000,0.3159400761314321
1628157085000,0.3159482672253259
1628157115000,0.31215409194547705
1628157145000,0.3145016884496603
1628157175000,0.3128100936662607
1628157205000,0.3109807721680877
1628157235000,0.3111833826486818
1628157265000,0.3182479493570116
1628157295000,0.3168403835649547
1628157325000,0.3123842942787584
1628157355000,0.3166107111318408
1628157385000,0.3109508375612745
1628157415000,0.3161034046979866
1628157445000,0.3155949566484517
1628157475000,0.3149677098290598
1628157505000,0.31359045191722457
1628157535000,0.31213723819612593
1628157565000,0.31139329342665856
1628157595000,0.31212455015253204
1628157625000,0.3187429297846154
1628157655000,0.3162026262454435
1628157685000,0.3237030193548387
1628157715000,0.31225575236363634
1628157745000,0.31285691790953546
1628157775000,0.3117985333333333
1628157805000,0.3180366878973105
1628157835000,0.31251395590062114
1628157865000,0.311891118930547
1628157895000,0.31677970361445784
1628157925000,0.316534933871933
1628157955000,0.31534737046979866
1628157985000,0.31514820012135925
1628158015000,0.3206349149079755
1628158045000,0.3119492075288403
1628158075000,0.31115457518610423
1628158105000,0.3154310285276073
1628158135000,0.3190533556923077
1628158165000,0.31636359759615384
1628158195000,0.3158384705590062
1628158225000,0.31078597451219514
1628158255000,0.3131505825183374
1628158285000,0.30974503139178416
1628158315000,0.31052964202094885
1628158345000,0.3167156322897483
1628158375000,0.3129433198520345
1628158405000,0.31073809630973986
1628158435000,0.3121399474691358
1628158465000,0.3116896672738312
1628158495000,0.3133825477777778
1628158525000,0.31641557311960544
1628158555000,0.31213759691358023
1628158585000,0.314220543776824
1628158615000,0.31235769423434595
1628158645000,0.3098417836243227
1628158675000,0.3114388507730365
1628158705000,0.3199937493887531
1628158735000,0.3118058125543816
1628158765000,0.3141053421865349
1628158795000,0.3125304465728274
1628158825000,0.31669058685185186
1628158855000,0.3153021167601246
1628158885000,0.31229935432250155
1628158915000,0.3112341443286327
1628158945000,0.31571103469894474
1628158975000,0.3113967110490379
1628159005000,0.3137285672873991
1628159035000,0.3168303202578269
1628159065000,0.3124128384284837
1628159095000,0.3135306383636364
1628159125000,0.31813981423290205
1628159155000,0.31112202713846154
1628159185000,0.31594286946983546
1628159215000,0.3130141855036855
1628159245000,0.31186705605875154
1628159275000,0.31198788280487805
1628159305000,0.3180963384
1628159335000,0.3161900845592705
1628159365000,0.3187078055755396
1628159395000,0.3123308890427453
1628159425000,0.31349165501792114
1628159455000,0.3183939355076923
1628159485000,0.3215602250922509
1628159515000,0.3173202060773481
1628159545000,0.31581074164115125
1628159575000,0.3179167468653011
1628159605000,0.31916873345794394
1628159635000,0.31544484625307123
1628159665000,0.3129187891411043
1628159695000,0.31391852093446604
1628159725000,0.3144224556632344
1628159755000,0.31195501038557216
1628159785000,0.3121004510677242
1628159815000,0.3123012283030303
1628159845000,0.3122203279802347
1628159875000,0.3153235329260843
1628159905000,0.3128908357230392
1628159935000,0.31471736443488946
1628159965000,0.3180989371253823
1628159995000,0.3126301650306749
1628160025000,0.3103039087378641
1628160055000,0.3127320423564955
1628160085000,0.31065227446808513
1628160115000,0.31072917497005986
1628160145000,0.32075044308841844
1628160175000,0.3169888739641311
1628160205000,0.3109942965282083
1628160235000,0.31354957037037035
1628160265000,0.3106864104256632
1628160295000,0.31794041280298324
1628160325000,0.32078728946716234
1628160355000,0.3145985058210785
1628160385000,0.3111749288321168
1628160415000,0.31325140164333537
1628160445000,0.31576992195423625
1628160475000,0.3161529884591774
1628160505000,0.3111382822018349
1628160535000,0.31214694398289555
1628160565000,0.3124614258873929
1628160595000,0.3132065373060211
1628160625000,0.3174035828115408
1628160655000,0.31617124196923074
1628160685000,0.3152662727878788
1628160715000,0.3161444119852489
1628160745000,0.3156153157572042
1628160775000,0.3131764523199023
1628160805000,0.3136643925061425
1628160835000,0.3109581571601941
1628160865000,0.31740806699386503
1628160895000,0.31339420787545785
1628160925000,0.3165259366526695
1628160955000,0.31123986055321706
1628160985000,0.3115837965412621
1628161015000,0.311415787012987
1628161045000,0.31385162646341463
1628161075000,0.31943058185185186
1628161105000,0.3188947061919505
1628161135000,0.3102362737163814
1628161165000,0.31598293449116394
1628161195000,0.3087305741147741
1628161225000,0.31917707963076924
1628161255000,0.3187035012048193
1628161285000,0.3126801288343558
1628161315000,0.3137398756007393
1628161345000,0.3172387430844553
1628161375000,0.317829895551493
1628161405000,0.3131963190680564
1628161435000,0.3163909858199753
1628161465000,0.31209894595588233
1628161495000,0.31533600823095825
1628161525000,0.31801582430133657
1628161555000,0.3128752790726053
1628161585000,0.3124940194257789
1628161615000,0.3161311176687117
1628161645000,0.3144049174757281
1628161675000,0.312723409491733
1628161705000,0.31034124348355663
1628161735000,0.3164635993842365
1628161765000,0.3171529594577942
1628161795000,0.31996822998137797
1628161825000,0.3190804221402214
1628161855000,0.3133187383706468
1628161885000,0.31779202728948985
1628161915000,0.3167474612727273
1628161945000,0.3137412035185185
1628161975000,0.31240292213366033
1628162005000,0.3150340284126004
1628162035000,0.31850801766826925
1628162065000,0.3160730720542875
1628162095000,0.31180721561181435
1628162125000,0.3116352244661379
1628162155000,0.3106500553855569
1628162185000,0.3174079728054021
1628162215000,0.3126914665243902
1628162245000,0.3099792565512979
1628162275000,0.3136147153940887
1628162305000,0.3169646959805116
1628162335000,0.3116405733910891
1628162365000,0.31547459280442797
1628162395000,0.31437395304615384
1628162425000,0.3162753619804401
1628162455000,0.3131275435323383
1628162485000,0.31369614378478666
1628162515000,0.3175493689548547
1628162545000,0.31856734885590604
1628162575000,0.3178920120024495
1628162605000,0.31841965568459657
1628162635000,0.31676238150217256
1628162665000,0.32154131068560843
1628162695000,0.3133251802339901
1628162725000,0.3143105622641509
1628162755000,0.31210649249542405
1628162785000,0.3203890080296479
1628162815000,0.3125406184113301
1628162845000,0.3122776673255096
1628162875000,0.3164766194884288
1628162905000,0.3169519096464949
1628162935000,0.3142352288332315
1628162965000,0.3111317482360097
1628162995000,0.3184808537654321
1628163025000,0.3167337071776156
1628163055000,0.3176260055147059
1628163085000,0.3135874127294981
1628163115000,0.31204458010982306
1628163145000,0.3131944015834348
1628163175000,0.3109591843596059
1628163205000,0.31675964799270073
1628163235000,0.314516349847468
1628163265000,0.3180137176506765
1628163295000,0.3107853146840149
1628163325000,0.3228562837082067
1628163355000,0.312325563980464
1628163385000,0.3144435537160121
1628163415000,0.311658254978355
1628163445000,0.31501745099099104
1628163475000,0.3147635280940594
1628163505000,0.31187316062111803
1628163535000,0.31624109146039603
1628163565000,0.3147228884591774
1628163595000,0.31184603790769233
1628163625000,0.3188650924607961
1628163655000,0.3183777750464396
1628163685000,0.3193977207107843
1628163715000,0.316558975399754
1628163745000,0.31161858450184504
1628163775000,0.3162911745668317
1628163805000,0.3100334401719902
1628163835000,0.3121788600246003
1628163865000,0.320379126426799
1628163895000,0.3157053684145589
1628163925000,0.31290403217125384
1628163955000,0.3118645836585366
1628163985000,0.32075917953288263
1628164015000,0.31164675321782176
1628164045000,0.3176549023550725
1628164075000,0.3117882178132678
1628164105000,0.32419755681957185
1628164135000,0.31117717743309004
1628164165000,0.31927402478368355
1628164195000,0.3171114193090685
1628164225000,0.3115301531055901
1628164255000,0.3146858854789506
1628164285000,0.3176070133170434
1628164315000,0.3189736927261614
1628164345000,0.3146746581795818
1628164375000,0.32158115281517746
1628164405000,0.3138561158282209
1628164435000,0.3105672271785497
1628164465000,0.3167744546116505
1628164495000,0.31105592292954265
1628164525000,0.3175995513381995
1628164555000,0.3170204493827161
1628164585000,0.31273673256797585
1628164615000,0.31411917626168223
1628164645000,0.3139681456774985
1628164675000,0.31688707940630795
1628164705000,0.31169131233211234
1628164735000,0.3111864203058104
1628164765000,0.31028991356968216
1628164795000,0.3175027930806257
1628164825000,0.3180462136752137
1628164855000,0.3128825529772867
1628164885000,0.3108783056466302
1628164915000,0.3203513324406573
1628164945000,0.3110611992718447
1628164975000,0.31993639270573565
1628165005000,0.3108044780940594
1628165035000,0.3130770376068376
1628165065000,0.31172233197781885
1628165095000,0.3142262986419753
1628165125000,0.3115877107843137
1628165155000,0.3126296038793103
1628165185000,0.3175342654489164
1628165215000,0.3147552301977232
1628165245000,0.3137541901780233
1628165275000,0.31710110067567565
1628165305000,0.3124710866501854
1628165335000,0.3131321731169626
1628165365000,0.3121627565112053
1628165395000,0.31699336713500303
1628165425000,0.3142616287356322
1628165455000,0.3156301011049724
1628165485000,0.31845095797453
1628165515000,0.3132840460583489
1628165545000,0.32047889282648684
1628165575000,0.3198358309523809
1628165605000,0.3182462164124466
1628165635000,0.31141204865030675
1628165665000,0.3185291143990238
1628165695000,0.31289196952554743
1628165725000,0.31305799738442824
1628165755000,0.3201851325939618
1628165785000,0.31212544068838355
1628165815000,0.31510959901599017
1628165845000,0.3153625956683168
1628165875000,0.3153577711042945
1628165905000,0.3146431911290323
1628165935000,0.31378235890998163
1628165965000,0.30960925566265063
1628165995000,0.3104028794621027
1628166025000,0.3100892253694581
1628166055000,0.31281879712538224
1628166085000,0.3135343976117575
1628166115000,0.31460513511543137
1628166145000,0.3118370204169221
1628166175000,0.3093945597449909
1628166205000,0.3165579750769231
1628166235000,0.31233143302808297
1628166265000,0.3178578658188585
1628166295000,0.3131443791008505
1628166325000,0.31389008514851485
1628166355000,0.3116144853960396
1628166385000,0.3137576888009738
1628166415000,0.3164747762660159
1628166445000,0.3173886991473812
1628166475000,0.314919222094431
1628166505000,0.3090297854229154
1628166535000,0.32052146145768995
1628166565000,0.3194959353799392
1628166595000,0.3124051083941606
1628166625000,0.3166025312652068
1628166655000,0.31578912635514017
1628166685000,0.3114306345701917
1628166715000,0.3158408224877451
1628166745000,0.31556719095873786
1628166775000,0.31441287106842736
1628166805000,0.3124079901364764
1628166835000,0.3133469514563107
1628166865000,0.3139176135839903
1628166895000,0.31178414987714986
1628166925000,0.3090796069336521
1628166955000,0.31447756998180715
1628166985000,0.31622820625
1628167015000,0.3129883185342217
1628167045000,0.3152914755692308
1628167075000,0.3163328238182934
1628167105000,0.31777158262476896
1628167135000,0.3128054298001212
1628167165000,0.3158101287391842
1628167195000,0.3147537645141452
1628167225000,0.313193334224924
1628167255000,0.3126900986706949
1628167285000,0.3177843006785935
1628167315000,0.3132510307930607
1628167345000,0.32018877374613003
1628167375000,0.3169584171779141
1628167405000,0.3125888316486161
1628167435000,0.3147257821384425
1628167465000,0.3152734518382353
1628167495000,0.31707283702359346
1628167525000,0.3140266026235509
1628167555000,0.3169024996294009
1628167585000,0.3160203270667483
1628167615000,0.3206091521472393
1628167645000,0.3204685587809294
1628167675000,0.3175755680322781
1628167705000,0.3167982635859519
1628167735000,0.3104060619538835
1628167765000,0.31067737859346084
1628167795000,0.31330487188070605
1628167825000,0.3129608237018937
1628167855000,0.3142554458128079
1628167885000,0.318149366
1628167915000,0.3164405985767327
1628167945000,0.3198953354584092
1628167975000,0.30932045849172285
1628168005000,0.31773719851301113
1628168035000,0.3164096418037782
1628168065000,0.31399392595281306
1628168095000,0.3181140322897483
1628168125000,0.3181148244186047
1628168155000,0.3170530358062538
1628168185000,0.3175381245614035
1628168215000,0.3114031060036386
1628168245000,0.3125962855751674
1628168275000,0.3193855521109771
1628168305000,0.31716769164634145
1628168335000,0.31191954250451537
1628168365000,0.3178060828358209
1628168395000,0.31092498236729715
1628168425000,0.3136631918278228
1628168455000,0.32022048862815883
1628168485000,0.31886659516429017
1628168515000,0.3166574448632219
1628168545000,0.3139337855995056
1628168575000,0.3143563285283474
1628168605000,0.31911586974581524
1628168635000,0.3122170530940594
1628168665000,0.311428424102252
1628168695000,0.31859528515389257
1628168725000,0.3137551432335329
1628168755000,0.3148905144062689
1628168785000,0.3152656761094225
1628168815000,0.3205921387057387
1628168845000,0.31406226516168395
1628168875000,0.3196698915604129
1628168905000,0.3111856665846154
1628168935000,0.31983025127737225
1628168965000,0.3133931227493917
1628168995000,0.3163191213144963
1628169025000,0.31627002684144817
1628169055000,0.3167593696210269
1628169085000,0.3125017530574429
1628169115000,0.3135015273520249
1628169145000,0.2483256138186305
1628169175000,0.3133613358708892
1628169205000,0.3127928494328358
1628169235000,0.3167848982958004
1628169265000,0.31264005963190183
1628169295000,0.3184376486552567
1628169325000,0.31239564514948137
1628169355000,0.3157878801611903
1628169385000,0.31631187892512075
1628169415000,0.3130521564923077
1628169445000,0.3163650522560976
1628169475000,0.31202762110036275
1628169505000,0.3119745636588381
1628169535000,0.3134204155236908
1628169565000,0.31470709306322897
1628169595000,0.31731530583488515
1628169625000,0.3121061146401985
1628169655000,0.31221565518723143
1628169685000,0.31724837745341616
1628169715000,0.3125985662439614
1628169745000,0.3156357348837209
1628169775000,0.3172378349598517
1628169805000,0.313733067965368
1628169835000,0.31408825600247525
1628169865000,0.3124084688585608
1628169895000,0.31686517861942576
1628169925000,0.32127282380657163
1628169955000,0.31260574040715605
1628169985000,0.3198510819975339
1628170015000,0.32027161857490866
1628170045000,0.31850652941896024
1628170075000,0.3165057311585366
1628170105000,0.31312245161486896
1628170135000,0.3112188090149254
1628170165000,0.31587678552631576
1628170195000,0.3104163760519802
1628170225000,0.3133341172413793
1628170255000,0.3150493134782609
1628170285000,0.31590135542168674
1628170315000,0.32185004322981364
1628170345000,0.3178734734394125
1628170375000,0.3129419513230769
1628170405000,0.3164095260762608
1628170435000,0.31598594676524955
1628170465000,0.3097416943577431
1628170495000,0.3164893850030358
1628170525000,0.31699624077729804
1628170555000,0.3178177301655426
1628170585000,0.313656288289393
1628170615000,0.3167580810018326
1628170645000,0.3447238078144078
1628170675000,0.3192188099203919
1628170705000,0.3173801436788496
1628170735000,0.3128336101903008
1628170765000,0.3158156989551321
1628170795000,0.31290805988977344
1628170825000,0.3175675923879681
1628170855000,0.31365463067901234
1628170885000,0.3151623686813187
1628170915000,0.3161240293792256
1628170945000,0.3165784517813268
1628170975000,0.3159386316573557
1628171005000,0.31748044873846154
1628171035000,0.3123433296703297
1628171065000,0.31642204664224666
1628171095000,0.3115457551132884
1628171125000,0.3196218586568084
1628171155000,0.3180037356622114
1628171185000,0.3114873247129909
1628171215000,0.3149204886336155
1628171245000,0.3252874548561151
1628171275000,0.313409885382263
1628171305000,0.3166376586851629
1628171335000,0.3215430985714286
1628171365000,0.3149872493954051
1628171395000,0.32034018048929663
1628171425000,0.3111459347026364
1628171455000,0.3117080380290205
1628171485000,0.3216189542467452
1628171515000,0.3149260152133581
1628171545000,0.3184085811771919
1628171575000,0.31373260920321183
1628171605000,0.3135422998148148
1628171635000,0.31294086104938273
1628171665000,0.3135721881861575
1628171695000,0.3117378380360472
1628171725000,0.31956836001221
1628171755000,0.31784272125225765
1628171785000,0.317994051372315
1628171815000,0.3156310290461539
1628171845000,0.32037600751694395
1628171875000,0.31522374064237185
1628171905000,0.3153808299140049
1628171935000,0.3133523713667285
1628171965000,0.3168562362853629
1628171995000,0.3168258512931034
1628172025000,0.30827372333942715
1628172055000,0.31217452219497244
1628172085000,0.3126570255828221
1628172115000,0.3175796529813665
1628172145000,0.31252365937694704
1628172175000,0.3149082058681186
1628172205000,0.3145849282367448
1628172235000,0.3166661222355769
1628172265000,0.320108234503632
1628172295000,0.3114184368711657
1628172325000,0.3162854550883608
1628172355000,0.3194832293284042
1628172385000,0.3187945811505508
1628172415000,0.31499569029247043
1628172445000,0.31225729042098843
1628172475000,0.3102232377198302
1628172505000,0.3174859312383323
1628172535000,0.3147612770036992
1628172565000,0.31028100151607035
1628172595000,0.31184448220338984
1628172625000,0.3172505671454219
1628172655000,0.3211814516770186
1628172685000,0.3173331452104942
1628172715000,0.3159694264920828
1628172745000,0.313058929200248
1628172775000,0.3126866550920245
1628172805000,0.3186238633498146
1628172835000,0.31530233604651164
1628172865000,0.31867633835784315
1628172895000,0.3120031374387255
1628172925000,0.3137081822808093
1628172955000,0.3132581885306881
1628172985000,0.3116766655045872
1628173015000,0.3128506907918969
1628173045000,0.31375982463325186
1628173075000,0.3172665506234414
1628173105000,0.31614714295384616
1628173135000,0.3134390244065733
1628173165000,0.32004662371638143
1628173195000,0.3147236187804878
1628173225000,0.3121798859413203
1628173255000,0.3169398210461539
1628173285000,0.3128108485992692
1628173315000,0.32105290573671497
1628173345000,0.3130433921846154
1628173375000,0.31767487710018666
1628173405000,0.31773426831377394
1628173435000,0.3163456150091519
1628173465000,0.3117801995684341
1628173495000,0.31315584378843786
1628173525000,0.3135038842813456
1628173555000,0.3124614186377709
1628173585000,0.31118784018461537
1628173615000,0.3178154466505733
1628173645000,0.3152153513922518
1628173675000,0.3155257610767327
1628173705000,0.31158177980356044
1628173735000,0.3142940351817622
1628173765000,0.31631933288753805
1628173795000,0.3156666226993865
1628173825000,0.31610231932098765
1628173855000,0.3181159809729064
1628173885000,0.3135936983208955
1628173915000,0.31859219538461536
1628173945000,0.3137941841713221
1628173975000,0.31357935860805863
1628174005000,0.31219104028950545
1628174035000,0.3163003575107296
1628174065000,0.31616755317313616
1628174095000,0.31409344147239265
1628174125000,0.3112144237226277
1628174155000,0.3230928318377382
1628174185000,0.31578938016019714
1628174215000,0.32241948340503995
1628174245000,0.3186527151589242
1628174275000,0.3170458778992107
1628174305000,0.3134992701363073
1628174335000,0.3173044895220588
1628174365000,0.31746876556776554
1628174395000,0.3168560883273165
1628174425000,0.3201887152214597
1628174455000,0.3166551880908533
1628174485000,0.3138360802332719
1628174515000,0.31190766219660193
1628174545000,0.31310575229638704
1628174575000,0.3192355919053549
1628174605000,0.31170461211009176
1628174635000,0.3111691841191067
1628174665000,0.3132453099692308
1628174695000,0.3159502493482309
1628174725000,0.3129907157830591
1628174755000,0.3139445317538462
1628174785000,0.3126142826245443
1628174815000,0.3117985552321981
1628174845000,0.3123712470588235
1628174875000,0.3174022824324325
1628174905000,0.31203520229244114
1628174935000,0.3138141899154589
1628174965000,0.31724006007439554
1628174995000,0.31202048858895703
1628175025000,0.311626071997549
1628175055000,0.3216725541666667
1628175085000,0.3170141814153846
1628175115000,0.3121164858903265
1628175145000,0.3124944736352357
1628175175000,0.3148768364298725
1628175205000,0.3143578269860521
1628175235000,0.3163487760391198
1628175265000,0.3191584602307225
1628175295000,0.31648336284119105
1628175325000,0.3135478005558987
1628175355000,0.3218589893854749
1628175385000,0.3194521540258144
1628175415000,0.31960248968944105
1628175445000,0.3106939151219512
1628175475000,0.3162412346344486
1628175505000,0.3127824330073349
1628175535000,0.3118182015970516
1628175565000,0.3129083063118812
1628175595000,0.3117587269041769
1628175625000,0.3165343373079287
1628175655000,0.3148468686924494
1628175685000,0.2631697530172414
1628175715000,0.3126089824539877
1628175745000,0.3169898539292141
1628175775000,0.3080172756773028
1628175805000,0.31735514820231564
1628175835000,0.31161867100186685
1628175865000,0.31209650842490844
1628175895000,0.31253307703289884
1628175925000,0.31302479203703704
1628175955000,0.3224026638922889
1628175985000,0.31247459130966954
1628176015000,0.3150115391224863
1628176045000,0.31461856494464946
1628176075000,0.3146037978619426
1628176105000,0.3161142822808093
1628176135000,0.3200320625461255
1628176165000,0.3104446541923551
1628176195000,0.3115990129527317
1628176225000,0.3184100996975197
1628176255000,0.3111886013488657
1628176285000,0.3212983287569573
1628176315000,0.3155928416512631
1628176345000,0.31586548299817185
1628176375000,0.3164275798636927
1628176405000,0.3138337319781553
1628176435000,0.3120170396168109
1628176465000,0.31874513310893515
1628176495000,0.3132750911235257
1628176525000,0.3160601763822116
1628176555000,0.31352723463619964
1628176585000,0.3117064074344912
1628176615000,0.3233117153799392
1628176645000,0.3123743898897059
1628176675000,0.3118404203316953
1628176705000,0.3131232897230769
1628176735000,0.31129040797280594
1628176765000,0.3119339891033624
1628176795000,0.30777404309190504
1628176825000,0.3098498889499389
1628176855000,0.31209102433090025
1628176885000,0.3122927676799007
1628176915000,0.31524960858369105
1628176945000,0.318083264640884
1628176975000,0.31721693776693105
1628177005000,0.3151916149474985
1628177035000,0.3168916750154607
1628177065000,0.3105356755089451
1628177095000,0.3124576652041438
1628177125000,0.31619211292682925
1628177155000,0.3171618636474908
1628177185000,0.3130442868852459
1628177215000,0.32093089450956197
1628177245000,0.31399678075288395
1628177275000,0.31253198344532684
1628177305000,0.31702608489519113
1628177335000,0.3124254868952848
1628177365000,0.3111108040293039
1628177395000,0.3102220779754601
1628177425000,0.3127977350791717
1628177455000,0.3117790614860681
1628177485000,0.3106148515911873
1628177515000,0.3145503412591687
1628177545000,0.3209218765957447
1628177575000,0.31224076108404386
1628177605000,0.31140685505205146
1628177635000,0.31732381940207444
1628177665000,0.31516469363804817
1628177695000,0.3141473737816163
1628177725000,0.31622988508014804
1628177755000,0.3119701973258707
1628177785000,0.3131084068669528
1628177815000,0.31540902518292685
1628177845000,0.3154984093137255
1628177875000,0.31158259662650606
1628177905000,0.3145182106004902
1628177935000,0.3218166927394753
1628177965000,0.3174508315276933
1628177995000,0.31276322544670365
1628178025000,0.3225182149567367
1628178055000,0.3139301562310031
1628178085000,0.31817704458483753
1628178115000,0.31679713321055863
1628178145000,0.31736522496909764
1628178175000,0.3171260919266055
1628178205000,0.31730217247820675
1628178235000,0.3127166946821516
1628178265000,0.3177648074507389
1628178295000,0.3192331042253521
1628178325000,0.3173996772397095
1628178355000,0.3124231388957817
1628178385000,0.31716343335373315
1628178415000,0.31246874348355663
1628178445000,0.3157818041666667
1628178475000,0.3134312657601977
1628178505000,0.31518569221813725
1628178535000,0.3176381193627451
1628178565000,0.3148514001223241
1628178595000,0.31715087289890376
1628178625000,0.3160683397420148
1628178655000,0.3133203035582822
1628178685000,0.31491363505217923
1628178715000,0.3106614641370869
1628178745000,0.3136088874617737
1628178775000,0.3158865299632353
1628178805000,0.3112256350705089
1628178835000,0.3188248887176325
1628178865000,0.3137430289650949
1628178895000,0.32077123472906405
1628178925000,0.31694577144638403
1628178955000,0.3111875888141809
1628178985000,0.3180464079926785
1628179015000,0.3124969158216249
1628179045000,0.3169858193726937
1628179075000,0.31531651900369
1628179105000,0.3159184751065125
1628179135000,0.3191411897067998
1628179165000,0.311344176908867
1628179195000,0.31240282232529376
1628179225000,0.3168808663980161
1628179255000,0.3184644022547227
1628179285000,0.3196302321537523
1628179315000,0.3146249603960396
1628179345000,0.31422204250764524
1628179375000,0.3171394467404674
1628179405000,0.31545471462962965
1628179435000,0.3159366927623643
1628179465000,0.31710748216249235
1628179495000,0.3158160556713673
1628179525000,0.3192755681763285
1628179555000,0.3140768818238213
1628179585000,0.31303534133906635
1628179615000,0.31570116451418223
1628179645000,0.31365223658980584
1628179675000,0.3123810558312655
1628179705000,0.31717478962962964
1628179735000,0.3139025391437309
1628179765000,0.3124191711042945
1628179795000,0.3167053521152667
1628179825000,0.3193636680955297
1628179855000,0.31068683661202184
1628179885000,0.32140301014580797
1628179915000,0.31682805734567904
1628179945000,0.3175725225153374
1628179975000,0.3154204909369259
1628180005000,0.3116202039417829
1628180035000,0.3121949414604707
1628180065000,0.3182891028313253
1628180095000,0.3147545691476591
1628180125000,0.315267060585723
1628180155000,0.3145856268173488
1628180185000,0.3117967735872236
1628180215000,0.3176329325980392
1628180245000,0.31264406045934195
1628180275000,0.3124296150517977
1628180305000,0.3126111547852761
1628180335000,0.3187710595784253
1628180365000,0.312000151505839
1628180395000,0.3112895565910485
1628180425000,0.3122933912990196
1628180455000,0.3185252181762918
1628180485000,0.3131737018656716
1628180515000,0.3214769845641646
1628180545000,0.3131354618292683
1628180575000,0.3179275354368932
1628180605000,0.31684631305674194
1628180635000,0.3123815873923739
1628180665000,0.3134096795027289
1628180695000,0.31179812696560194
1628180725000,0.3104933393662401
1628180755000,0.31153840301386376
1628180785000,0.31200860569659444
1628180815000,0.3148449183159189
1628180845000,0.3173746990285367
1628180875000,0.3123382298534799
1628180905000,0.3152842913095957
1628180935000,0.31628256573511543
1628180965000,0.311531709781288
1628180995000,0.3143403400247832
1628181025000,0.315145284194342
1628181055000,0.3191325036764706
1628181085000,0.3116650112407862
1628181115000,0.3168461918292683
1628181145000,0.3163744016383495
1628181175000,0.3133851341911765
1628181205000,0.31612453380109823
1628181235000,0.3184684880587875
1628181265000,0.31618695555555554
1628181295000,0.3195538863414634
1628181325000,0.3117896692167577
1628181355000,0.3114017358895705
1628181385000,0.3166518614729154
1628181415000,0.3137335275274056
1628181445000,0.3177027281230769
1628181475000,0.3119956661339889
1628181505000,0.311531423228589
1628181535000,0.3131410679635258
1628181565000,0.3141561649390244
1628181595000,0.3194050605739239
1628181625000,0.3167130623915737
1628181655000,0.3120007246465888
1628181685000,0.31695485064615386
1628181715000,0.314929265457898
1628181745000,0.317514321978022
1628181775000,0.3162242232098765
1628181805000,0.3176033620198265
1628181835000,0.3117860534398034
1628181865000,0.31252330754138563
1628181895000,0.31198366160337554
1628181925000,0.3177343264508247
1628181955000,0.3117080939580765
1628181985000,0.31371229951130114
1628182015000,0.3112780103004292
1628182045000,0.31374969612068965
1628182075000,0.31645163345701915
1628182105000,0.3126224743152769
1628182135000,0.3123075715070165
1628182165000,0.31055234838513107
1628182195000,0.3155654407107232
1628182225000,0.314908090567201
1628182255000,0.31213878
1628182285000,0.31293399963636365
1628182315000,0.3122793887332521
1628182345000,0.31419680847044484
1628182375000,0.3175776965290245
1628182405000,0.31103872501510577
1628182435000,0.3113571312842361
1628182465000,0.3138916137847642
1628182495000,0.3190679476997579
1628182525000,0.3139096371134021
1628182555000,0.31050368440145104
1628182585000,0.3164787636752137
1628182615000,0.318141586911315
1628182645000,0.31299400202205885
1628182675000,0.3165349803039514
1628182705000,0.319183848578492
1628182735000,0.31828549549104385
1628182765000,0.3162386142424242
1628182795000,0.3127438705525197
1628182825000,0.3116490148557397
1628182855000,0.3120114051108374
1628182885000,0.3122129281987578
1628182915000,0.3172210239358421
1628182945000,0.3132476082876295
1628182975000,0.3105243156596794
1628183005000,0.31681024262195123
1628183035000,0.3123486065379826
1628183065000,0.31698552503067484
1628183095000,0.3122744641754169
1628183125000,0.3120536461726883
1628183155000,0.3164183590541381
1628183185000,0.3138660906501548
1628183215000,0.3199603604409063
1628183245000,0.3110178333333333
1628183275000,0.3194241738594328
1628183305000,0.3189872916976456
1628183335000,0.3118282671541743
1628183365000,0.30929556831804284
1628183395000,0.3141955826923077
1628183425000,0.3112750902424242
1628183455000,0.3172444088528678
1628183485000,0.3121479664206642
1628183515000,0.3180971077112893
1628183545000,0.3150927887409201
1628183575000,0.31719167095209216
1628183605000,0.3151454331937799
1628183635000,0.31690769126984125
1628183665000,0.3108234788732394
1628183695000,0.3163739282287823
1628183725000,0.3169079342769231
1628183755000,0.32160438174554395
1628183785000,0.3096849009756097
1628183815000,0.3160697753056235
1628183845000,0.3105077372759857
1628183875000,0.3186273005531653
1628183905000,0.3137800804493018
1628183935000,0.3211616983606557
1628183965000,0.3163635042566317
1628183995000,0.3150176094269871
1628184025000,0.3140710617216117
1628184055000,0.31062189642431465
1628184085000,0.3134741374922792
1628184115000,0.31496157891825444
1628184145000,0.3162600133824432
1628184175000,0.3146152775397797
1628184205000,0.31719455872235874
1628184235000,0.31056677269957345
1628184265000,0.3157293468711657
1628184295000,0.3144743906723198
1628184325000,0.3124746759248029
1628184355000,0.3152931756658596
1628184385000,0.3100811571782178
1628184415000,0.3131863681345566
1628184445000,0.3136724866908651
1628184475000,0.3170948128834356
1628184505000,0.31901085392638034
1628184535000,0.3111241084987593
1628184565000,0.3170022529305136
1628184595000,0.3192115513956311
1628184625000,0.3146405865898058
1628184655000,0.3107377174390244
1628184685000,0.31150256140024785
1628184715000,0.3109157795868773
1628184745000,0.3179509053637485
1628184775000,0.3138391269512195
1628184805000,0.31255102561576353
1628184835000,0.31258233667285096
1628184865000,0.3199521398660986
1628184895000,0.31615621175030606
1628184925000,0.3181548057871811
1628184955000,0.3134388292892157
1628184985000,0.31202832545003106
1628185015000,0.3133137637583893
1628185045000,0.3131135193606755
1628185075000,0.3202809614250614
1628185105000,0.31307181439159976
1628185135000,0.3159420107274969
1628185165000,0.3109248899138992
1628185195000,0.3157937344362745
1628185225000,0.3127593806071871
1628185255000,0.31352702127529125
1628185285000,0.3151862624609619
1628185315000,0.3141797565163681
1628185345000,0.31235262919442763
1628185375000,0.3126976083785413
1628185405000,0.31311017587908696
1628185435000,0.3108413163502756
1628185465000,0.3179471068651276
1628185495000,0.3205552328800989
1628185525000,0.3170961241528035
1628185555000,0.3122248262111801
1628185585000,0.31594069785801715
1628185615000,0.30600340416666666
1628185645000,0.3116086411300121
1628185675000,0.318330894
1628185705000,0.3097891608562691
1628185735000,0.31579090129789866
1628185765000,0.32041594981862154
1628185795000,0.3131692229870928
1628185825000,0.3165254622930717
1628185855000,0.3123990352404139
1628185885000,0.31382084696969703
1628185915000,0.3104098321471653
1628185945000,0.3120048792073171
1628185975000,0.3122090046666667
1628186005000,0.3111557349255583
1628186035000,0.3124040102977668
1628186065000,0.31943225036674816
1628186095000,0.31102718065716056
1628186125000,0.3201354023882425
1628186155000,0.3128729159700561
1628186185000,0.317026889789604
1628186215000,0.3095096685365853
1628186245000,0.3155949024550898
1628186275000,0.31139287816162864
1628186305000,0.31599107164634144
1628186335000,0.3134164141538461
1628186365000,0.3029567232089994
1628186395000,0.3116216891990291
1628186425000,0.3114746705953097
1628186455000,0.31060685195838433
1628186485000,0.31813952565508835
1628186515000,0.31189103861689105
1628186545000,0.3138339211241507
1628186575000,0.316903901236094
1628186605000,0.3138814833742331
1628186635000,0.3114813735930736
1628186665000,0.3128389576427256
1628186695000,0.31436913263094524
1628186725000,0.3193170024645718
1628186755000,0.31065645832313343
1628186785000,0.3132075540853659
1628186815000,0.3180153160244648
1628186845000,0.3187058185829708
1628186875000,0.3137141664251208
1628186905000,0.3136762627522936
1628186935000,0.31070965439900866
1628186965000,0.312036638334354
1628186995000,0.3149538778881988
1628187025000,0.3163676304508956
1628187055000,0.31548957389162563
1628187085000,0.31157709290519875
1628187115000,0.3221789552421827
1628187145000,0.3165261252944823
1628187175000,0.3121101686621869
1628187205000,0.31515405588235296
1628187235000,0.31796996299212604
1628187265000,0.3199571118591723
1628187295000,0.3129798680292861
1628187325000,0.312750461352657
1628187355000,0.310109216306362
1628187385000,0.3175611677379481
1628187415000,0.3117791926132837
1628187445000,0.3160316945846154
1628187475000,0.31143206019417474
1628187505000,0.31202552559706065
1628187535000,0.3198558913580247
1628187565000,0.3141726245376079
1628187595000,0.3176951037677579
1628187625000,0.3159097833028641
1628187655000,0.311405566993865
1628187685000,0.3166682328313253
1628187715000,0.31024532595512433
1628187745000,0.3140617422344997
1628187775000,0.3122881781694496
1628187805000,0.3119341404228856
1628187835000,0.31122234778384944
1628187865000,0.31218488075995177
1628187895000,0.31998033271604936
1628187925000,0.3145882043451652
1628187955000,0.3105128207212714
1628187985000,0.3131738642150804
1628188015000,0.3175585064535956
1628188045000,0.3158972863274065
1628188075000,0.316621285006046
1628188105000,0.31586382180036743
1628188135000,0.31743033710379115
1628188165000,0.31818926699937616
1628188195000,0.31508179055214725
1628188225000,0.31567197046285017
1628188255000,0.31208443289801
1628188285000,0.3130490029447853
1628188315000,0.3101385524014778
1628188345000,0.2596763227355623
1628188375000,0.31095296176115805
1628188405000,0.3134516821384425
1628188435000,0.31310714127082045
1628188465000,0.3200662115408226
1628188495000,0.3135879989414695
1628188525000,0.3201805752781212
1628188555000,0.3126653527372263
1628188585000,0.31293996583737865
1628188615000,0.3120962741697417
1628188645000,0.3114026356014581
1628188675000,0.3119023430598396
1628188705000,0.3127032945163278
1628188735000,0.31483299993861263
1628188765000,0.3189887106318348
1628188795000,0.3169273637469586
1628188825000,0.3116439650092081
1628188855000,0.3169841282568807
1628188885000,0.32185896937156805
1628188915000,0.3137814934025657
1628188945000,0.32229297147201946
1628188975000,0.3156484689156627
1628189005000,0.3148926037966932
1628189035000,0.3152024711739398
1628189065000,0.315930898781231
1628189095000,0.3247474675389408
1628189125000,0.3178109770320197
1628189155000,0.3126072546244569
1628189185000,0.3152563647980711
1628189215000,0.3140079644254279
1628189245000,0.3146802378575776
1628189275000,0.31223014006079025
1628189305000,0.3164294020884521
1628189335000,0.3146252086248492
1628189365000,0.3128382182762836
1628189395000,0.3162616888406696
1628189425000,0.3171040247560976
1628189455000,0.3101852545398773
1628189485000,0.3178807857753358
1628189515000,0.3106226056755089
1628189545000,0.3193107446899939
1628189575000,0.3200988238297872
1628189605000,0.32342234435582823
1628189635000,0.3129559641681901
1628189665000,0.3131338781097561
1628189695000,0.31877855146878825
1628189725000,0.3174045692166463
1628189755000,0.31740427668711657
1628189785000,0.3126532429189858
1628189815000,0.3165841796139928
1628189845000,0.3185386281212121
1628189875000,0.31607370900678594
1628189905000,0.31179736968944105
1628189935000,0.3143771403422983
1628189965000,0.3165615923316708
1628189995000,0.3105208288238879
1628190025000,0.3117262602342787
1628190055000,0.31188702714904143
1628190085000,0.31670891777777777
1628190115000,0.3131329573719926
1628190145000,0.3216346993218249
1628190175000,0.316200981242236
1628190205000,0.3172004045399516
1628190235000,0.3111132746898263
1628190265000,0.3204866083536585
1628190295000,0.3126638726658477
1628190325000,0.3138827071995119
1628190355000,0.3119428606343284
1628190385000,0.3200986577185369
1628190415000,0.3200556945698597
1628190445000,0.3124578209401709
1628190475000,0.31656463763906056
1628190505000,0.31676365067155066
1628190535000,0.3136171441285538
1628190565000,0.31667623719806764
1628190595000,0.314740612454435
1628190625000,0.3165077835279656
1628190655000,0.3257322593576282
1628190685000,0.3178250748915065
1628190715000,0.37517474500609016
1628190745000,0.3746315284132841
1628190775000,0.3720792614918132
1628190805000,0.37580382393681655
1628190835000,0.3741178465728274
1628190865000,0.3123253131982812
1628190895000,0.3221565239480198
1628190925000,0.3186240834684966
1628190955000,0.3153000382822086
1628190985000,0.3137849358990148
1628191015000,0.3171502591774095
1628191045000,0.3113161587660354
1628191075000,0.3160313455507156
1628191105000,0.3118575508923077
1628191135000,0.314277098574969
1628191165000,0.3135864963076923
1628191195000,0.3182909985139319
1628191225000,0.3117038906307409
1628191255000,0.31233094831391783
1628191285000,0.31767523186608804
1628191315000,0.3152567101351351
1628191345000,0.3148897134355828
1628191375000,0.3121559662599146
1628191405000,0.312504258317757
1628191435000,0.3124659653200746
1628191465000,0.31615292432269715
1628191495000,0.3144135972392638
1628191525000,0.3142615258599509
1628191555000,0.3170813282648682
1628191585000,0.3171217715412621
1628191615000,0.31682989062119365
1628191645000,0.31612022855399635
1628191675000,0.3120238105101414
1628191705000,0.31533348218181817
1628191735000,0.3175718444855206
1628191765000,0.3140570083536585
1628191795000,0.3098006697191697
1628191825000,0.3096821861798431
1628191855000,0.251937397670141
1628191885000,0.3202257456482045
1628191915000,0.31697573862660944
1628191945000,0.3176202593980344
1628191975000,0.3115672318600368
1628192005000,0.31481049380368104
1628192035000,0.3114216952147239
1628192065000,0.3136528187845304
1628192095000,0.3158413353658537
1628192125000,0.31752937467968273
1628192155000,0.31636547746223564
1628192185000,0.3144756363856883
1628192215000,0.3139833293902439
1628192245000,0.3153333115977792
1628192275000,0.3123832882674772
1628192305000,0.32004318956943606
1628192335000,0.3119142465819722
1628192365000,0.3159063691925466
1628192395000,0.31823190452876376
1628192425000,0.31261967177914113
1628192455000,0.3174944488228005
1628192485000,0.31289989908536586
1628192515000,0.31668419246785057
1628192545000,0.3140981978206725
1628192575000,0.3136908741856177
1628192605000,0.3189481210720887
1628192635000,0.3123450404761905
1628192665000,0.3181099392359005
1628192695000,0.31815390120918985
1628192725000,0.32044647434008594
1628192755000,0.31316676658536585
1628192785000,0.3144804777035237
1628192815000,0.3113151559951309
1628192845000,0.3175644062048193
1628192875000,0.3139692045792079
1628192905000,0.31519108489425984
1628192935000,0.3122052171304885
1628192965000,0.3162081840121581
1628192995000,0.3117263293971411
1628193025000,0.3130615215375229
1628193055000,0.31448105438160345
1628193085000,0.3105312203931204
1628193115000,0.31182173625766874
1628193145000,0.31816595285451194
1628193175000,0.3184915514075887
1628193205000,0.31092689017693714
1628193235000,0.3077513306881587
1628193265000,0.2537836073110285
1628193295000,0.3112912865536039
1628193325000,0.3144799157142857
1628193355000,0.31587749751515154
1628193385000,0.3124489268850433
1628193415000,0.3136109965601966
1628193445000,0.312449122541234
1628193475000,0.30966274273504274
1628193505000,0.3130782166155733
1628193535000,0.3142787621654501
1628193565000,0.3188983114665057
1628193595000,0.3111446711384616
1628193625000,0.3131439555624612
1628193655000,0.31575386581508513
1628193685000,0.318765602876377
1628193715000,0.31826787297464443
1628193745000,0.31994128286229706
1628193775000,0.30997371897810216
1628193805000,0.3120743020382952
1628193835000,0.3120044834359606
1628193865000,0.31785091469512194
1628193895000,0.3135324562767912
1628193925000,0.3184759395462906
1628193955000,0.31397378149271843
1628193985000,0.31323280843520784
1628194015000,0.31159973353547604
1628194045000,0.31428078393183195
1628194075000,0.31980787443146896
1628194105000,0.3206133685219542
1628194135000,0.3125223618814905
1628194165000,0.31283997226322263
1628194195000,0.3135820004273504
1628194225000,0.312741866976456
1628194255000,0.3105321366563468
1628194285000,0.3169430878658537
1628194315000,0.31406586379731377
1628194345000,0.3165534127646703
1628194375000,0.3154578973391089
1628194405000,0.3128543114160948
1628194435000,0.3165191618872549
1628194465000,0.3119965379521766
1628194495000,0.31069838750758033
1628194525000,0.3200281105263158
1628194555000,0.3110913984126984
1628194585000,0.31688048140827674
1628194615000,0.3149676811042945
1628194645000,0.31340303470149256
1628194675000,0.31224387095588235
1628194705000,0.31149611683229816
1628194735000,0.31319247470551764
1628194765000,0.3162856246209824
1628194795000,0.31651562769607844
1628194825000,0.3115477936645963
1628194855000,0.3119623039555006
1628194885000,0.3166172936585366
1628194915000,0.3170537164518109
1628194945000,0.31199884993857496
1628194975000,0.31138714378478666
1628195005000,0.31016136906077346
1628195035000,0.3195264533866995
1628195065000,0.3167058416309013
1628195095000,0.3138849587076923
1628195125000,0.31123008669527896
1628195155000,0.31141606042944786
1628195185000,0.3175831821212121
1628195215000,0.313824672228989
1628195245000,0.3123768790092879
1628195275000,0.31430450654205605
1628195305000,0.31673920092250923
1628195335000,0.31171528042262275
1628195365000,0.3133167818459658
1628195395000,0.3114574195423624
1628195425000,0.3170084554658385
1628195455000,0.3139208531326781
1628195485000,0.3163688774570025
1628195515000,0.32187162958870474
1628195545000,0.3204288274341702
1628195575000,0.3164742230104873
1628195605000,0.3164133613022113
1628195635000,0.31266796968787514
1628195665000,0.31077936749095303
1628195695000,0.312576568948949
1628195725000,0.3196736800617284
1628195755000,0.3173688967344424
1628195785000,0.31225331531365313
1628195815000,0.31003967744860944
1628195845000,0.3135843860012173
1628195875000,0.3159795589665654
1628195905000,0.316148779804759
1628195935000,0.3198419611484423
1628195965000,0.3100662818570556
1628195995000,0.311479710145808
1628196025000,0.31368078185140075
1628196055000,0.3202357157862408
1628196085000,0.3204681731853629
1628196115000,0.3098309299696049
1628196145000,0.3141594641136504
1628196175000,0.3199101001852996
1628196205000,0.3159598462515115
1628196235000,0.3156942385899815
1628196265000,0.3205444639125152
1628196295000,0.31310280091799264
1628196325000,0.31613916460502145
1628196355000,0.3149702195692308
1628196385000,0.3167329110353379
1628196415000,0.31760109385749385
1628196445000,0.3115145491442543
1628196475000,0.3179646148574894
1628196505000,0.3125033434487021
1628196535000,0.3171938565190652
1628196565000,0.31509474871638143
1628196595000,0.3133334275308642
1628196625000,0.3108315532761788
1628196655000,0.31273678445404074
1628196685000,0.31636777795992715
1628196715000,0.31677218801242235
1628196745000,0.3135962100369458
1628196775000,0.3214749996898263
1628196805000,0.3125916923029557
1628196835000,0.3120793130116066
1628196865000,0.3170641454323995
1628196895000,0.31130761107692306
1628196925000,0.3112996619804401
1628196955000,0.3164046033169533
1628196985000,0.31683347513914656
1628197015000,0.3110875569174757
1628197045000,0.3110780630636195
1628197075000,0.31388874919254656
1628197105000,0.3115639717417783
1628197135000,0.3166858705773956
1628197165000,0.3131152730226855
1628197195000,0.3145898238503985
1628197225000,0.3104261637546468
1628197255000,0.3119201245476478
1628197285000,0.3119136420121951
1628197315000,0.31442115556908096
1628197345000,0.31142541755915315
1628197375000,0.3124254984728161
1628197405000,0.25864829821648216
1628197435000,0.2494792169398907
1628197465000,0.2490000722898904
1628197495000,0.3121652407635468
1628197525000,0.3117605830177153
1628197555000,0.312263559331307
1628197585000,0.3102003921808186
1628197615000,0.31439964820231564
1628197645000,0.3184158048735349
1628197675000,0.3141147135052179
1628197705000,0.3166937955351682
1628197735000,0.3154594110771114
1628197765000,0.31099683075987844
1628197795000,0.31202599021871197
1628197825000,0.3136640646556977
1628197855000,0.31780136227106226
1628197885000,0.3121867717296962
1628197915000,0.3123082451770452
1628197945000,0.3124531599024985
1628197975000,0.3119519555218447
1628198005000,0.2525763976871576
1628198035000,0.3146879872014697
1628198065000,0.3177446066909976
1628198095000,0.3140804127317676
1628198125000,0.2555387753808653
1628198155000,0.31508669643288995
1628198185000,0.3105252227777778
1628198215000,0.31044556978593274
1628198245000,0.31484867228091984
1628198275000,0.30764835383670963
1628198305000,0.3174379517091361
1628198335000,0.3155950369671133
1628198365000,0.3114057506748466
1628198395000,0.3121409270959903
1628198425000,0.3138682504310345
1628198455000,0.31711172512254904
1628198485000,0.31040387880794706
1628198515000,0.31501718889574337
1628198545000,0.31246130250458154
1628198575000,0.3181410050609756
1628198605000,0.31837450921942223
1628198635000,0.31593435009242143
1628198665000,0.3167973515039902
1628198695000,0.3132751631481481
1628198725000,0.3112706893333333
1628198755000,0.3115521596534653
1628198785000,0.3178623581695332
1628198815000,0.3144314824539877
1628198845000,0.3098209053939394
1628198875000,0.3130184367372354
1628198905000,0.3174504633209417
1628198935000,0.31065072571075397
1628198965000,0.31273409367396593
1628198995000,0.3117451812692545
1628199025000,0.3125103483200977
1628199055000,0.3122323079061149
1628199085000,0.3117684571340333
1628199115000,0.3114179671779141
1628199145000,0.3206288583179865
1628199175000,0.3113489000608643
1628199205000,0.3184218096024465
1628199235000,0.3107512154362416
1628199265000,0.3162230471100062
1628199295000,0.3140884033169533
1628199325000,0.31547578048929664
1628199355000,0.3117994953316953
1628199385000,0.31595818085237803
1628199415000,0.31276555311735943
1628199445000,0.3177493619631902
1628199475000,0.3136960023573201
1628199505000,0.3132876324357405
1628199535000,0.3168192830994509
1628199565000,0.31107290795107034
1628199595000,0.31602980586797064
1628199625000,0.3166856507850241
1628199655000,0.3122969717639976
1628199685000,0.31103480894607843
1628199715000,0.31108595832328106
1628199745000,0.3178248168615385
1628199775000,0.3114138914425428
1628199805000,0.3193921049566295
1628199835000,0.3125027130755064
1628199865000,0.31245608191293683
1628199895000,0.3179060671419715
1628199925000,0.3138791228589033
1628199955000,0.31549747689969604
1628199985000,0.3119013616293532
1628200015000,0.3155492037331701
1628200045000,0.3153827663384615
1628200075000,0.3163606509526736
1628200105000,0.316417608794588
1628200135000,0.31770234239802225
1628200165000,0.31215247919951483
1628200195000,0.3126926531784841
1628200225000,0.3139953611793612
1628200255000,0.3149593481548699
1628200285000,0.3141138766257669
1628200315000,0.3181129575941677
1628200345000,0.31413272950519244
1628200375000,0.31126686059502123
1628200405000,0.3142014774113254
1628200435000,0.31677181900121804
1628200465000,0.31420916554216866
1628200495000,0.31477958275015344
1628200525000,0.31335467518382354
1628200555000,0.31340747526153845
1628200585000,0.3113552858472998
1628200615000,0.3127419492601726
1628200645000,0.3128695898470948
1628200675000,0.31585759323493234
1628200705000,0.3144040839901478
1628200735000,0.3116049810355208
1628200765000,0.3174774190268247
1628200795000,0.31084287740355176
1628200825000,0.3133778069132808
1628200855000,0.3154663023676013
1628200885000,0.31169822291285804
1628200915000,0.3133160484510533
1628200945000,0.31146309446494463
1628200975000,0.3158411094890511
1628201005000,0.3120996273284314
1628201035000,0.30844487667865705
1628201065000,0.3160950680122324
1628201095000,0.3119578356343284
1628201125000,0.3099974136391068
1628201155000,0.3209411261398176
1628201185000,0.3154135975136446
1628201215000,0.31523784778115505
1628201245000,0.31773980103721783
1628201275000,0.31377755804281343
1628201305000,0.31573986728971964
1628201335000,0.3142155788192331
1628201365000,0.31282947269372696
1628201395000,0.3112846154632972
1628201425000,0.31323784625151146
1628201455000,0.31022730242571256
1628201485000,0.31491364314565484
1628201515000,0.3172873773276905
1628201545000,0.3220316279069768
1628201575000,0.3219170766935985
1628201605000,0.3121307846869188
1628201635000,0.31574598525798525
1628201665000,0.3158744086824529
1628201695000,0.3127289286678944
1628201725000,0.315461052265861
1628201755000,0.3123878435483871
1628201785000,0.3135507328276699
1628201815000,0.3116994520615385
1628201845000,0.3164351952380952
1628201875000,0.3132523512
1628201905000,0.3183832849785408
1628201935000,0.31636220938271603
1628201965000,0.3157693477286493
1628201995000,0.31749209392436456
1628202025000,0.31395080209359605
1628202055000,0.3186087158952497
1628202085000,0.31101503462484625
1628202115000,0.3183149948075749
1628202145000,0.3194684118665019
1628202175000,0.31135585646135266
1628202205000,0.3096859407720145
1628202235000,0.31246070551515154
1628202265000,0.3191272592298289
1628202295000,0.31873735920731705
1628202325000,0.3139145928183464
1628202355000,0.31660259162561577
1628202385000,0.3146570185599007
1628202415000,0.3199860126065773
1628202445000,0.3191483650764526
1628202475000,0.3112978984117288
1628202505000,0.3121859200743494
1628202535000,0.3112142983656174
1628202565000,0.3166874434416366
1628202595000,0.3132143922141119
1628202625000,0.31136152402234635
1628202655000,0.3111943954987835
1628202685000,0.3140408080516288
1628202715000,0.3183389987760098
1628202745000,0.31220723953630264
1628202775000,0.3171116822018349
1628202805000,0.3171530882317073
1628202835000,0.31168424234724745
1628202865000,0.31168592257865513
1628202895000,0.3163012947336191
1628202925000,0.31312700894160583
1628202955000,0.3127191326888217
1628202985000,0.313143126039783
1628203015000,0.3169002776506024
1628203045000,0.3140980856967465
1628203075000,0.3172909741676942
1628203105000,0.3149829711667685
1628203135000,0.3153094358548585
1628203165000,0.3220243134123518
1628203195000,0.3118297855522388
1628203225000,0.3164181798765432
1628203255000,0.319732690931677
1628203285000,0.3148190672816728
1628203315000,0.3119530275566442
1628203345000,0.3145204587660354
1628203375000,0.3113713719018405
1628203405000,0.31881165423006697
1628203435000,0.3137800033252721
1628203465000,0.3160745619283066
1628203495000,0.3133080482758621
1628203525000,0.3084617140435835
1628203555000,0.3126933835802469
1628203585000,0.3154554478153846
1628203615000,0.3142420381392483
1628203645000,0.3152620894898586
1628203675000,0.3110466746323529
1628203705000,0.3176499728173375
1628203735000,0.3198099158924205
1628203765000,0.3177509359299517
1628203795000,0.3138771697213622
1628203825000,0.3123491395604396
1628203855000,0.31498067532228363
1628203885000,0.3225262967841682
1628203915000,0.31462521059765863
1628203945000,0.3157225704628502
1628203975000,0.3187213625829813
1628204005000,0.31368096427267195
1628204035000,0.3137102348794063
1628204065000,0.3220824641451415
1628204095000,0.31364235776818744
1628204125000,0.3114111336196319
1628204155000,0.31304897259259257
1628204185000,0.3156071222154595
1628204215000,0.3121791893986361
1628204245000,0.3187468908754624
1628204275000,0.3133046708680143
1628204305000,0.3125439712811172
1628204335000,0.3196344377230769
1628204365000,0.3120087278857837
1628204395000,0.31379461494464944
1628204425000,0.3125548734470158
1628204455000,0.3147522033857316
1628204485000,0.3166181638837353
1628204515000,0.31112211083076924
1628204545000,0.31692033730255165
1628204575000,0.3132341581551619
1628204605000,0.3145375412553321
1628204635000,0.31967585331288345
1628204665000,0.3169100742769231
1628204695000,0.3124163310769231
1628204725000,0.3157947319562576
1628204755000,0.31367166898656895
1628204785000,0.3240244057785888
1628204815000,0.31638255896969697
1628204845000,0.3183675768472907
1628204875000,0.3127235632578077
1628204905000,0.3126090158282209
1628204935000,0.3150112293177628
1628204965000,0.3180321243946731
1628204995000,0.3118527830891331
1628205025000,0.31276766390066624
1628205055000,0.3215338957711443
1628205085000,0.3173403733333333
1628205115000,0.31231730787545786
1628205145000,0.3140085498781973
1628205175000,0.3125393060476481
1628205205000,0.3148478686117936
1628205235000,0.3156456558267236
1628205265000,0.3126288075076923
1628205295000,0.31114974019607844
1628205325000,0.31566155264778323
1628205355000,0.311571840470297
1628205385000,0.3166916702620353
1628205415000,0.3206830935603715
1628205445000,0.3117223717575758
1628205475000,0.31177033206388205
1628205505000,0.31345363798401965
1628205535000,0.319178530299328
1628205565000,0.3213490133699633
1628205595000,0.3115218243343653
1628205625000,0.3134638483139178
1628205655000,0.31135935094339623
1628205685000,0.31769506204968945
1628205715000,0.3152573589075109
1628205745000,0.31617531703296703
1628205775000,0.31220522699088143
1628205805000,0.3137956960122699
1628205835000,0.31217031924004823
1628205865000,0.31093700463697377
1628205895000,0.3118786451040392
1628205925000,0.3169145023882425
1628205955000,0.3106336638494756
1628205985000,0.3173496528735632
1628206015000,0.3098765284675954
1628206045000,0.31314784218271
1628206075000,0.3154349808562691
1628206105000,0.31276109549104386
1628206135000,0.3113834225153374
1628206165000,0.3130829265557609
1628206195000,0.31492686615479115
1628206225000,0.31227268609068626
1628206255000,0.3108274875076546
1628206285000,0.31599132923547396
1628206315000,0.3248804423791822
1628206345000,0.31377602709359603
1628206375000,0.32141410148056754
1628206405000,0.3206915639801612
1628206435000,0.3124237616957306
1628206465000,0.3119441516544117
1628206495000,0.3159338457512315
1628206525000,0.3154331632127529
1628206555000,0.31266042455163884
1628206585000,0.3115155596597813
1628206615000,0.3195137721271394
1628206645000,0.3129107946987952
1628206675000,0.3206832217870257
1628206705000,0.31736893651753323
1628206735000,0.3170017765470297
1628206765000,0.3121207496615385
1628206795000,0.31169889605425394
1628206825000,0.31349038570548365
1628206855000,0.31182251432053626
1628206885000,0.3162353603067485
1628206915000,0.3121471609471095
1628206945000,0.31755804671132765
1628206975000,0.3199647631708822
1628207005000,0.311896507786634
1628207035000,0.311966846875
1628207065000,0.3123704124539877
1628207095000,0.31135105835903765
1628207125000,0.3134063455481526
1628207155000,0.3210125515625
1628207185000,0.3105826037484885
1628207215000,0.3201096979754601
1628207245000,0.3122666269908815
1628207275000,0.3100843730350665
1628207305000,0.31227083194444444
1628207335000,0.3205770313112745
1628207365000,0.3147604570006223
1628207395000,0.3126495286945813
1628207425000,0.3110614348780488
1628207455000,0.3166362387155963
1628207485000,0.3122901608058608
1628207515000,0.3154229569674647
1628207545000,0.3153077300495663
1628207575000,0.31186348207776426
1628207605000,0.3183518850184957
1628207635000,0.3162003784349969
1628207665000,0.3109510991389914
1628207695000,0.3147897080417434
1628207725000,0.3142316767614339
1628207755000,0.3174752331901841
1628207785000,0.31246509194547706
1628207815000,0.3110977731990232
1628207845000,0.31490848615574785
1628207875000,0.3123118926799007
1628207905000,0.3137574514303483
1628207935000,0.2544318438106796
1628207965000,0.2565119953305033
1628207995000,0.3107570384800965
1628208025000,0.31678669944168736
1628208055000,0.3116126827669903
1628208085000,0.3111273622208437
1628208115000,0.3138813157991427
1628208145000,0.3112661052533993
1628208175000,0.31457167811158804
1628208205000,0.3137769372871046
1628208235000,0.31374654874770924
1628208265000,0.31000378426488456
1628208295000,0.3163626273280584
1628208325000,0.3168281122311002
1628208355000,0.3114314411255411
1628208385000,0.3204912476423761
1628208415000,0.31214674170212764
1628208445000,0.3152512660779537
1628208475000,0.3177715468150897
1628208505000,0.31567847713226205
1628208535000,0.3147810932399513
1628208565000,0.3160007708180708
1628208595000,0.315918428986403
1628208625000,0.3125649647783251
1628208655000,0.3173282124623721
1628208685000,0.3134283989570552
1628208715000,0.3131934918532338
1628208745000,0.3126822317220544
1628208775000,0.3187330692260442
1628208805000,0.3233155746898263
1628208835000,0.31389726596534656
1628208865000,0.315234304368932
1628208895000,0.3205891138317757
1628208925000,0.3170081258557457
1628208955000,0.3129558516697025
1628208985000,0.3153821384236453
1628209015000,0.31219505392217417
1628209045000,0.3157176755569307
1628209075000,0.31598379414277
1628209105000,0.3223984013530135
1628209135000,0.3193364897971727
1628209165000,0.3102323406307978
1628209195000,0.3138719152718387
1628209225000,0.3175348496568933
1628209255000,0.3164803915484269
1628209285000,0.3144008787234043
1628209315000,0.31467677634674923
1628209345000,0.3135292264925373
1628209375000,0.31191420789636026
1628209405000,0.3095488082679541
1628209435000,0.31443303813611284
1628209465000,0.3191231461728395
1628209495000,0.3166104161151961
1628209525000,0.3184756631025958
1628209555000,0.3143263935064935
1628209585000,0.3206607192808432
1628209615000,0.31407640856438696
1628209645000,0.31711297952853595
1628209675000,0.31208057321537525
1628209705000,0.3166232283088236
1628209735000,0.31175625860783096
1628209765000,0.3172445391437309
1628209795000,0.3126072157275542
1628209825000,0.3135027249692497
1628209855000,0.3162739815270936
1628209885000,0.3172223620415648
1628209915000,0.31215982300061995
1628209945000,0.3169296529553679
1628209975000,0.3192720577898551
1628210005000,0.3173631900862069
1628210035000,0.309988181013431
1628210065000,0.3095008983586626
1628210095000,0.31240873889234605
1628210125000,0.3118574056346749
1628210155000,0.3169413936546675
1628210185000,0.3216485006027728
1628210215000,0.3133198311955168
1628210245000,0.3160585496969697
1628210275000,0.3118248158513932
1628210305000,0.3130484880388585
1628210335000,0.3107223162195122
1628210365000,0.3146770976843388
1628210395000,0.31404283202453986
1628210425000,0.3123860721786361
1628210455000,0.3075493627036813
1628210485000,0.3147913696615385
1628210515000,0.3169196838551259
1628210545000,0.32138065631067964
1628210575000,0.3114226011613692
1628210605000,0.3209912033680343
1628210635000,0.31371050804111245
1628210665000,0.31268603494124925
1628210695000,0.3173302667690417
1628210725000,0.3107736629227053
1628210755000,0.3229633144451333
1628210785000,0.3120209850581752
1628210815000,0.31798567875231626
1628210845000,0.31116536456161864
1628210875000,0.3125416471059113
1628210905000,0.3169947305810398
1628210935000,0.31035270826699324
1628210965000,0.31687934050939964
1628210995000,0.31278089728915665
1628211025000,0.3132483676237019
1628211055000,0.3118573052019584
1628211085000,0.3116227851485148
1628211115000,0.31260394065733416
1628211145000,0.31286253824257426
1628211175000,0.3135836158433735
1628211205000,0.31565197941903583
1628211235000,0.3113013410225198
1628211265000,0.31119073635243377
1628211295000,0.31334366051502144
1628211325000,0.31946901274509804
1628211355000,0.31666351683168315
1628211385000,0.3195767236211031
1628211415000,0.3116178449876237
1628211445000,0.3180141406955461
1628211475000,0.31131499407452656
1628211505000,0.3117654584485869
1628211535000,0.3196465091687041
1628211565000,0.3147298087644553
1628211595000,0.31436258048780485
1628211625000,0.3117680313223644
1628211655000,0.3156507775644871
1628211685000,0.312114829957291
1628211715000,0.3109144129110841
1628211745000,0.3101832559509202
1628211775000,0.31144927985257986
1628211805000,0.31341628901912394
1628211835000,0.3204046774834437
1628211865000,0.3204113203931204
1628211895000,0.3118809795413397
1628211925000,0.31413680924678505
1628211955000,0.3190262336956522
1628211985000,0.3123486052759248
1628212015000,0.3152776021871203
1628212045000,0.3196984462107209
1628212075000,0.31618562069810163
1628212105000,0.31703158313989005
1628212135000,0.3159573800735745
1628212165000,0.31834351033846153
1628212195000,0.31638953925696595
1628212225000,0.3174579203567036
1628212255000,0.3132581955259976
1628212285000,0.31330541891558844
1628212315000,0.31695786759431044
1628212345000,0.314284554
1628212375000,0.31233859765432104
1628212405000,0.3109649207627119
1628212435000,0.3135248079754601
1628212465000,0.3158650483476132
1628212495000,0.3126762681185723
1628212525000,0.3124246965260546
1628212555000,0.308711588034188
1628212585000,0.3159871577914111
1628212615000,0.3107792225369458
1628212645000,0.31558427222222224
1628212675000,0.3172514114583333
1628212705000,0.31220029217707695
1628212735000,0.31252213054003725
1628212765000,0.3116509408839779
1628212795000,0.3120435207420925
1628212825000,0.3139029204833837
1628212855000,0.3125526981673793
1628212885000,0.3145307477968176
1628212915000,0.31743595712538225
1628212945000,0.3255581451272502
1628212975000,0.3127099448877805
1628213005000,0.3167728517760385
1628213035000,0.3140343361365021
1628213065000,0.3171352921712538
1628213095000,0.3142057747560976
1628213125000,0.31620347147258165
1628213155000,0.3117615907248157
1628213185000,0.3164102404411765
1628213215000,0.3163003054235222
1628213245000,0.31988705485074626
1628213275000,0.3203683956363637
1628213305000,0.3187564380541872
1628213335000,0.31734013080714724
1628213365000,0.31531400568112394
1628213395000,0.3123146150271575
1628213425000,0.31574246373762377
1628213455000,0.3150623254842615
1628213485000,0.31693255094454603
1628213515000,0.31217947142857144
1628213545000,0.3216659786231884
1628213575000,0.31131188558338424
1628213605000,0.3117090332722833
1628213635000,0.315532491126071
1628213665000,0.310050724439054
1628213695000,0.3137560908756889
1628213725000,0.32017905102040817
1628213755000,0.3149134210265925
1628213785000,0.3114031136809816
1628213815000,0.31291128811881186
1628213845000,0.3127821836797066
1628213875000,0.3132541745254134
1628213905000,0.31371597183698297
1628213935000,0.3126147642118077
1628213965000,0.3165811422958871
1628213995000,0.3143917765710799
1628214025000,0.3154189542124542
1628214055000,0.31137259045287635
1628214085000,0.31347047792932425
1628214115000,0.3124787004302397
1628214145000,0.3216558122817955
1628214175000,0.3098382478260869
1628214205000,0.3151357705066345
1628214235000,0.3128187652959501
1628214265000,0.3146524989512646
1628214295000,0.31240646646077824
1628214325000,0.3216200890829694
1628214355000,0.319521805659204
1628214385000,0.3127015858903265
1628214415000,0.3157460920419494
1628214445000,0.3118285442936459
1628214475000,0.31412185775597795
1628214505000,0.31467324941394204
1628214535000,0.31774461823708205
1628214565000,0.3159600577181208
1628214595000,0.3094463905853953
1628214625000,0.3217455545843521
1628214655000,0.3163459714110429
1628214685000,0.3109735814996927
1628214715000,0.3167229642768851
1628214745000,0.311058771593674
1628214775000,0.31479915377069284
1628214805000,0.3169488035447761
1628214835000,0.31621145477941176
1628214865000,0.3135360597944377
1628214895000,0.31133040465256795
1628214925000,0.3120193655534941
1628214955000,0.3122371823777912
1628214985000,0.3175906613959234
1628215015000,0.3149554249390244
1628215045000,0.3104029436697248
1628215075000,0.31581645170523753
1628215105000,0.31704972426249245
1628215135000,0.3139003952905199
1628215165000,0.30839750636864666
1628215195000,0.3111932284667074
1628215225000,0.3129117358292079
1628215255000,0.3124196566972477
1628215285000,0.31251587577255874
1628215315000,0.3138779448529412
1628215345000,0.3177511911693057
1628215375000,0.3211092200493523
1628215405000,0.3140993611650485
1628215435000,0.31074086609756096
1628215465000,0.3141724193448702
1628215495000,0.3152225320536258
1628215525000,0.3178751956337174
1628215555000,0.316308781134402
1628215585000,0.31210549894932016
1628215615000,0.3122958163681285
1628215645000,0.3122921377347063
1628215675000,0.3166315832412523
1628215705000,0.3164700570818071
1628215735000,0.31567185781728996
1628215765000,0.31975864187927816
1628215795000,0.3170717426724138
1628215825000,0.31483693144963143
1628215855000,0.3115266637477036
1628215885000,0.3129522296656535
1628215915000,0.3100763531515152
1628215945000,0.32159852484662577
1628215975000,0.31306660760869565
1628216005000,0.31733593672839505
1628216035000,0.3167794318545903
1628216065000,0.3104311885628743
1628216095000,0.3118315640644362
1628216125000,0.3198510467198038
1628216155000,0.31116820768300063
1628216185000,0.31638619074863056
1628216215000,0.31578123742405834
1628216245000,0.3166556539537713
1628216275000,0.3134845287335723
1628216305000,0.31328354761904764
1628216335000,0.3176452061919505
1628216365000,0.31325477702205884
1628216395000,0.3116382434250765
1628216425000,0.31180041762899263
1628216455000,0.3133019452818627
1628216485000,0.3169391620159803
1628216515000,0.3136519650431566
1628216545000,0.31818875012195125
1628216575000,0.3158464944781553
1628216605000,0.3123533274427021
1628216635000,0.31285083186060986
1628216665000,0.3208122709895513
1628216695000,0.3146107283076923
1628216725000,0.3169924478976234
1628216755000,0.3184005193846154
1628216785000,0.31683467673147026
1628216815000,0.31095204864698645
1628216845000,0.310785900433974
1628216875000,0.3107920703749232
1628216905000,0.31214795353411184
1628216935000,0.3229931329462103
1628216965000,0.31030041873862946
1628216995000,0.3189731024088944
1628217025000,0.3146196037484885
1628217055000,0.3148867988854489
1628217085000,0.31877285946275946
1628217115000,0.3179483032059186
1628217145000,0.3149306390169903
1628217175000,0.31151256777572395
1628217205000,0.3136226602065614
1628217235000,0.31857040333535475
1628217265000,0.31366886314199394
1628217295000,0.31468951568029285
1628217325000,0.3134205996919285
1628217355000,0.3141755158739963
1628217385000,0.31334390024524833
1628217415000,0.3166810631740196
1628217445000,0.317323339504644
1628217475000,0.3167723531365313
1628217505000,0.3190868997574288
1628217535000,0.3155569760990712
1628217565000,0.3121516537025513
1628217595000,0.31452135916870416
1628217625000,0.3124147302211302
1628217655000,0.3175763577666875
1628217685000,0.3125391099386503
1628217715000,0.3116940824497258
1628217745000,0.3119090150060024
1628217775000,0.3116776335399876
1628217805000,0.3160833021432945
1628217835000,0.3119848382913337
1628217865000,0.31200197256691
1628217895000,0.3158281975293391
1628217925000,0.31475816499395404
1628217955000,0.3168829605006105
1628217985000,0.31346814831250003
1628218015000,0.31632116672738314
1628218045000,0.31368064895960834
1628218075000,0.31226440580605314
1628218105000,0.3140111826674862
1628218135000,0.3120472132754342
1628218165000,0.31167886626360336
1628218195000,0.3112864941712204
1628218225000,0.3146926166056166
1628218255000,0.31129950074165635
1628218285000,0.31703375
1628218315000,0.3144134243030303
1628218345000,0.30995110618556704
1628218375000,0.3124398681141439
1628218405000,0.3127024395092025
1628218435000,0.3171371323312883
1628218465000,0.31652626680981594
1628218495000,0.3116657970030581
1628218525000,0.31599440085731784
1628218555000,0.31237453848964675
1628218585000,0.31537734477427337
1628218615000,0.3127062165254237
1628218645000,0.31292466727828744
1628218675000,0.3111589378295524
1628218705000,0.31299761382063884
1628218735000,0.3130649999380805
1628218765000,0.3093771769276749
1628218795000,0.31420668233128835
1628218825000,0.3133440277123373
1628218855000,0.3121137528395061
1628218885000,0.3211555351037851
1628218915000,0.3124070166462669
1628218945000,0.31425258941831685
1628218975000,0.31150529409594097
1628219005000,0.3119505280487805
1628219035000,0.32338756066790353
1628219065000,0.31579209084766585
1628219095000,0.3107420012195122
1628219125000,0.316684567324291
1628219155000,0.3162954719482121
1628219185000,0.31350193207663785
1628219215000,0.31109896226415096
1628219245000,0.3108770351005484
1628219275000,0.3161099754810677
1628219305000,0.3138716568880689
1628219335000,0.314316766442131
1628219365000,0.315250700797057
1628219395000,0.3146462464044253
1628219425000,0.31630929199514857
1628219455000,0.3129241313341493
1628219485000,0.31111293590826794
1628219515000,0.3168012702167183
1628219545000,0.3205965212454213
1628219575000,0.3174812201988813
1628219605000,0.3154946347613219
1628219635000,0.31820274606811144
1628219665000,0.3190931610771114
1628219695000,0.3127472884685784
1628219725000,0.3113680783985102
1628219755000,0.3133436769662921
1628219785000,0.31287092256691
1628219815000,0.3135333164324985
1628219845000,0.3143132506748466
1628219875000,0.31482454387254905
1628219905000,0.32131593688423643
1628219935000,0.31451258858560793
1628219965000,0.3165392913202934
1628219995000,0.3162794354116223
1628220025000,0.32013234965902043
1628220055000,0.31987481956124314
1628220085000,0.3171890388854489
1628220115000,0.31786408399503724
1628220145000,0.3191119737003058
1628220175000,0.31614730436385985
1628220205000,0.3158364009913259
1628220235000,0.3173877982370821
1628220265000,0.3134873124923453
1628220295000,0.3162501043076923
1628220325000,0.3156327650154799
1628220355000,0.3130988347772277
1628220385000,0.3113755587049481
1628220415000,0.31055306089078705
1628220445000,0.3143446016443362
1628220475000,0.3183175479510703
1628220505000,0.3171982095815646
1628220535000,0.3176460728509586
1628220565000,0.3125718125387958
1628220595000,0.31166681691176473
1628220625000,0.3120418757594168
1628220655000,0.31691205015384616
1628220685000,0.3170065839122486
1628220715000,0.3115669174680463
1628220745000,0.3109949535297729
1628220775000,0.3113760809435133
1628220805000,0.3170394204207921
1628220835000,0.3185029267857143
1628220865000,0.3187555898603521
1628220895000,0.3145809883807169
1628220925000,0.3173411660606061
1628220955000,0.31828212864228145
1628220985000,0.3174358485074627
1628221015000,0.3194769829003021
1628221045000,0.3101940610778443
1628221075000,0.3204280594345421
1628221105000,0.3116608351681957
1628221135000,0.3191784860208461
1628221165000,0.3101529457125604
1628221195000,0.3191757516267649
1628221225000,0.3123868252307692
1628221255000,0.3133508550541516
1628221285000,0.3126344217039801
1628221315000,0.3155660239780354
1628221345000,0.3200777046239211
1628221375000,0.32426811068376066
1628221405000,0.3170463766935985
1628221435000,0.3175499954601227
1628221465000,0.31114114972205065
1628221495000,0.3150369951515152
1628221525000,0.31714526307977736
1628221555000,0.31344180068535826
1628221585000,0.3130333125458996
1628221615000,0.3157117800735745
1628221645000,0.3175798701547988
1628221675000,0.3104226154651879
1628221705000,0.25318531226124463
1628221735000,0.2553684576946659
1628221765000,0.3133403090525045
1628221795000,0.2516084225230769
1628221825000,0.31489868379715524
1628221855000,0.3137543561881188
1628221885000,0.31313978494492045
1628221915000,0.3136069033353922
1628221945000,0.3212935416564417
1628221975000,0.31627266443769003
1628222005000,0.313573800733945
1628222035000,0.3183215272727273
1628222065000,0.31309029438618136
1628222095000,0.3140111643300248
1628222125000,0.31228701187159297
1628222155000,0.3091980211864407
1628222185000,0.3153339720508167
1628222215000,0.3162291782688766
1628222245000,0.3131308259579728
1628222275000,0.3121671636973765
1628222305000,0.31253797314250914
1628222335000,0.3129090720606061
1628222365000,0.3125272579108125
1628222395000,0.3157972256489493
1628222425000,0.3129952831610942
1628222455000,0.3175855562881563
1628222485000,0.31637733418960245
1628222515000,0.31601182190942473
1628222545000,0.3152789693020383
1628222575000,0.31247601298461536
1628222605000,0.3134069404776485
1628222635000,0.31077532677261616
1628222665000,0.3136630643776824
1628222695000,0.3116423828883495
1628222725000,0.3162534900856793
1628222755000,0.31153700798035605
1628222785000,0.3215450082512315
1628222815000,0.31805975277777776
1628222845000,0.3115562780124224
1628222875000,0.3143954511455108
1628222905000,0.3156941073627037
1628222935000,0.3205851265045593
1628222965000,0.3133340540607564
1628222995000,0.31602508584672434
1628223025000,0.3163323191239975
1628223055000,0.3135364294262801
1628223085000,0.3118946883507051
1628223115000,0.31647403866011065
1628223145000,0.31774625938461537
1628223175000,0.3154872076120319
1628223205000,0.3100111021109771
1628223235000,0.31133661126589945
1628223265000,0.3124622966112138
1628223295000,0.31093101783750765
1628223325000,0.3149878379854369
1628223355000,0.3128206408754624
1628223385000,0.3106369409963985
1628223415000,0.31313884568279243
1628223445000,0.3162609322228952
1628223475000,0.3130482370779619
1628223505000,0.3131044772362739
1628223535000,0.3118419916768666
1628223565000,0.31597094241676943
1628223595000,0.3137184482694685
1628223625000,0.3152779753968254
1628223655000,0.31150149706601465
1628223685000,0.3211564905867971
1628223715000,0.3177878581595092
1628223745000,0.3168832233950617
1628223775000,0.31605404075887394
1628223805000,0.31316882570552146
1628223835000,0.3196314056569343
1628223865000,0.31130231273273273
1628223895000,0.31716223469263544
1628223925000,0.3209296152427781
1628223955000,0.32070005706285004
1628223985000,0.3123073598651961
1628224015000,0.3147881568072289
1628224045000,0.3156084554254007
1628224075000,0.3096643860280659
1628224105000,0.3121199548585486
1628224135000,0.3132192020121951
1628224165000,0.3117693031326781
1628224195000,0.3205706443230115
1628224225000,0.3148572902469136
1628224255000,0.3155117191176471
1628224285000,0.31329843298136645
1628224315000,0.3115985604665439
1628224345000,0.3202748972118959
1628224375000,0.3118700260024301
1628224405000,0.3133281684338818
1628224435000,0.3114860396330275
1628224465000,0.3118551706683168
1628224495000,0.31595353210104743
1628224525000,0.3126112433230769
1628224555000,0.3204221574585636
1628224585000,0.3128151843478261
1628224615000,0.315023737966932
1628224645000,0.3160912839045288
1628224675000,0.3146426543119266
1628224705000,0.3143173508226691
1628224735000,0.3143210706129808
1628224765000,0.31270765167580744
1628224795000,0.3141698039130435
1628224825000,0.31851928959359604
1628224855000,0.31463523178150216
1628224885000,0.3179891488957055
1628224915000,0.314736801046798
1628224945000,0.31276935545286505
1628224975000,0.3157934411982705
1628225005000,0.3115414570036541
1628225035000,0.3130615815576324
1628225065000,0.3110764875150784
1628225095000,0.3210227091245376
1628225125000,0.3145990798170732
1628225155000,0.3115759386518244
1628225185000,0.31761297776420283
1628225215000,0.31325104425531913
1628225245000,0.31844120676328497
1628225275000,0.31225039933090026
1628225305000,0.31172894447871685
1628225335000,0.3132898694275274
1628225365000,0.3141207546691404
1628225395000,0.3127957695493301
1628225425000,0.3156318907248157
1628225455000,0.3150839286513362
1628225485000,0.3140917193528693
1628225515000,0.3119884754763368
1628225545000,0.3196624816239316
1628225575000,0.32080136223175965
1628225605000,0.31881171768368616
1628225635000,0.3169677684534812
1628225665000,0.31413312232587065
1628225695000,0.3123524364538128
1628225725000,0.3106685033047736
1628225755000,0.31234640510585304
1628225785000,0.3180069890369473
1628225815000,0.3124241221260816
1628225845000,0.3122445631127451
1628225875000,0.31203206234567904
1628225905000,0.3193060561306223
1628225935000,0.3236489845777234
1628225965000,0.3153962583536585
1628225995000,0.3183650539465507
1628226025000,0.3168519624309392
1628226055000,0.3117349373523928
1628226085000,0.3173200493577982
1628226115000,0.31060651772534786
1628226145000,0.3111671304
1628226175000,0.3133842836307693
1628226205000,0.3195197464220184
1628226235000,0.31552387760736195
1628226265000,0.3155224841911765
1628226295000,0.3127707445805266
1628226325000,0.3172131609174312
1628226355000,0.31667031133829
1628226385000,0.3173464723643169
1628226415000,0.3149231745341615
1628226445000,0.3191998015615616
1628226475000,0.31691450601226995
1628226505000,0.31465481311672683
1628226535000,0.3167542474137931
1628226565000,0.31707444387135925
1628226595000,0.3114288652657602
1628226625000,0.3184296279169212
1628226655000,0.3183200121230769
1628226685000,0.3164741161764706
1628226715000,0.31214355467404675
1628226745000,0.31335600627692306
1628226775000,0.3216687794512195
1628226805000,0.3160115359975595
1628226835000,0.3170939248771499
1628226865000,0.3166993635193133
1628226895000,0.31028412832019403
1628226925000,0.3108208627633209
1628226955000,0.3124677070326959
1628226985000,0.31400029732522794
1628227015000,0.2463472200974421
1628227045000,0.2554596065940714
1628227075000,0.31574785816757084
1628227105000,0.3141343048318043
1628227135000,0.3156523759328358
1628227165000,0.3129767228886169
1628227195000,0.3181722855745721
1628227225000,0.3226645070067609
1628227255000,0.3136435515225335
1628227285000,0.30927725002999396
1628227315000,0.3119912208383961
1628227345000,0.3120920560122699
1628227375000,0.3120723979012346
1628227405000,0.3164260134448575
1628227435000,0.31866048535228675
1628227465000,0.32271123048029554
1628227495000,0.31318597014742017
1628227525000,0.314766775982801
1628227555000,0.3131893899159664
1628227585000,0.3109115421912833
1628227615000,0.3131550157317073
1628227645000,0.3169326197440585
1628227675000,0.31142390900791234
1628227705000,0.313752119273399
1628227735000,0.3132241884449908
1628227765000,0.3126738167580743
1628227795000,0.3138268102065613
1628227825000,0.3121070458029197
1628227855000,0.3107303569452796
1628227885000,0.3133974321118013
1628227915000,0.3109642588090853
1628227945000,0.3204511883016627
1628227975000,0.3181440804923077
1628228005000,0.3112890737423313
1628228035000,0.31102174305126623
1628228065000,0.31488808782287825
1628228095000,0.3138587400602409
1628228125000,0.31754676215235794
1628228155000,0.30829602896969704
1628228185000,0.31217959588550986
1628228215000,0.3165759647239264
1628228245000,0.3213706364923077
1628228275000,0.3203812818691589
1628228305000,0.3132206308543331
1628228335000,0.3106314989740495
1628228365000,0.3173790311001844
1628228395000,0.3172578750763592
1628228425000,0.3137147430949445
1628228455000,0.3164908291821561
1628228485000,0.3126402537322641
1628228515000,0.3159543244242424
1628228545000,0.3207815916262136
1628228575000,0.3186105863664405
1628228605000,0.31863158081607795
1628228635000,0.3143976633966892
1628228665000,0.31728615859714465
1628228695000,0.3164876284919654
1628228725000,0.31899463961916463
1628228755000,0.3128939190825688
1628228785000,0.3158032483831605
1628228815000,0.3145060206727829
1628228845000,0.3218787221415608
1628228875000,0.3123520009230769
1628228905000,0.3168729173088685
1628228935000,0.3170801097753491
1628228965000,0.31469920249221184
1628228995000,0.3149336397049785
1628229025000,0.3129145266584005
1628229055000,0.3136264873464373
1628229085000,0.3073658010771993
1628229115000,0.31306204565877355
1628229145000,0.3191267083946078
1628229175000,0.3116342535347432
1628229205000,0.32141935604395605
1628229235000,0.31589709925650555
1628229265000,0.3119038917228694
1628229295000,0.31600162177419355
1628229325000,0.3164657360515021
1628229355000,0.3174580102516881
1628229385000,0.3214802846666667
1628229415000,0.3163052424129353
1628229445000,0.31312047604679805
1628229475000,0.3174547990080595
1628229505000,0.3155634910659273
1628229535000,0.3142490741993958
1628229565000,0.3142272026139817
1628229595000,0.31838321151702786
1628229625000,0.3202220509933775
1628229655000,0.31135317466091245
1628229685000,0.3176050663209274
1628229715000,0.3114581502114804
1628229745000,0.314300358302583
1628229775000,0.314121243231441
1628229805000,0.3153317470441817
1628229835000,0.31428318874695865
1628229865000,0.3137765406633907
1628229895000,0.3163406147510756
1628229925000,0.3140433048825711
1628229955000,0.3115861307409675
1628229985000,0.3130693398153846
1628230015000,0.3127582281577326
1628230045000,0.3174984360244648
1628230075000,0.31185810982197665
1628230105000,0.3127662913123845
1628230135000,0.3140177006769231
1628230165000,0.3128992562268804
1628230195000,0.3179268875153752
1628230225000,0.31489632203182377
1628230255000,0.3131529183559951
1628230285000,0.31614275667074665
1628230315000,0.3109696570652174
1628230345000,0.31466836314481045
1628230375000,0.3137761832625834
1628230405000,0.3173816880606061
1628230435000,0.3168665813780261
1628230465000,0.31640623524441763
1628230495000,0.318477825308642
1628230525000,0.3157053646950093
1628230555000,0.3174245874464177
1628230585000,0.31222584330708664
1628230615000,0.3077081167985393
1628230645000,0.3124102765508685
1628230675000,0.3104819052501544
1628230705000,0.3155494189912827
1628230735000,0.3079348927615572
1628230765000,0.3112367763948498
1628230795000,0.31464502028100183
1628230825000,0.3148919764417178
1628230855000,0.3129105131238447
1628230885000,0.31585397154174283
1628230915000,0.3143873420577617
1628230945000,0.3122760294871795
1628230975000,0.31180420625386995
1628231005000,0.3162053563758389
1628231035000,0.3180992106683017
1628231065000,0.3118211919491525
1628231095000,0.31147863172541745
1628231125000,0.3178125721331689
1628231155000,0.31641001226472376
1628231185000,0.31096342763480395
1628231215000,0.3174232706207744
1628231245000,0.3172224794135995
1628231275000,0.3110727437118437
1628231305000,0.3133821643075046
1628231335000,0.318747681025958
1628231365000,0.3146991467612585
1628231395000,0.31587963798165136
1628231425000,0.31499459758745474
1628231455000,0.31069853315184515
1628231485000,0.312315949009901
1628231515000,0.31238913035279803
1628231545000,0.3107125649567367
1628231575000,0.3114793242682927
1628231605000,0.3212228567885927
1628231635000,0.3160496350855746
1628231665000,0.31751809784217017
1628231695000,0.31737866242236024
1628231725000,0.31767481969040245
1628231755000,0.3159261998159509
1628231785000,0.31121337063829785
1628231815000,0.31172088409915355
1628231845000,0.3107859335369578
1628231875000,0.3119825824830977
1628231905000,0.3060305928615009
1628231935000,0.31313730684848484
1628231965000,0.3151695179408138
1628231995000,0.31151028785276075
1628232025000,0.3124416023911711
1628232055000,0.3174129367907261
1628232085000,0.31664796140672785
1628232115000,0.3186198672039678
1628232145000,0.3123002523924894
1628232175000,0.3142807583950617
1628232205000,0.315592671857756
1628232235000,0.3151445237654321
1628232265000,0.3104426431192661
1628232295000,0.31818114792312463
1628232325000,0.3166020017747858
1628232355000,0.3134873068734793
1628232385000,0.3145499945962733
1628232415000,0.3110392037990196
1628232445000,0.3126096804465902
1628232475000,0.3128869709338281
1628232505000,0.3144272446678854
1628232535000,0.3110894747997535
1628232565000,0.3115536719415703
1628232595000,0.32083165601710445
1628232625000,0.3115509589032656
1628232655000,0.31957465758133824
1628232685000,0.3131177594645081
1628232715000,0.3133312381070984
1628232745000,0.32043515710814097
1628232775000,0.30937545890243895
1628232805000,0.3126604302083333
1628232835000,0.3122138298780488
1628232865000,0.3145602461820403
1628232895000,0.3112199372584541
1628232925000,0.31015736570904645
1628232955000,0.31699073440000003
1628232985000,0.3145181249388753
1628233015000,0.31800677086903306
1628233045000,0.310593667625459
1628233075000,0.3121826899753998
1628233105000,0.3160036863748459
1628233135000,0.31773395447400243
1628233165000,0.3132661119782214
1628233195000,0.3158664386642157
1628233225000,0.31719549711479433
1628233255000,0.31388523779963123
1628233285000,0.3104970409174312
1628233315000,0.3163230862853629
1628233345000,0.32086334694494856
1628233375000,0.313154282771306
1628233405000,0.3172440890103218
1628233435000,0.31145444018404905
1628233465000,0.3169715553138596
1628233495000,0.3165680502789833
1628233525000,0.32015143609394314
1628233555000,0.31685881218147915
1628233585000,0.31214841736972704
1628233615000,0.3115374894031669
1628233645000,0.3112897213226205
1628233675000,0.31704935612623764
1628233705000,0.31166537596566524
1628233735000,0.3185929021013597
1628233765000,0.3159311743185948
1628233795000,0.3118701740853659
1628233825000,0.3186790178332319
1628233855000,0.3162609813465102
1628233885000,0.3175895332307692
1628233915000,0.3203144898505604
1628233945000,0.319054218350269
1628233975000,0.3178506094038107
1628234005000,0.31387929304615386
1628234035000,0.3104752823095823
1628234065000,0.3179357303178484
1628234095000,0.3151213547204969
1628234125000,0.31995235226586105
1628234155000,0.3180904001230012
1628234185000,0.3134853578819233
1628234215000,0.32299965865680835
1628234245000,0.3176829164400494
1628234275000,0.3149766862047824
1628234305000,0.3183021948466257
1628234335000,0.3167554641937462
1628234365000,0.3167793616995074
1628234395000,0.3135651233374384
1628234425000,0.3162236681291895
1628234455000,0.3153869540507112
1628234485000,0.3125909942787584
1628234515000,0.3121699281463112
1628234545000,0.3201388773573201
1628234575000,0.3165464555419473
1628234605000,0.3131349908188585
1628234635000,0.3115772953703704
1628234665000,0.31823958554143983
1628234695000,0.3102889810794421
1628234725000,0.313872017563389
1628234755000,0.3182099941795666
1628234785000,0.3223970692685925
1628234815000,0.31179348428398057
1628234845000,0.3159916197440585
1628234875000,0.31256491930477964
1628234905000,0.3109039166565349
1628234935000,0.3115207018822101
1628234965000,0.3179591997585999
1628234995000,0.3142195986593541
1628235025000,0.31124265142857144
1628235055000,0.3140073389265885
1628235085000,0.323012720795107
1628235115000,0.3136047771919068
1628235145000,0.3159603823853211
1628235175000,0.3164052735527117
1628235205000,0.3190841406094527
1628235235000,0.3199148103321033
1628235265000,0.3124158930717351
1628235295000,0.3117974792997543
1628235325000,0.31420951293900184
1628235355000,0.3167989619901113
1628235385000,0.3137517392901619
1628235415000,0.3142889182151589
1628235445000,0.3161294775184275
1628235475000,0.3172035220795107
1628235505000,0.3174734701170672
1628235535000,0.3149314811470409
1628235565000,0.3191320660933661
1628235595000,0.3116217179581796
1628235625000,0.3116697505474453
1628235655000,0.3175529455219271
1628235685000,0.3117887142595978
1628235715000,0.31540870060606063
1628235745000,0.31276016925903244
1628235775000,0.3163678163215591
1628235805000,0.31821450360415393
1628235835000,0.31035174315531
1628235865000,0.3164778585723002
1628235895000,0.3123301773934528
1628235925000,0.31554420413625306
1628235955000,0.31623008581862444
1628235985000,0.31206809993961354
1628236015000,0.31467652047677264
1628236045000,0.3132878499083689
1628236075000,0.31465690778739186
1628236105000,0.3206683052536232
1628236135000,0.3150479890730509
1628236165000,0.31460930672839504
1628236195000,0.3109741127504554
1628236225000,0.3170154098498498
1628236255000,0.31567714214026604
1628236285000,0.3099084672171254
1628236315000,0.3115392488217523
1628236345000,0.31878058797038866
1628236375000,0.31253042237890866
1628236405000,0.32058805107825017
1628236435000,0.3170799504310345
1628236465000,0.3206607732679338
1628236495000,0.3169155513463892
1628236525000,0.3124013422891566
1628236555000,0.31532687399380804
1628236585000,0.3149837553126897
1628236615000,0.3133991913580247
1628236645000,0.3103113875925926
1628236675000,0.3171214703636364
1628236705000,0.3186805637546468
1628236735000,0.3160658401699029
1628236765000,0.31826322695652176
1628236795000,0.3151931776818742
1628236825000,0.3127028996312231
1628236855000,0.3192931074829932
1628236885000,0.31328057264492754
1628236915000,0.3145517930317848
1628236945000,0.3125689994481913
1628236975000,0.31193312307692306
1628237005000,0.31678892151198523
1628237035000,0.3171836856532357
1628237065000,0.31403373515673016
1628237095000,0.3168343975866337
1628237125000,0.31235080722222225
1628237155000,0.3127303907942238
1628237185000,0.3171670466666667
1628237215000,0.3105036575552825
1628237245000,0.31397828619854723
1628237275000,0.3105208936469151
1628237305000,0.31442705510455105
1628237335000,0.31050928403412553
1628237365000,0.3142682369578497
1628237395000,0.316348836996337
1628237425000,0.3148064137909709
1628237455000,0.3187163460869565
1628237485000,0.3131151141900122
1628237515000,0.3173277580724371
1628237545000,0.31236276521468576
1628237575000,0.3180792518404908
1628237605000,0.31716597321867324
1628237635000,0.31767473879950503
1628237665000,0.311766728125
1628237695000,0.3176092566002491
1628237725000,0.3167154100621118
1628237755000,0.32224659444783404
1628237785000,0.3097038920219245
1628237815000,0.3125145406800243
1628237845000,0.31185332234365515
1628237875000,0.3123096532797029
1628237905000,0.3208668450060901
1628237935000,0.3170609175700935
1628237965000,0.3147760235439901
1628237995000,0.3171816913149847
1628238025000,0.3117259379801735
1628238055000,0.31494147805777506
1628238085000,0.3119568558536585
1628238115000,0.3180501458715596
1628238145000,0.31893114969400244
1628238175000,0.3210414011663597
1628238205000,0.3170896974637681
1628238235000,0.3121868084541063
1628238265000,0.3103928557038835
1628238295000,0.3116705555758684
1628238325000,0.3137639768524189
1628238355000,0.3150857679802956
1628238385000,0.3180960294044665
1628238415000,0.31978789272951325
1628238445000,0.31334248723404257
1628238475000,0.318842277535781
1628238505000,0.3198765174661747
1628238535000,0.3138524482551143
1628238565000,0.3206869764957265
1628238595000,0.3113441651624549
1628238625000,0.3091654556169429
1628238655000,0.3081923571603427
1628238685000,0.3178895082825822
1628238715000,0.3188104819651741
1628238745000,0.3149995720944686
1628238775000,0.3123114514778325
1628238805000,0.3127107172392638
1628238835000,0.3129494755664421
1628238865000,0.3152602549786194
1628238895000,0.30873179214372715
1628238925000,0.3109606759348613
1628238955000,0.31947673708002444
1628238985000,0.3109024794648413
1628239015000,0.32003228215590745
1628239045000,0.3152374082149475
1628239075000,0.3152458903444034
1628239105000,0.31789533763636363
1628239135000,0.3171548336809816
1628239165000,0.31573772890528906
1628239195000,0.31829322657601977
1628239225000,0.3124490499391728
1628239255000,0.3209877220223325
1628239285000,0.3157008627128954
1628239315000,0.3189842958845209
1628239345000,0.314034223955774
1628239375000,0.3146394375308642
1628239405000,0.3172094963285625
1628239435000,0.31198159102642903
1628239465000,0.31582408111246946
1628239495000,0.3168860487537994
1628239525000,0.3169752974784748
1628239555000,0.3126474551447936
1628239585000,0.3123137637096774
1628239615000,0.3128719334350213
1628239645000,0.31145433265807243
1628239675000,0.3162690977216749
1628239705000,0.3144787668898357
1628239735000,0.32180882201834865
1628239765000,0.3185456586164299
1628239795000,0.3118198075887393
1628239825000,0.31687715042527337
1628239855000,0.3116256372136223
1628239885000,0.3154837756626506
1628239915000,0.31849184944852943
1628239945000,0.3200197174334141
1628239975000,0.3220350711706102
1628240005000,0.3109430404674047
1628240035000,0.3120315873083997
1628240065000,0.3124072140061162
1628240095000,0.3125859719018405
1628240125000,0.31407455967053083
1628240155000,0.3114256464219042
1628240185000,0.3127532579138872
1628240215000,0.3133719893524284
1628240245000,0.31804246539408865
1628240275000,0.3198040913449564
1628240305000,0.3242249832309582
1628240335000,0.3110581020232986
1628240365000,0.3201878852125693
1628240395000,0.3203372791692499
1628240425000,0.31833594795180725
1628240455000,0.3120225903525046
1628240485000,0.3111650848635236
1628240515000,0.3151388235366605
1628240545000,0.3151507898820609
1628240575000,0.3203055768195719
1628240605000,0.31169234018348624
1628240635000,0.31620418960096736
1628240665000,0.3143755175061425
1628240695000,0.3125997208637469
1628240725000,0.3164121072139304
1628240755000,0.3116046896424168
1628240785000,0.31875407905113984
1628240815000,0.31326245157384985
1628240845000,0.3219015521604938
1628240875000,0.3214202282608696
1628240905000,0.3138361253869969
1628240935000,0.31661192081784384
1628240965000,0.31706342124542125
1628240995000,0.3163641846764347
1628241025000,0.3119303678111588
1628241055000,0.3155338268382353
1628241085000,0.3118287239829994
1628241115000,0.31121164091470954
1628241145000,0.3193295739692308
1628241175000,0.3148216852489244
1628241205000,0.3211794045539613
1628241235000,0.31694915121506684
1628241265000,0.3109989126838235
1628241295000,0.3163885635018496
1628241325000,0.3165830361910594
1628241355000,0.31781612649414664
1628241385000,0.3224728072839506
1628241415000,0.31774543820638823
1628241445000,0.3162466757985258
1628241475000,0.3126281864281308
1628241505000,0.31376571864406777
1628241535000,0.3171941426361386
1628241565000,0.31180844170761673
1628241595000,0.3159060427688504
1628241625000,0.3125400432983323
1628241655000,0.3136698442874693
1628241685000,0.3205946301557632
1628241715000,0.3164431931523751
1628241745000,0.3152181369230769
1628241775000,0.3132444187841945
1628241805000,0.3173489494730316
1628241835000,0.32151714527027025
1628241865000,0.3193303741060419
1628241895000,0.30957434973037745
1628241925000,0.313066699031477
1628241955000,0.3109224417973462
1628241985000,0.3212373359611886
1628242015000,0.3115967027227723
1628242045000,0.3138329800489596
1628242075000,0.3134702018983466
1628242105000,0.31175680664615385
1628242135000,0.3119576074278699
1628242165000,0.315012498106292
1628242195000,0.31790850760736195
1628242225000,0.31998119302038297
1628242255000,0.3175764247863248
1628242285000,0.3120778523002421
1628242315000,0.31270287133251834
1628242345000,0.3104279960558252
1628242375000,0.31152403481481483
1628242405000,0.3169016229166667
1628242435000,0.31675806676866586
1628242465000,0.3119782446220037
1628242495000,0.3153371693300553
1628242525000,0.3179154836697248
1628242555000,0.3170295230168269
1628242585000,0.31281458232415904
1628242615000,0.3112134272113022
1628242645000,0.31466073733170136
1628242675000,0.3116175811801242
1628242705000,0.3121161714112659
1628242735000,0.31516091293260473
1628242765000,0.3169616518064911
1628242795000,0.31626274504283963
1628242825000,0.31308088984615384
1628242855000,0.3139579793353474
1628242885000,0.3142337613120785
1628242915000,0.3131583813333333
1628242945000,0.31346379900805954
1628242975000,0.3161671631192661
1628243005000,0.3122949841260037
1628243035000,0.31545222192711553
1628243065000,0.3146557417487685
1628243095000,0.3190681702388242
1628243125000,0.3185110989044431
1628243155000,0.31788814203703697
1628243185000,0.31303938652657604
1628243215000,0.3153808131513648
1628243245000,0.30941551517747856
1628243275000,0.3130890020923077
1628243305000,0.3083060324786325
1628243335000,0.31314273818069305
1628243365000,0.3113614411330049
1628243395000,0.31798996878436164
1628243425000,0.3131845431203931
1628243455000,0.3152268566403881
1628243485000,0.3156499418746196
1628243515000,0.3111679659380692
1628243545000,0.312753936822885
1628243575000,0.3145301320465686
1628243605000,0.3136919680812911
1628243635000,0.3247976626625387
1628243665000,0.3110294123533045
1628243695000,0.3170570869164619
1628243725000,0.3179146209375
1628243755000,0.31687927665036675
1628243785000,0.3116696025798526
1628243815000,0.3115461492914356
1628243845000,0.3149696710733778
1628243875000,0.3104580531553398
1628243905000,0.3158597047882136
1628243935000,0.31348497966932026
1628243965000,0.3158511686404834
1628243995000,0.3132972200857318
1628244025000,0.3105156243651753
1628244055000,0.320567298854041
1628244085000,0.3159741045398773
1628244115000,0.31592257420758235
1628244145000,0.3170100710909091
1628244175000,0.3137296771428572
1628244205000,0.31090555290123456
1628244235000,0.3115916970767357
1628244265000,0.3127171053789731
1628244295000,0.3157823652360515
1628244325000,0.31322776143031783
1628244355000,0.3176469047503045
1628244385000,0.31548873817959683
1628244415000,0.3118088600122474
1628244445000,0.31580720690080105
1628244475000,0.3115437569060773
1628244505000,0.316411886509901
1628244535000,0.3194850584103512
1628244565000,0.3113302308348568
1628244595000,0.3112204757483201
1628244625000,0.31541770882171505
1628244655000,0.31876665533211457
1628244685000,0.3153403466220329
1628244715000,0.3176238498453927
1628244745000,0.3110330352009744
1628244775000,0.3138335112795634
1628244805000,0.31760365475751995
1628244835000,0.3131738732022127
1628244865000,0.3169494106004902
1628244895000,0.3191634498152709
1628244925000,0.31748495907990315
1628244955000,0.31637450632530123
1628244985000,0.3148576014687883
1628245015000,0.3168871619551681
1628245045000,0.3199270074519231
1628245075000,0.31199159236408064
1628245105000,0.3159315993880049
1628245135000,0.31256242489217495
1628245165000,0.31264168703241896
1628245195000,0.3102369506477483
1628245225000,0.3104358699318041
1628245255000,0.3116712965367965
1628245285000,0.314322536196319
1628245315000,0.3190866020257827
1628245345000,0.3109315869618696
1628245375000,0.3122709683792049
1628245405000,0.31272377036352433
1628245435000,0.3129210311314985
1628245465000,0.31190951079580503
1628245495000,0.3101782861714976
1628245525000,0.31336943145454543
1628245555000,0.3133525409202454
1628245585000,0.3171154837423313
1628245615000,0.3158564346522782
1628245645000,0.31442936111786146
1628245675000,0.3122970591748768
1628245705000,0.3145295336585366
1628245735000,0.3152062050306749
1628245765000,0.3121123920245399
1628245795000,0.3122778163834952
1628245825000,0.3188996740786241
1628245855000,0.3118627504830918
1628245885000,0.31930925570719604
1628245915000,0.3177581426551936
1628245945000,0.31296192898640296
1628245975000,0.3153564359404097
1628246005000,0.3175319417018708
1628246035000,0.3140565681405209
1628246065000,0.31691998416206263
1628246095000,0.31160443044539354
1628246125000,0.3142899025609756
1628246155000,0.3121706323638614
1628246185000,0.3111021507936508
1628246215000,0.3172374023617153
1628246245000,0.3180434914373089
1628246275000,0.3184315938339438
1628246305000,0.31272125268292683
1628246335000,0.3127165945298095
1628246365000,0.3137448186202686
1628246395000,0.3163200430909091
1628246425000,0.3104600066747573
1628246455000,0.3143869980380135
1628246485000,0.3087156273931367
1628246515000,0.31515424424724603
1628246545000,0.3159405464307505
1628246575000,0.3140379365838509
1628246605000,0.31626254930345243
1628246635000,0.3122448756740196
1628246665000,0.3182407104395604
1628246695000,0.3110423254478073
1628246725000,0.3149474785108959
1628246755000,0.3172311940160395
1628246785000,0.3111345252923077
1628246815000,0.3126664798170732
1628246845000,0.3136424719900187
1628246875000,0.31213813181265204
1628246905000,0.3130193036474164
1628246935000,0.3124237880441447
1628246965000,0.3113140451970443
1628246995000,0.3119228230099502
1628247025000,0.3123952634508349
1628247055000,0.3199981381851401
1628247085000,0.3189838254174397
1628247115000,0.3116891369913687
1628247145000,0.3158900784567901
1628247175000,0.3115839190970104
1628247205000,0.3094560536729858
1628247235000,0.3168129799022602
1628247265000,0.3115163094619666
1628247295000,0.3162623920557914
1628247325000,0.3186244994498777
1628247355000,0.313092767990226
1628247385000,0.31807305419473364
1628247415000,0.3191995343319353
1628247445000,0.3124912401105651
1628247475000,0.3106209973374613
1628247505000,0.3159117683796856
1628247535000,0.31011667567901235
1628247565000,0.3138205809259259
1628247595000,0.3212473211233211
1628247625000,0.3173944755597015
1628247655000,0.3131006015921617
1628247685000,0.315396807891492
1628247715000,0.3146640436881188
1628247745000,0.317245116
1628247775000,0.3154545703612982
1628247805000,0.3141234593230769
1628247835000,0.3156318060211049
1628247865000,0.32203887734326503
1628247895000,0.31457525225726657
1628247925000,0.3165746038674033
1628247955000,0.31077412176009644
1628247985000,0.3141081045117429
1628248015000,0.3134064752795031
1628248045000,0.31607260435052825
1628248075000,0.3180237700992556
1628248105000,0.31517008512851896
1628248135000,0.3111928276307692
1628248165000,0.3128139595282433
1628248195000,0.3150048952615385
1628248225000,0.3124366013455657
1628248255000,0.3123111361298224
1628248285000,0.3205416306234719
1628248315000,0.31199844202358784
1628248345000,0.3179400580845771
1628248375000,0.32024026496619545
1628248405000,0.3140914510742787
1628248435000,0.3163284594017094
1628248465000,0.3118923321406539
1628248495000,0.3156638626293366
1628248525000,0.3129587756740196
1628248555000,0.3171250874401914
1628248585000,0.3146250070036541
1628248615000,0.31591891349845197
1628248645000,0.3138924511642157
1628248675000,0.31142919356435644
1628248705000,0.3207594402093596
1628248735000,0.31286684389195824
1628248765000,0.3146999098651961
1628248795000,0.3157441082107843
1628248825000,0.3106979347247429
1628248855000,0.3107368417226634
1628248885000,0.31321275015216066
1628248915000,0.3167259370938075
1628248945000,0.31621968484848484
1628248975000,0.3127403929813665
1628249005000,0.3109702845869297
1628249035000,0.3131185112352576
1628249065000,0.31398883170731706
1628249095000,0.3095451681044957
1628249125000,0.31233205316770185
1628249155000,0.32100385260545905
1628249185000,0.3138929586270872
1628249215000,0.3123625515508685
1628249245000,0.3149668596932516
1628249275000,0.31465445557586835
1628249305000,0.3117980186032138
1628249335000,0.3124519857142857
1628249365000,0.3123916531941032
1628249395000,0.3171920740985577
1628249425000,0.31753629915305503
1628249455000,0.3147017709224191
1628249485000,0.3201552986001217
1628249515000,0.31824745885608857
1628249545000,0.31623613683567503
1628249575000,0.31190283268292684
1628249605000,0.3148335604422605
1628249635000,0.3104922297163995
1628249665000,0.3107460625609756
1628249695000,0.3135164290302656
1628249725000,0.32054714638854304
1628249755000,0.31174812986857825
1628249785000,0.3113946887730061
1628249815000,0.3177572002430133
1628249845000,0.315550002398524
1628249875000,0.3095698810860281
1628249905000,0.3130959547123623
1628249935000,0.3177750499087036
1628249965000,0.31373791615479113
1628249995000,0.3111081940997567
1628250025000,0.3154579375307125
1628250055000,0.3123907823095823
1628250085000,0.3123066366910867
1628250115000,0.31716430162846804
1628250145000,0.3155330251696484
1628250175000,0.3206531647844566
1628250205000,0.31137335858895704
1628250235000,0.3169153606467358
1628250265000,0.3126632907598784
1628250295000,0.3181679304401736
1628250325000,0.3122324168087698
1628250355000,0.3159768437924645
1628250385000,0.31714767250773995
1628250415000,0.31816523087871285
1628250445000,0.3114998616930573
1628250475000,0.31135165106512475
1628250505000,0.31839830238240685
1628250535000,0.3128528655657493
1628250565000,0.317514491939394
1628250595000,0.3109989953191489
1628250625000,0.3170331971517028
1628250655000,0.3121818742647059
1628250685000,0.3181483997536946
1628250715000,0.3108619267901235
1628250745000,0.31143616901152216
1628250775000,0.317133832
1628250805000,0.3182726805186972
1628250835000,0.31285519244935545
1628250865000,0.3221100923362176
1628250895000,0.31273496089860353
1628250925000,0.31800639097651423
1628250955000,0.3113987801986344
1628250985000,0.3176577197440585
1628251015000,0.3222083126380368
1628251045000,0.3131040062616243
1628251075000,0.3125719301226994
1628251105000,0.31735206109725683
1628251135000,0.3123406045177045
1628251165000,0.3134925415197569
1628251195000,0.3195209974759615
1628251225000,0.31811923489808525
1628251255000,0.3235223262195122
1628251285000,0.32016548609593204
1628251315000,0.3116922134556575
1628251345000,0.31225577172330105
1628251375000,0.31256690569659445
1628251405000,0.3125741173780488
1628251435000,0.3176091401098901
1628251465000,0.31597775611995105
1628251495000,0.3206841918478261
1628251525000,0.3111226548053528
1628251555000,0.3121764253495441
1628251585000,0.312887721863581
1628251615000,0.3165209292757152
1628251645000,0.31717730667070954
1628251675000,0.31412597226941746
1628251705000,0.3190712173543689
1628251735000,0.30976316180597924
1628251765000,0.3213170996328029
1628251795000,0.313928946875
1628251825000,0.3152070824004975
1628251855000,0.3180974935523869
1628251885000,0.3138218405177604
1628251915000,0.31623100602923265
1628251945000,0.3181388427607362
1628251975000,0.3134442190948543
1628252005000,0.3164457326113861
1628252035000,0.3162553609937888
1628252065000,0.31180681726044224
1628252095000,0.3134373972956361
1628252125000,0.31371927129572225
1628252155000,0.3134180471569839
1628252185000,0.31206632164634146
1628252215000,0.312277412392638
1628252245000,0.3131743162990196
1628252275000,0.3112969402855369
1628252305000,0.3132151005497862
1628252335000,0.3126525372809668
1628252365000,0.3108926156191661
1628252395000,0.3115783130145278
1628252425000,0.3201206924344112
1628252455000,0.31739683080684594
1628252485000,0.3170480887931034
1628252515000,0.3162476533540373
1628252545000,0.3096237527084601
1628252575000,0.3118098780804954
1628252605000,0.3131235119420989
1628252635000,0.31744075318491033
1628252665000,0.3126988896825397
1628252695000,0.31246320674432865
1628252725000,0.32092621323076925
1628252755000,0.3180523075682382
1628252785000,0.3145736925788497
1628252815000,0.3144981821472393
1628252845000,0.31182034579780754
1628252875000,0.3165338777027027
1628252905000,0.31480726077717064
1628252935000,0.316192131829419
1628252965000,0.3152730109471095
1628252995000,0.31089812060270605
1628253025000,0.3165008426716141
1628253055000,0.3130520976323988
1628253085000,0.3194575241464929
1628253115000,0.3146679066084788
1628253145000,0.31679740719557203
1628253175000,0.3102154502164502
1628253205000,0.3168036031403941
1628253235000,0.3117702651957738
1628253265000,0.3109401266261398
1628253295000,0.31123782660944205
1628253325000,0.31844235547263683
1628253355000,0.31889052108470445
1628253385000,0.3132465163315052
1628253415000,0.3166289889162562
1628253445000,0.3180334364520049
1628253475000,0.32069815649271843
1628253505000,0.3112229334936861
1628253535000,0.3172290371810449
1628253565000,0.3130171482164822
1628253595000,0.3124065253033981
1628253625000,0.3158375963144963
1628253655000,0.32407024304187193
1628253685000,0.31117928025751074
1628253715000,0.3133010318541033
1628253745000,0.3171608346223565
1628253775000,0.3170501015403573
1628253805000,0.3116465592137592
1628253835000,0.3118202175200493
1628253865000,0.3133820075392039
1628253895000,0.3120162458488228
1628253925000,0.31574171316897176
1628253955000,0.3162715573185732
1628253985000,0.31556204889025896
1628254015000,0.31184436204334365
1628254045000,0.3163007924436319
1628254075000,0.32006718390804606
1628254105000,0.315599034057072
1628254135000,0.3135092071209331
1628254165000,0.31257500406403943
1628254195000,0.3135732429894997
1628254225000,0.31885418703703705
1628254255000,0.3154401339645693
1628254285000,0.31728035704656865
1628254315000,0.31561207203703706
1628254345000,0.3133098001831502
1628254375000,0.3112985573881055
1628254405000,0.31192043347535
1628254435000,0.31733598284848485
1628254465000,0.32224932629310343
1628254495000,0.3181184821208385
1628254525000,0.3128953234862385
1628254555000,0.3171737096793709
1628254585000,0.31495756155268023
1628254615000,0.3211256942214112
1628254645000,0.3111509851037851
1628254675000,0.3198938762981063
1628254705000,0.3169344657568238
1628254735000,0.3152503806985294
1628254765000,0.3220724148539465
1628254795000,0.3116255352363413
1628254825000,0.31347195262515265
1628254855000,0.3154033668734491
1628254885000,0.3139752056797583
1628254915000,0.3196688238566131
1628254945000,0.31079817040385777
1628254975000,0.31201874225526643
1628255005000,0.3113202800492611
1628255035000,0.3154316774984672
1628255065000,0.31138379975460123
1628255095000,0.31580612325440194
1628255125000,0.3172325131218905
1628255155000,0.3229057090628853
1628255185000,0.3160929740878169
1628255215000,0.31770209683313033
1628255245000,0.31525380452572843
1628255275000,0.3177116957081545
1628255305000,0.31990203596330274
1628255335000,0.31701979700489
1628255365000,0.3110922243589744
1628255395000,0.3167824140181269
1628255425000,0.31848652296296304
1628255455000,0.3141880918454936
1628255485000,0.31594219091463416
1628255515000,0.3112014721643164
1628255545000,0.3190143097093383
1628255575000,0.31733375413814563
1628255605000,0.31930449883364026
1628255635000,0.3172821320777643
1628255665000,0.3120412025270758
1628255695000,0.3151877593440594
1628255725000,0.3110488328431373
1628255755000,0.31547734231242314
1628255785000,0.31502232209443104
1628255815000,0.3106146524590164
1628255845000,0.312475272600243
1628255875000,0.31669645336239105
1628255905000,0.3155104722324159
1628255935000,0.31498678831405963
1628255965000,0.31251557327586205
1628255995000,0.3178862069852941
1628256025000,0.3159792813882064
1628256055000,0.31202114390691976
1628256085000,0.3100395853317103
1628256115000,0.3155240741358025
1628256145000,0.318653732882606
1628256175000,0.3144473370848708
1628256205000,0.31985725856793146
1628256235000,0.31814509008009856
1628256265000,0.3101118030788177
1628256295000,0.3124287892641737
1628256325000,0.3145746359832636
1628256355000,0.3146634388651617
1628256385000,0.3155605044337927
1628256415000,0.3175776619700748
1628256445000,0.31136636197270473
1628256475000,0.3167935138650307
1628256505000,0.3167686200496586
1628256535000,0.31056775671826625
1628256565000,0.3172720258495146
1628256595000,0.3192840895783133
1628256625000,0.310569532483303
1628256655000,0.3160241324572127
1628256685000,0.3174766338217338
1628256715000,0.3168837488685015
1628256745000,0.3190058910049628
1628256775000,0.3152044976334952
1628256805000,0.3166655650332728
1628256835000,0.31256094014778324
1628256865000,0.3184446946691176
1628256895000,0.3195231267889908
1628256925000,0.3165120113102596
1628256955000,0.3130943342073171
1628256985000,0.3184129174048659
1628257015000,0.3120704150030619
1628257045000,0.3164359727048675
1628257075000,0.3154996082360172
1628257105000,0.32112352673206623
1628257135000,0.3158601456495098
1628257165000,0.31029394343807765
1628257195000,0.31852401832718324
1628257225000,0.312847288447205
1628257255000,0.3142629826380368
1628257285000,0.31657901423312884
1628257315000,0.3135822600732601
1628257345000,0.3166936240443897
1628257375000,0.3174589305470191
1628257405000,0.31393625399633923
1628257435000,0.31160392002427184
1628257465000,0.31841467680797997
1628257495000,0.3110017837009804
1628257525000,0.3112236621654501
1628257555000,0.3139839640788663
1628257585000,0.3174733013480392
1628257615000,0.3178587809322034
1628257645000,0.3170568889165629
1628257675000,0.3056668332933413
1628257705000,0.31239258926829266
1628257735000,0.3122361696838189
1628257765000,0.3189266565483476
1628257795000,0.3168822863636364
1628257825000,0.3145378955542022
1628257855000,0.3167818828153565
1628257885000,0.3185521472581639
1628257915000,0.3166583950310559
1628257945000,0.3152509574468085
1628257975000,0.3109362148125384
1628258005000,0.3129613233106014
1628258035000,0.31522672827669895
1628258065000,0.32433097281134404
1628258095000,0.31148300959657704
1628258125000,0.3165319709068777
1628258155000,0.3137225394624313
1628258185000,0.3181361258064516
1628258215000,0.3198389373317013
1628258245000,0.3150672456896552
1628258275000,0.3135159569221261
1628258305000,0.3112254046683047
1628258335000,0.3135727723780488
1628258365000,0.31758616423312885
1628258395000,0.31596460637910084
1628258425000,0.3161956384332925
1628258455000,0.3175601778663397
1628258485000,0.31296294302325584
1628258515000,0.321702487745098
1628258545000,0.31519390447852763
1628258575000,0.3120904349097697
1628258605000,0.31214946570197044
1628258635000,0.3112333350333941
1628258665000,0.3159803826302729
1628258695000,0.3176047193154034
1628258725000,0.3109326404805915
1628258755000,0.3184974542403905
1628258785000,0.3110189079951545
1628258815000,0.3156183353374233
1628258845000,0.3141401144981413
1628258875000,0.3124741635919365
1628258905000,0.3113473531403941
1628258935000,0.3121738095354523
1628258965000,0.3126842536796537
1628258995000,0.3187584474106042
1628259025000,0.3110113481004902
1628259055000,0.312789643930992
1628259085000,0.31173458048477315
1628259115000,0.3103085694153846
1628259145000,0.3164125482218204
1628259175000,0.31245308675659106
1628259205000,0.3164533685365853
1628259235000,0.31560199406620865
1628259265000,0.3170804632415902
1628259295000,0.3174204050242131
1628259325000,0.3126134985257985
1628259355000,0.3138638708868501
1628259385000,0.3123638146401985
1628259415000,0.31555836271393645
1628259445000,0.3183549380745342
1628259475000,0.31331964969021064
1628259505000,0.3183893669747381
1628259535000,0.31211226343238324
1628259565000,0.32172079378019325
1628259595000,0.3117333093225606
1628259625000,0.311561888213628
1628259655000,0.3117053281288724
1628259685000,0.310110158682266
1628259715000,0.3129844211932877
1628259745000,0.3165906882280809
1628259775000,0.31506041972002435
1628259805000,0.31667010759878417
1628259835000,0.3142997236532508
1628259865000,0.3161162446306642
1628259895000,0.3157667124768376
1628259925000,0.3121323398523985
1628259955000,0.3146129718787879
1628259985000,0.3174354915789473
1628260015000,0.31779507463325185
1628260045000,0.3143689859085291
1628260075000,0.31104796795343137
1628260105000,0.3187361592980296
1628260135000,0.31452441948842874
1628260165000,0.31873865600976203
1628260195000,0.3160773649262899
1628260225000,0.3192905872366045
1628260255000,0.31415286780905755
1628260285000,0.3165096526758869
1628260315000,0.31098305
1628260345000,0.3206088156076496
1628260375000,0.320238724017199
1628260405000,0.3141772347473487
1628260435000,0.3175381127737226
1628260465000,0.31690268838352803
1628260495000,0.3130476227662179
1628260525000,0.3149758497223936
1628260555000,0.3112381134428224
1628260585000,0.3138288742216687
1628260615000,0.3150243136
1628260645000,0.31119332795107035
1628260675000,0.31226092890673257
1628260705000,0.31453031189889025
1628260735000,0.3112037272506083
1628260765000,0.31261792840490804
1628260795000,0.3178531629213483
1628260825000,0.3155221115763547
1628260855000,0.31121874454545456
1628260885000,0.3159745
1628260915000,0.3175307873605948
1628260945000,0.3161075733415995
1628260975000,0.3168382602815177
1628261005000,0.31592857586206896
1628261035000,0.3116407913771712
1628261065000,0.31050011957186546
1628261095000,0.31428546137761376
1628261125000,0.31567330696670776
1628261155000,0.3166437406019656
1628261185000,0.3109731675960347
1628261215000,0.3159592977598009
1628261245000,0.3122520711717297
1628261275000,0.31380091287738754
1628261305000,0.3157836743651753
1628261335000,0.31778235873996297
1628261365000,0.32127100370145634
1628261395000,0.31739172369380314
1628261425000,0.3199560543345543
1628261455000,0.3117118250308261
1628261485000,0.31233816474908194
1628261515000,0.3183426691076923
1628261545000,0.3155200005421687
1628261575000,0.3161382590909091
1628261605000,0.31582026460122703
1628261635000,0.3168347384615385
1628261665000,0.31691221791590496
1628261695000,0.31459129907521577
1628261725000,0.3168482200870647
1628261755000,0.31141289134969324
1628261785000,0.31610549815611555
1628261815000,0.31152784756623536
1628261845000,0.3161960616707617
1628261875000,0.3191525193920973
1628261905000,0.3135156396179914
1628261935000,0.31290671297567063
1628261965000,0.3172974466137889
1628261995000,0.3138663515337423
1628262025000,0.3118306104422605
1628262055000,0.31628263101965604
1628262085000,0.3168517367647059
1628262115000,0.3117273054287477
1628262145000,0.31399547936602873
1628262175000,0.31784501122572817
1628262205000,0.3104857251053582
1628262235000,0.3106634139420111
1628262265000,0.3196197670799752
1628262295000,0.31220816342219465
1628262325000,0.31888804722557296
1628262355000,0.31169319865443423
1628262385000,0.3189691817903127
1628262415000,0.31723202932193034
1628262445000,0.3188410373612824
1628262475000,0.3121734557397176
1628262505000,0.3142661566425121
1628262535000,0.3133492198159509
1628262565000,0.31739676748617085
1628262595000,0.3135891612684729
1628262625000,0.3154718192450495
1628262655000,0.3155937030674847
1628262685000,0.3158240201588271
1628262715000,0.3130709454930429
1628262745000,0.3125560031040779
1628262775000,0.32021981831412977
1628262805000,0.31455116821752266
1628262835000,0.3173191821733822
1628262865000,0.3123873540903541
1628262895000,0.3125845766169154
1628262925000,0.3208452934538653
1628262955000,0.3184280021658416
1628262985000,0.3135663599143207
1628263015000,0.31490282441717793
1628263045000,0.31658931638554216
1628263075000,0.3117772011578306
1628263105000,0.3114532694444445
1628263135000,0.32340816425531915
1628263165000,0.3121338134071341
1628263195000,0.31174381384146344
1628263225000,0.3109792371604938
1628263255000,0.3182361116564417
1628263285000,0.31901374057428217
1628263315000,0.30993259018292685
1628263345000,0.3130551263157895
1628263375000,0.3170879317117117
1628263405000,0.3131593173006135
1628263435000,0.313593894292804
1628263465000,0.3161652802782819
1628263495000,0.3109887224527151
1628263525000,0.3136952028450363
1628263555000,0.3106846943861813
1628263585000,0.3147018262583384
1628263615000,0.3214257248029109
1628263645000,0.31332016024615383
1628263675000,0.3113382398660986
1628263705000,0.3215378260519802
1628263735000,0.3124076186104218
1628263765000,0.3131842950870647
1628263795000,0.3136654555831265
1628263825000,0.3113185715757576
1628263855000,0.32221565040098704
1628263885000,0.3181191388014528
1628263915000,0.3152737107777097
1628263945000,0.3165087769748928
1628263975000,0.311278857666463
1628264005000,0.3074334304556355
1628264035000,0.31621136533497235
1628264065000,0.32028857510677244
1628264095000,0.3137892716034272
1628264125000,0.3118301931330472
1628264155000,0.3129570700180614
1628264185000,0.3158423325301205
1628264215000,0.3109930555142503
1628264245000,0.3139576582667486
1628264275000,0.3098745362810418
1628264305000,0.31212068393077874
1628264335000,0.31189715851259986
1628264365000,0.31075915306748464
1628264395000,0.3107625862089915
1628264425000,0.31987889229346483
1628264455000,0.3189816152862363
1628264485000,0.3162482631931749
1628264515000,0.3122426260416667
1628264545000,0.3141499909915357
1628264575000,0.3099330438499385
1628264605000,0.3137278534229829
1628264635000,0.3194428479368932
1628264665000,0.3126680332929048
1628264695000,0.3119546633209417
1628264725000,0.3068899396882494
1628264755000,0.3141431072526122
1628264785000,0.3116747299013564
1628264815000,0.3110677289230769
1628264845000,0.3127145687078996
1628264875000,0.31647068346749224
1628264905000,0.3150438324441687
1628264935000,0.3200510972239358
1628264965000,0.3118278918935269
1628264995000,0.3138856656422864
1628265025000,0.318305203347535
1628265055000,0.3131137273514851
1628265085000,0.3127254276178812
1628265115000,0.3157607707905854
1628265145000,0.3080500875921376
1628265175000,0.31629178488228005
1628265205000,0.3166250988909427
1628265235000,0.31089295820987656
1628265265000,0.31624672009987514
1628265295000,0.31344855068069305
1628265325000,0.3173318238713667
1628265355000,0.3165375220360025
1628265385000,0.3150366951829268
1628265415000,0.32010878961038963
1628265445000,0.3163574328239609
1628265475000,0.3204914113706208
1628265505000,0.3107919494876432
1628265535000,0.31306042169049103
1628265565000,0.3156322443968157
1628265595000,0.31309301499388004
1628265625000,0.32296199250153657
1628265655000,0.31083753450617285
1628265685000,0.3203913175375375
1628265715000,0.31269480902906616
1628265745000,0.3246484111178248
1628265775000,0.31454664837935176
1628265805000,0.3121225908532842
1628265835000,0.31253819092017066
1628265865000,0.3121696352258852
1628265895000,0.31461942962287104
1628265925000,0.3187949524831392
1628265955000,0.3095721761029412
1628265985000,0.3109205203791469
1628266015000,0.31730138607055963
1628266045000,0.31287640322981364
1628266075000,0.3178198878527607
1628266105000,0.3121290038130381
1628266135000,0.3157746098330241
1628266165000,0.3122515535471931
1628266195000,0.31169134647887325
1628266225000,0.3118227366788321
1628266255000,0.3183860448444173
1628266285000,0.31732723573629085
1628266315000,0.3122293591384616
1628266345000,0.312723658287796
1628266375000,0.3142430534701267
1628266405000,0.31737667216367016
1628266435000,0.3177259651753325
1628266465000,0.3168111397796818
1628266495000,0.3142793113846154
1628266525000,0.310778903318992
1628266555000,0.3109982245098039
1628266585000,0.309506525409339
1628266615000,0.3165396324817518
1628266645000,0.317858456638246
1628266675000,0.3135274406423718
1628266705000,0.3133021605375687
1628266735000,0.3197046566727605
1628266765000,0.3221263954323995
1628266795000,0.3131306556713673
1628266825000,0.3164095464396285
1628266855000,0.3154605697191697
1628266885000,0.3127906551787916
1628266915000,0.3104292773934528
1628266945000,0.3137104684863524
1628266975000,0.3188464453115548
1628267005000,0.3159802436176649
1628267035000,0.3163587082410824
1628267065000,0.31728253489932884
1628267095000,0.31180539932432433
1628267125000,0.3159126549845201
1628267155000,0.31210263501228497
1628267185000,0.318312504649721
1628267215000,0.3175106652521525
1628267245000,0.31719160680981595
1628267275000,0.3138075458687728
1628267305000,0.3109887893617021
1628267335000,0.3227385032615385
1628267365000,0.3171744262315271
1628267395000,0.3168116237515225
1628267425000,0.3141674014110429
1628267455000,0.32048440779220777
1628267485000,0.3160745353949785
1628267515000,0.3173251314893617
1628267545000,0.3162929977562159
1628267575000,0.3125388973055725
1628267605000,0.314341484689572
1628267635000,0.3217411751062538
1628267665000,0.3128685136638452
1628267695000,0.3120327256897609
1628267725000,0.3114382855670103
1628267755000,0.3159985081645181
1628267785000,0.3117384235688185
1628267815000,0.31709919143898
1628267845000,0.3154668155076923
1628267875000,0.3190113523191095
1628267905000,0.3181664793444651
1628267935000,0.31715152914853945
1628267965000,0.3152598560218978
1628267995000,0.3184056509225092
1628268025000,0.3136955501557632
1628268055000,0.3153141806060606
1628268085000,0.3141809410272277
1628268115000,0.312845107649599
1628268145000,0.3154770536024845
1628268175000,0.3121302588669951
1628268205000,0.317301463980464
1628268235000,0.3210674545676005
1628268265000,0.31277016259168705
1628268295000,0.3121913033742331
1628268325000,0.3177172945061729
1628268355000,0.3124955122905028
1628268385000,0.3114294755541872
1628268415000,0.31124647256691
1628268445000,0.31294100627640314
1628268475000,0.3136164181542198
1628268505000,0.3168961922141119
1628268535000,0.31979447965367963
1628268565000,0.3167880044648318
1628268595000,0.3113032713844252
1628268625000,0.3198354812807882
1628268655000,0.3151736332513829
1628268685000,0.31246286088807784
1628268715000,0.31598768383527964
1628268745000,0.3115602524248005
1628268775000,0.31648913726557776
1628268805000,0.31688104344615386
1628268835000,0.3188720923268871
1628268865000,0.31213238794587944
1628268895000,0.31737451628340585
1628268925000,0.3129360869485294
1628268955000,0.31191970978934325
1628268985000,0.3121647364480198
1628269015000,0.3130037806707317
1628269045000,0.3123555132627646
1628269075000,0.3199475955269608
1628269105000,0.3150189569760295
1628269135000,0.31960718141538463
1628269165000,0.3171360384950249
1628269195000,0.31108066704888354
1628269225000,0.316613409500609
1628269255000,0.3153341308248043
1628269285000,0.31414814873798075
1628269315000,0.3112267259963213
1628269345000,0.3142792753333333
1628269375000,0.31747009401343923
1628269405000,0.3143068778668311
1628269435000,0.3200443073593073
1628269465000,0.31199779001218025
1628269495000,0.31789134153846155
1628269525000,0.3126511697473814
1628269555000,0.3172259048675293
1628269585000,0.310682950818678
1628269615000,0.3111262586602293
1628269645000,0.3161314509864365
1628269675000,0.30982113770491804
1628269705000,0.31383008535384616
1628269735000,0.3148761021183801
1628269765000,0.3123101193470375
1628269795000,0.3131848001218769
1628269825000,0.31119856253758266
1628269855000,0.3156555542288557
1628269885000,0.3181172701050031
1628269915000,0.31175030562003664
1628269945000,0.3111866185775598
1628269975000,0.3112617717444717
1628270005000,0.3165858154869933
1628270035000,0.31283399023941066
1628270065000,0.31256938133738604
1628270095000,0.3132515806393245
1628270125000,0.31373594212432104
1628270155000,0.3120964379629629
1628270185000,0.315479511797066
1628270215000,0.31666108080931943
1628270245000,0.32220763686466625
1628270275000,0.3171960393829401
1628270305000,0.313801290499391
1628270335000,0.32341423512851897
1628270365000,0.3131453817230769
1628270395000,0.3108719334140436
1628270425000,0.31683042551892554
1628270455000,0.3169858114743985
1628270485000,0.3171999755828221
1628270515000,0.3166518305230769
1628270545000,0.31320486481028154
1628270575000,0.3140548680615385
1628270605000,0.3157838946847961
1628270635000,0.3135725472872996
1628270665000,0.3169535577666875
1628270695000,0.3180868140169903
1628270725000,0.3135265033763045
1628270755000,0.3190229473781616
1628270785000,0.3136092907361963
1628270815000,0.3165453046413502
1628270845000,0.3116595304562269
1628270875000,0.3210590100799017
1628270905000,0.3168313150862069
1628270935000,0.3107548174074074
1628270965000,0.3121499787914692
1628270995000,0.31060011902468393
1628271025000,0.31280484502138056
1628271055000,0.3154708198270537
1628271085000,0.3121926030135301
1628271115000,0.31161027988861384
1628271145000,0.31410899819875776
1628271175000,0.31192279479804164
1628271205000,0.3217095279098111
1628271235000,0.3159336633995037
1628271265000,0.31766871584463624
1628271295000,0.3145864864684466
1628271325000,0.3196798042176039
1628271355000,0.31357103126915997
1628271385000,0.3144958778325123
1628271415000,0.3118786990129549
1628271445000,0.3192663486127865
1628271475000,0.31748780964805823
1628271505000,0.3122827660447761
1628271535000,0.3130052857493857
1628271565000,0.3125594647790915
1628271595000,0.3170945574984443
1628271625000,0.3127133039706781
1628271655000,0.31507839704251384
1628271685000,0.31524693601694914
1628271715000,0.3178048553799392
1628271745000,0.3126037959501557
1628271775000,0.31837118534641323
1628271805000,0.3129979458866545
1628271835000,0.3142613652872143
1628271865000,0.3211504269325153
1628271895000,0.3184988459642637
1628271925000,0.31013199270072994
1628271955000,0.3117256968924798
1628271985000,0.3191916174046741
1628272015000,0.31256841234718824
1628272045000,0.3163944585230769
1628272075000,0.3158646266831377
1628272105000,0.3107213774390244
1628272135000,0.3101958283618582
1628272165000,0.3208455390214067
1628272195000,0.31131195126811595
1628272225000,0.31784203343596057
1628272255000,0.3205394771324864
1628272285000,0.3154635968673219
1628272315000,0.31721751213979155
1628272345000,0.314905530880579
1628272375000,0.3164088799267846
1628272405000,0.31486132878973105
1628272435000,0.31236507063492064
1628272465000,0.3116134542050338
1628272495000,0.3118195501519757
1628272525000,0.3127522436517533
1628272555000,0.3130053361675909
1628272585000,0.3184352813234385
1628272615000,0.3173492227637261
1628272645000,0.3200447249385749
1628272675000,0.3157129817739976
1628272705000,0.3112880814121907
1628272735000,0.3140660412408759
1628272765000,0.31619676377952755
1628272795000,0.3148629343465046
1628272825000,0.3120640681930693
1628272855000,0.317216261405672
1628272885000,0.3129671896024465
1628272915000,0.3149679785934608
1628272945000,0.3137342235475896
1628272975000,0.32268016784386616
1628273005000,0.3195016078324226
1628273035000,0.3158760704545455
1628273065000,0.3175046788379205
1628273095000,0.3183349939243645
1628273125000,0.3154361963347587
1628273155000,0.320201769292804
1628273185000,0.3121714829510229
1628273215000,0.31441299232198144
1628273245000,0.3223028564307692
1628273275000,0.3115599589440994
1628273305000,0.3163018733414485
1628273335000,0.32192763964460785
1628273365000,0.32002531355828223
1628273395000,0.3118488602203182
1628273425000,0.3138369586335404
1628273455000,0.31521086454601605
1628273485000,0.317477579876161
1628273515000,0.31999160847352026
1628273545000,0.3164119961775585
1628273575000,0.31702605193370165
1628273605000,0.31087350642988365
1628273635000,0.3155426621091355
1628273665000,0.3136806861261261
1628273695000,0.31358136288848265
1628273725000,0.32070016713329275
1628273755000,0.312416771270037
1628273785000,0.31640406951144096
1628273815000,0.3222478877899878
1628273845000,0.31651185085470085
1628273875000,0.3192527698159509
1628273905000,0.3134662235365854
1628273935000,0.31804864393757504
1628273965000,0.3150332582363748
1628273995000,0.3134237006134969
1628274025000,0.3148456484441733
1628274055000,0.31557310695384616
1628274085000,0.3147881271686747
1628274115000,0.3153078013538462
1628274145000,0.3152655069993914
1628274175000,0.3131244726219512
1628274205000,0.3120386370483772
1628274235000,0.316589542333537
1628274265000,0.3195067447463768
1628274295000,0.3121135671532847
1628274325000,0.3101110706169823
1628274355000,0.3152346611111111
1628274385000,0.3185140017964072
1628274415000,0.3107501426488457
1628274445000,0.3139428494762785
1628274475000,0.31949406053756874
1628274505000,0.3127818572744015
1628274535000,0.31190028920731705
1628274565000,0.3145077440793552
1628274595000,0.3159743901098901
1628274625000,0.3118677824148607
1628274655000,0.3139067739049969
1628274685000,0.3142189886446887
1628274715000,0.3118393155610663
1628274745000,0.32286529926289925
1628274775000,0.3123016975746269
1628274805000,0.317550888599151
1628274835000,0.3110663282051282
1628274865000,0.3129935613084112
1628274895000,0.3125444869858809
1628274925000,0.3120901628104179
1628274955000,0.3158613451593137
1628274985000,0.31021086864303177
1628275015000,0.3130114277027027
1628275045000,0.3133445941574416
1628275075000,0.32020229549878343
1628275105000,0.3169456180469716
1628275135000,0.3165011213035607
1628275165000,0.3160778315757204
1628275195000,0.31934409755799753
1628275225000,0.3096437847051597
1628275255000,0.3152353226124461
1628275285000,0.31199323791844186
1628275315000,0.31160828845917743
1628275345000,0.3214278732643118
1628275375000,0.3118827621371217
1628275405000,0.3126284134146341
1628275435000,0.3116152619571865
1628275465000,0.3119441237195122
1628275495000,0.3132495335202492
1628275525000,0.3137808815533981
1628275555000,0.3110410123161765
1628275585000,0.3160742155828221
1628275615000,0.3120202279184682
1628275645000,0.3198307618348624
1628275675000,0.3170774925382263
1628275705000,0.3210167246031746
1628275735000,0.3154649972755418
1628275765000,0.31524000706757593
1628275795000,0.3123641581238504
1628275825000,0.3156988814471243
1628275855000,0.31809646644498185
1628275885000,0.3168321629331683
1628275915000,0.3168514308164518
1628275945000,0.3104091367710252
1628275975000,0.3134194999384615
1628276005000,0.3124342718978102
1628276035000,0.3109675413751508
1628276065000,0.3149803149481391
1628276095000,0.3110772219261054
1628276125000,0.3136063323600973
1628276155000,0.3174747513043478
1628276185000,0.31350881557326793
1628276215000,0.3181937895291202
1628276245000,0.3105777942874693
1628276275000,0.3186240472460221
1628276305000,0.3118154269277109
1628276335000,0.31398826084558823
1628276365000,0.3168545156231003
1628276395000,0.3119026258084577
1628276425000,0.31783858825710753
1628276455000,0.3172993108923077
1628276485000,0.3115121977629988
1628276515000,0.32588093664215684
1628276545000,0.3144205839242053
1628276575000,0.3154842633681623
1628276605000,0.3113319129926108
1628276635000,0.3116527454207921
1628276665000,0.31256481125989044
1628276695000,0.3168746562770563
1628276725000,0.31636206845310605
1628276755000,0.31694736260012324
1628276785000,0.31579436351595425
1628276815000,0.31860642638376385
1628276845000,0.3164958260223049
1628276875000,0.31620717897340755
1628276905000,0.31217074541033435
1628276935000,0.31709443959608324
1628276965000,0.3119503979878049
1628276995000,0.3169594175137783
1628277025000,0.31728661905051736
1628277055000,0.31876101205330104
1628277085000,0.3223279434542102
1628277115000,0.31690129619865115
1628277145000,0.3184272897184823
1628277175000,0.31450877442563485
1628277205000,0.3745722424242424
1628277235000,0.3733160984
1628277265000,0.3327735388855239
1628277295000,0.3193611765605875
1628277325000,0.31276727616707617
1628277355000,0.31318358408536584
1628277385000,0.31165879042883776
1628277415000,0.3130148882533825
1628277445000,0.3124324913602941
1628277475000,0.30916777021531106
1628277505000,0.3153134927350427
1628277535000,0.31074569848024314
1628277565000,0.3120878223780488
1628277595000,0.3184918872222222
1628277625000,0.31334650673135234
1628277655000,0.31324447208459216
1628277685000,0.3175835903089037
1628277715000,0.31225238026634383
1628277745000,0.3103714876979293
1628277775000,0.3150955740900679
1628277805000,0.3171868980769231
1628277835000,0.31434047883435584
1628277865000,0.3181966429889299
1628277895000,0.3101904191722459
1628277925000,0.3213137562877872
1628277955000,0.3130858951027811
1628277985000,0.32385488273116964
1628278015000,0.31271335791100124
1628278045000,0.31427171161369194
1628278075000,0.31791803445326816
1628278105000,0.3145228483188045
1628278135000,0.3125965474009901
1628278165000,0.31600730838471025
1628278195000,0.31713406151458723
1628278225000,0.30999962402676395
1628278255000,0.3151437526380368
1628278285000,0.31680127223602483
1628278315000,0.31217052483221475
1628278345000,0.3110929
1628278375000,0.3125912416309013
1628278405000,0.3159557178657074
1628278435000,0.3131485946045371
1628278465000,0.31638580163141994
1628278495000,0.3183035730440098
1628278525000,0.3207955911926605
1628278555000,0.3177377814082767
1628278585000,0.31171445443273404
1628278615000,0.313639335
1628278645000,0.31546251531421604
1628278675000,0.3124683166666667
1628278705000,0.3160502958435208
1628278735000,0.31713700799256506
1628278765000,0.31033036658610275
1628278795000,0.3117735646805897
1628278825000,0.31035522131246235
1628278855000,0.3183809035495716
1628278885000,0.32632658140547266
1628278915000,0.310596293126935
1628278945000,0.3132384449275362
1628278975000,0.31939660826140565
1628279005000,0.3221685889574337
1628279035000,0.3144841348447205
1628279065000,0.3113893604294479
1628279095000,0.3104404710091743
1628279125000,0.3121793571780653
1628279155000,0.3154205543795621
1628279185000,0.3159093625151149
1628279215000,0.3111788962985437
1628279245000,0.3231586254926108
1628279275000,0.31238501076923075
1628279305000,0.3162298419533169
1628279335000,0.31573902446873103
1628279365000,0.31488471953601954
1628279395000,0.3171091915802319
1628279425000,0.3163159655109489
1628279455000,0.3149619630989421
1628279485000,0.31236451286153843
1628279515000,0.31158869457317073
1628279545000,0.31161524625307124
1628279575000,0.31560142664233576
1628279605000,0.3119213575248756
1628279635000,0.31542511190914674
1628279665000,0.31633874718137256
1628279695000,0.3132036213455657
1628279725000,0.317628543047966
1628279755000,0.3154207267246737
1628279785000,0.316514744278607
1628279815000,0.3154336973619632
1628279845000,0.31396291708074536
1628279875000,0.31245386855733664
1628279905000,0.3190586189506173
1628279935000,0.3160619789057751
1628279965000,0.3109473712177121
1628279995000,0.3120500835351089
1628280025000,0.3171905376927822
1628280055000,0.31604306059502124
1628280085000,0.31312559850653393
1628280115000,0.31898955348258706
1628280145000,0.3117583790382244
1628280175000,0.3114795869993839
1628280205000,0.31225278707107845
1628280235000,0.31735262794840297
1628280265000,0.31759116003649634
1628280295000,0.31871927932098765
1628280325000,0.31645253280680435
1628280355000,0.31651354794685993
1628280385000,0.31496762688971497
1628280415000,0.3181068674261084
1628280445000,0.31906751787025706
1628280475000,0.3234307999386879
1628280505000,0.3143617367773678
1628280535000,0.31398932265768525
1628280565000,0.3131997641025641
1628280595000,0.3171698948954489
1628280625000,0.31727721383108937
1628280655000,0.30919796605279315
1628280685000,0.3112468526060606
1628280715000,0.3203042823601721
1628280745000,0.31932896023646545
1628280775000,0.31623045474452555
1628280805000,0.3138492963669951
1628280835000,0.3138893467144564
1628280865000,0.3150537501851852
1628280895000,0.32103641976885644
1628280925000,0.322132186797066
1628280955000,0.3177866067878788
1628280985000,0.31265377122699384
1628281015000,0.3172114712386707
1628281045000,0.3174563384194529
1628281075000,0.3120905172201722
1628281105000,0.3165005774984672
1628281135000,0.3150171811184606
1628281165000,0.31527450702075704
1628281195000,0.3145541943523634
1628281225000,0.3166633712507779
1628281255000,0.3115864503075031
1628281285000,0.3141564257529195
1628281315000,0.31602007864615383
1628281345000,0.3145349899816738
1628281375000,0.3186838771150335
1628281405000,0.3175270035098522
1628281435000,0.31703267367119903
1628281465000,0.31604178459196103
1628281495000,0.3113180707107843
1628281525000,0.3112491571777642
1628281555000,0.3179204888059701
1628281585000,0.31221991280637257
1628281615000,0.3134480654623393
1628281645000,0.3150249300429184
1628281675000,0.3162908391932571
1628281705000,0.3134264480368098
1628281735000,0.31536023612662945
1628281765000,0.31838037855833845
1628281795000,0.31446352705811137
1628281825000,0.3109471105166052
1628281855000,0.3113469357142857
1628281885000,0.31360888623232946
1628281915000,0.312889180259901
1628281945000,0.3137617778875849
1628281975000,0.2858329504570384
1628282005000,0.3165792017167382
1628282035000,0.3151394323995128
1628282065000,0.3173491155393053
1628282095000,0.3198414920858896
1628282125000,0.3157149780062305
1628282155000,0.3192348574269733
1628282185000,0.3148242809202454
1628282215000,0.31708013022113024
1628282245000,0.3188793363918165
1628282275000,0.3164599353510896
1628282305000,0.3164722847384616
1628282335000,0.3253300825822168
1628282365000,0.3117231611793612
1628282395000,0.3122345866421569
1628282425000,0.3199547607795372
1628282455000,0.3114161420858896
1628282485000,0.3127002407519709
1628282515000,0.3211956820995145
1628282545000,0.3134967949783013
1628282575000,0.3167141321733822
1628282605000,0.31134460387931034
1628282635000,0.3156138717697489
1628282665000,0.3110969410351201
1628282695000,0.3175178025386997
1628282725000,0.3161119423946243
1628282755000,0.3150391156076496
1628282785000,0.3107651077443147
1628282815000,0.3108358925880924
1628282845000,0.3138799142420538
1628282875000,0.3213096120817844
1628282905000,0.3172217149493746
1628282935000,0.3121212688888889
1628282965000,0.3112937398399015
1628282995000,0.3126308128834356
1628283025000,0.3161238427089689
1628283055000,0.3154974045482483
1628283085000,0.3163604533292232
1628283115000,0.31738405373226397
1628283145000,0.3111776293617021
1628283175000,0.3195093372860636
1628283205000,0.3146523012406948
1628283235000,0.31629020055935364
1628283265000,0.31563058467692306
1628283295000,0.3255005743842365
1628283325000,0.3220652952736318
1628283355000,0.3160197689255189
1628283385000,0.3109140585723002
1628283415000,0.3205408938195303
1628283445000,0.3190204847332925
1628283475000,0.31169913413136896
1628283505000,0.31325061886908423
1628283535000,0.3165854621988882
1628283565000,0.31220482415280343
1628283595000,0.3112272236051502
1628283625000,0.3165787225258045
1628283655000,0.3174190052179251
1628283685000,0.3163339671990172
1628283715000,0.3141490288520565
1628283745000,0.3104844882708585
1628283775000,0.3142687469226081
1628283805000,0.3180943494538835
1628283835000,0.31830088282890673
1628283865000,0.3146070402431611
1628283895000,0.31134557790626904
1628283925000,0.31359400006119953
1628283955000,0.3119746087891825
1628283985000,0.3128194959627329
1628284015000,0.3167111540357363
1628284045000,0.3136841517052375
1628284075000,0.3124897971393792
1628284105000,0.31081071423290196
1628284135000,0.3139551197200243
1628284165000,0.31689736598639456
1628284195000,0.3160909772392638
1628284225000,0.3110336913739988
1628284255000,0.3098467018018018
1628284285000,0.3155569827049671
1628284315000,0.3163979498455837
1628284345000,0.3130137395997574
1628284375000,0.3160815191528545
1628284405000,0.32155579453076444
1628284435000,0.3142379818237082
1628284465000,0.3153726571428571
1628284495000,0.3102518691328078
1628284525000,0.31566360012224937
1628284555000,0.3173401278018576
1628284585000,0.31189127420758234
1628284615000,0.3140502687424426
1628284645000,0.31199932498469074
1628284675000,0.31617917897590364
1628284705000,0.3170975867992767
1628284735000,0.31582652114673243
1628284765000,0.3148339773365913
1628284795000,0.3179630531115219
1628284825000,0.3159346684501845
1628284855000,0.31241368708509354
1628284885000,0.31653773050951506
1628284915000,0.3131911873170732
1628284945000,0.3153715614163614
1628284975000,0.3192385906716418
1628285005000,0.3154269943661972
1628285035000,0.3156828755076923
1628285065000,0.31115299270386265
1628285095000,0.32420087084100674
1628285125000,0.31242437767639897
1628285155000,0.3122688144083384
1628285185000,0.3137734054054054
1628285215000,0.31630412653562656
1628285245000,0.31777251070317364
1628285275000,0.31594718646341463
1628285305000,0.31788578711467325
1628285335000,0.3164802153569286
1628285365000,0.3125490351694915
1628285395000,0.3192629146811071
1628285425000,0.31713172672361195
1628285455000,0.3102757469075321
1628285485000,0.3173468572634117
1628285515000,0.31069345881991395
1628285545000,0.3106436007285974
1628285575000,0.3147613923123856
1628285605000,0.31812085760936537
1628285635000,0.3171477009809933
1628285665000,0.31693473978168585
1628285695000,0.3180480271838729
1628285725000,0.3125517118226601
1628285755000,0.3123572913123845
1628285785000,0.3189580993284493
1628285815000,0.3155246936763794
1628285845000,0.3128421878769231
1628285875000,0.31770965762195125
1628285905000,0.3121271742192284
1628285935000,0.3131967354025814
1628285965000,0.3142298584848485
1628285995000,0.3126783053374233
1628286025000,0.32013291517027864
1628286055000,0.32333848014934663
1628286085000,0.3167306350090854
1628286115000,0.3120158168286756
1628286145000,0.3118352976044226
1628286175000,0.31248976815403423
1628286205000,0.3162158120467117
1628286235000,0.31468375577275504
1628286265000,0.31921451832620645
1628286295000,0.3154216801601972
1628286325000,0.3166517144526445
1628286355000,0.3188930314941104
1628286385000,0.3176830963235294
1628286415000,0.31747167296969697
1628286445000,0.3167061732066217
1628286475000,0.3136923603831891
1628286505000,0.3151216922933499
1628286535000,0.3159634085433313
1628286565000,0.31412694391599755
1628286595000,0.3131071654658385
1628286625000,0.3209935844785276
1628286655000,0.3136147368811881
1628286685000,0.31572052094886016
1628286715000,0.31716247831912303
1628286745000,0.31304194311303274
1628286775000,0.31943643560559953
1628286805000,0.3195466033618582
1628286835000,0.3163548536778116
1628286865000,0.3155958354601227
1628286895000,0.31774449289215684
1628286925000,0.3160335736324524
1628286955000,0.3205855495731708
1628286985000,0.3127837662353666
1628287015000,0.3173632238037553
1628287045000,0.3167723906134969
1628287075000,0.31255736173965937
1628287105000,0.31842424490049753
1628287135000,0.3118982550609756
1628287165000,0.3159668389162561
1628287195000,0.3121020856622114
1628287225000,0.3130939606117353
1628287255000,0.3125033911961141
1628287285000,0.3184980188990826
1628287315000,0.30723537297297304
1628287345000,0.3152151727441286
1628287375000,0.3155066691588785
1628287405000,0.3154589405504587
1628287435000,0.31457616514041514
1628287465000,0.3163649170866626
1628287495000,0.3169239230861965
1628287525000,0.31204441809169764
1628287555000,0.3126243589950372
1628287585000,0.3180655147874307
1628287615000,0.3143935053020962
1628287645000,0.3170127583282489
1628287675000,0.3182020108222491
1628287705000,0.3140670397706699
1628287735000,0.3145624871105681
1628287765000,0.3135745593251534
1628287795000,0.31696784466501243
1628287825000,0.31492071686011
1628287855000,0.3149205242813456
1628287885000,0.3123865300970874
1628287915000,0.31038686745049504
1628287945000,0.31358984963144965
1628287975000,0.3134697487955528
1628288005000,0.3145712233333333
1628288035000,0.317829932447466
1628288065000,0.3182604810957255
1628288095000,0.3114119598798799
1628288125000,0.3120078811297331
1628288155000,0.31335257611484424
1628288185000,0.31938715871842266
1628288215000,0.31059573602941176
1628288245000,0.3166221084038694
1628288275000,0.3163506514641745
1628288305000,0.3178849341508277
1628288335000,0.31242376451612897
1628288365000,0.3184461855143031
1628288395000,0.3171490839108911
1628288425000,0.3117592136391437
1628288455000,0.31698096777163903
1628288485000,0.3157296375380865
1628288515000,0.3118153354584092
1628288545000,0.31306793766153845
1628288575000,0.313091576674938
1628288605000,0.3116240475786925
1628288635000,0.3116798762079511
1628288665000,0.3184014645820433
1628288695000,0.3118000806331471
1628288725000,0.3171818525402726
1628288755000,0.3174272888480392
1628288785000,0.3122677677045177
1628288815000,0.3153588582554517
1628288845000,0.3156690470074813
1628288875000,0.3185976361230769
1628288905000,0.31571520708514605
1628288935000,0.3176811313267813
1628288965000,0.31147835831295845
1628288995000,0.31816668373235113
1628289025000,0.3210465273337401
1628289055000,0.3131856438031592
1628289085000,0.31765624023199024
1628289115000,0.3131407552128316
1628289145000,0.3123768355461678
1628289175000,0.3195879912615385
1628289205000,0.3105987806609547
1628289235000,0.3139192258758451
1628289265000,0.3113993614723926
1628289295000,0.3111856685955395
1628289325000,0.3121310327183272
1628289355000,0.3192172107186358
1628289385000,0.3170793459190031
1628289415000,0.3145113715080346
1628289445000,0.3186301851874616
1628289475000,0.3093139695917124
1628289505000,0.31297609133906634
1628289535000,0.3134876044215627
1628289565000,0.3233486478986403
1628289595000,0.3167773063551402
1628289625000,0.3087109709813365
1628289655000,0.3175449296024465
1628289685000,0.31499719180929103
1628289715000,0.31736755804111244
1628289745000,0.3117378230577999
1628289775000,0.3112200053439804
1628289805000,0.320927244410507
1628289835000,0.3152782467278287
1628289865000,0.31641323904358354
1628289895000,0.3111737608215818
1628289925000,0.31351743054545456
1628289955000,0.3134919705882353
1628289985000,0.3137560386682957
1628290015000,0.32112720323762983
1628290045000,0.31460581923076925
1628290075000,0.31251045283251233
1628290105000,0.31667831224489795
1628290135000,0.317393702270012
1628290165000,0.3088407114844227
1628290195000,0.3132410190534726
1628290225000,0.3172389298709281
1628290255000,0.3161302150366748
1628290285000,0.31640331083743845
1628290315000,0.31902703834541063
1628290345000,0.3124940131207848
1628290375000,0.3175272236618005
1628290405000,0.3162851558054711
1628290435000,0.31859033076452603
1628290465000,0.3164184800740284
1628290495000,0.3121583265557609
1628290525000,0.3144472170570571
1628290555000,0.31263785129596144
1628290585000,0.31724125502156497
1628290615000,0.3130991823674476
1628290645000,0.3161310688432836
1628290675000,0.3096673504575961
1628290705000,0.3094576545342381
1628290735000,0.3173163709280885
1628290765000,0.3155248498491249
1628290795000,0.3151081031578947
1628290825000,0.3135331139592341
1628290855000,0.3127782393074119
1628290885000,0.3159203422046285
1628290915000,0.3171669624537608
1628290945000,0.3164502464566929
1628290975000,0.3188008018902439
1628291005000,0.3104439999383477
1628291035000,0.3130715978354978
1628291065000,0.3144902987303507
1628291095000,0.32303455399380804
1628291125000,0.3123257494813911
1628291155000,0.3109652821710127
1628291185000,0.31125925945611865
1628291215000,0.3195782776164549
1628291245000,0.3189291825710754
1628291275000,0.3139967457504521
1628291305000,0.3132483266418835
1628291335000,0.31285242273276903
1628291365000,0.3136829309090909
1628291395000,0.31075110569503983
1628291425000,0.31906459849124924
1628291455000,0.3153557042073171
1628291485000,0.3178851412232416
1628291515000,0.31710255811707905
1628291545000,0.3163010907870653
1628291575000,0.3155862552
1628291605000,0.3188433665214685
1628291635000,0.3146840905555556
1628291665000,0.3129505410018553
1628291695000,0.3120938784691973
1628291725000,0.3147640103533788
1628291755000,0.31624245815822005
1628291785000,0.3153282754819277
1628291815000,0.3106831613398894
1628291845000,0.3100498153329261
1628291875000,0.3163707039408867
1628291905000,0.31798774458874457
1628291935000,0.3112044514929921
1628291965000,0.31687478797038865
1628291995000,0.31512820955021564
1628292025000,0.318474022797289
1628292055000,0.3167949338930348
1628292085000,0.3117810199632578
1628292115000,0.317426319266055
1628292145000,0.3134236401937046
1628292175000,0.3207278614443084
1628292205000,0.3164271722391702
1628292235000,0.3175611083788707
1628292265000,0.31718030435323386
1628292295000,0.3108278347826087
1628292325000,0.3141445294437727
1628292355000,0.31840969
1628292385000,0.3180890594827586
1628292415000,0.31093103923739235
1628292445000,0.31249454112207153
1628292475000,0.3183278640538886
1628292505000,0.3124107710429448
1628292535000,0.3211168971130221
1628292565000,0.31516970864500304
1628292595000,0.3105084079754601
1628292625000,0.3124889387630129
1628292655000,0.3130262224053724
1628292685000,0.317707849170252
1628292715000,0.31648432040939195
1628292745000,0.3140845580449302
1628292775000,0.3206235899444787
1628292805000,0.3185081022181146
1628292835000,0.3107591355786895
1628292865000,0.31620974350490194
1628292895000,0.3109815008557457
1628292925000,0.31688882963190185
1628292955000,0.3149803630262355
1628292985000,0.3169742853448276
1628293015000,0.31534320222222223
1628293045000,0.3152132017791411
1628293075000,0.3107111476132191
1628293105000,0.3154199790556901
1628293135000,0.3173384233415233
1628293165000,0.31462008477593617
1628293195000,0.3126082388581952
1628293225000,0.3220655922360248
1628293255000,0.3206370718187461
1628293285000,0.3191470638753056
1628293315000,0.3172526982747997
1628293345000,0.3171905947826087
1628293375000,0.3153787917582417
1628293405000,0.31494812314758114
1628293435000,0.31853846843418593
1628293465000,0.31551030407790626
1628293495000,0.3157599051901026
1628293525000,0.31883275257924176
1628293555000,0.31191914682395644
1628293585000,0.31409155885196377
1628293615000,0.31068020473263674
1628293645000,0.3122795148574894
1628293675000,0.31235102702366124
1628293705000,0.31828159915966386
1628293735000,0.312286405398773
1628293765000,0.3169265991995074
1628293795000,0.31547441534683857
1628293825000,0.32170309914529915
1628293855000,0.3163946905230769
1628293885000,0.3159635507308161
1628293915000,0.3191687490543014
1628293945000,0.3117929347933375
1628293975000,0.31161412925925924
1628294005000,0.3171980095238095
1628294035000,0.3132302906576521
1628294065000,0.31687360572472595
1628294095000,0.3160760323038913
1628294125000,0.31437783723076923
1628294155000,0.3127984548946716
1628294185000,0.3149864204419889
1628294215000,0.3161648339715874
1628294245000,0.31485703960217
1628294275000,0.3108552494736842
1628294305000,0.31293674004959704
1628294335000,0.31345945559633026
1628294365000,0.3170581640463132
1628294395000,0.3189769552311436
1628294425000,0.3204576144183168
1628294455000,0.3145163563992652
1628294485000,0.3118239052825553
1628294515000,0.3128887663240629
1628294545000,0.3113059617628802
1628294575000,0.3186643708154506
1628294605000,0.3168438349137931
1628294635000,0.3206184957920792
1628294665000,0.3126995550498753
1628294695000,0.3145871254914005
1628294725000,0.3102586935207824
1628294755000,0.312819928476017
1628294785000,0.3142265722154223
1628294815000,0.3175785884708738
1628294845000,0.31695722224242423
1628294875000,0.31051135624619136
1628294905000,0.3164042485609308
1628294935000,0.3148563973088685
1628294965000,0.31367979602446483
1628294995000,0.3137589449090909
1628295025000,0.3116380370527592
1628295055000,0.3165940544280443
1628295085000,0.3165637524218271
1628295115000,0.3171488950030469
1628295145000,0.3168858645962733
1628295175000,0.3124747380633374
1628295205000,0.3194503319727891
1628295235000,0.31683981535168193
1628295265000,0.31547293909313723
1628295295000,0.3196422740402194
1628295325000,0.3140405962002413
1628295355000,0.31635157663438257
1628295385000,0.3103007662591687
1628295415000,0.3117533756022236
1628295445000,0.3194402582926829
1628295475000,0.3174462689398636
1628295505000,0.31734607884146343
1628295535000,0.3159386281577326
1628295565000,0.3160535895024272
1628295595000,0.31838100286410725
1628295625000,0.3130535245772947
1628295655000,0.31789038171182266
1628295685000,0.3173214510506798
1628295715000,0.3110705208029197
1628295745000,0.3155110471428572
1628295775000,0.31128329792302994
1628295805000,0.3167109124620061
1628295835000,0.3131251096969697
1628295865000,0.3110727450859951
1628295895000,0.3129170656862745
1628295925000,0.3122241060136392
1628295955000,0.3143844440049444
1628295985000,0.3157454057598039
1628296015000,0.32027046343283583
1628296045000,0.31671929190680564
1628296075000,0.31607254347014924
1628296105000,0.3169034296158612
1628296135000,0.31641175061425064
1628296165000,0.3180588998149291
1628296195000,0.3170631656596794
1628296225000,0.3120574638905775
1628296255000,0.3126386928350834
1628296285000,0.3125856231892879
1628296315000,0.3124238973325062
1628296345000,0.3174870489309713
1628296375000,0.3122731746031746
1628296405000,0.3111592515520389
1628296435000,0.3112533851668727
1628296465000,0.31580211589648804
1628296495000,0.31336724950186795
1628296525000,0.3236190415744157
1628296555000,0.31545833803680984
1628296585000,0.3146511409118916
1628296615000,0.3167857624923641
1628296645000,0.3212544998192771
1628296675000,0.3132744904068002
1628296705000,0.3163875309638554
1628296735000,0.31276251298309177
1628296765000,0.3119672774431469
1628296795000,0.3110036637430513
1628296825000,0.3162731828834356
1628296855000,0.31137383785276074
1628296885000,0.31837184283054004
1628296915000,0.31473123333333336
1628296945000,0.317902017364532
1628296975000,0.3200574411226357
1628297005000,0.3127793550785973
1628297035000,0.31796920489425984
1628297065000,0.3096233376607471
1628297095000,0.3132043459813084
1628297125000,0.3167181815545959
1628297155000,0.3128193539173349
1628297185000,0.3124217783866995
1628297215000,0.3149572697392359
1628297245000,0.32119996243194193
1628297275000,0.3120617720759339
1628297305000,0.3107829843233313
1628297335000,0.315502358776267
1628297365000,0.3142675718153846
1628297395000,0.3177254138376384
1628297425000,0.31746483386503066
1628297455000,0.3179597840412621
1628297485000,0.3133253563803681
1628297515000,0.3109236541183649
1628297545000,0.3159490425414365
1628297575000,0.3139738382953181
1628297605000,0.3146463523219814
1628297635000,0.310751947645601
1628297665000,0.31619179926199265
1628297695000,0.3143878161290323
1628297725000,0.31374595866910865
1628297755000,0.25921917017868146
1628297785000,0.31261581552680223
1628297815000,0.3114799394736842
1628297845000,0.3129041974923548
1628297875000,0.3117976651105651
1628297905000,0.3171439021634616
1628297935000,0.3119533777708593
1628297965000,0.3123478229368932
1628297995000,0.31224644230769233
1628298025000,0.31630728420405657
1628298055000,0.3107654649693252
1628298085000,0.3179165267682927
1628298115000,0.3112430709365559
1628298145000,0.3179309025516404
1628298175000,0.31011553530127817
1628298205000,0.3144328180496669
1628298235000,0.3155162125598086
1628298265000,0.31578464467036355
1628298295000,0.32071287565749235
1628298325000,0.3128163763270287
1628298355000,0.3204894113102596
1628298385000,0.3130577621221468
1628298415000,0.3112941808510638
1628298445000,0.31064770749542964
1628298475000,0.3166871198659354
1628298505000,0.3112126064894932
1628298535000,0.31614061485394657
1628298565000,0.3104666191738594
1628298595000,0.3108314299382716
1628298625000,0.31694241398305084
1628298655000,0.3122071400990099
1628298685000,0.3212938397706699
1628298715000,0.3133758811445783
1628298745000,0.3164065600840336
1628298775000,0.3178635984232868
1628298805000,0.3178207022867738
1628298835000,0.31515102272727274
1628298865000,0.3208676747400612
1628298895000,0.3123007496886675
1628298925000,0.312418066400981
1628298955000,0.3151432667076167
1628298985000,0.3160115359557468
1628299015000,0.3109042792556437
1628299045000,0.31516940719512193
1628299075000,0.3175715563928351
1628299105000,0.3116838053679131
1628299135000,0.3163244161151961
1628299165000,0.3198051894096165
1628299195000,0.3117813250924784
1628299225000,0.31160850530209616
1628299255000,0.3123318788923077
1628299285000,0.3168130858524789
1628299315000,0.3186254559633028
1628299345000,0.25104242021013595
1628299375000,0.25418545679314564
1628299405000,0.3140614359878419
1628299435000,0.3164721274592637
1628299465000,0.2532641556103576
1628299495000,0.3225029959727385
1628299525000,0.31648918667905823
1628299555000,0.3144792120519159
1628299585000,0.3128222399753239
1628299615000,0.3160584807317073
1628299645000,0.3160000676561533
1628299675000,0.315764620866382
1628299705000,0.31641517783882783
1628299735000,0.31183540036855034
1628299765000,0.31392028637751984
1628299795000,0.314271232381531
1628299825000,0.3128550092896175
1628299855000,0.3161236338509317
1628299885000,0.311221498106292
1628299915000,0.3161680444376153
1628299945000,0.3141565156813939
1628299975000,0.31112550508782555
1628300005000,0.3175717922324159
1628300035000,0.31279929582309585
1628300065000,0.3184920462631254
1628300095000,0.3158462870201097
1628300125000,0.3190410755582378
1628300155000,0.3144899611838006
1628300185000,0.31873395330904675
1628300215000,0.31201199524397777
1628300245000,0.3129595314769976
1628300275000,0.31863007095179235
1628300305000,0.31214499501845017
1628300335000,0.31230269548267325
1628300365000,0.3139107862453532
1628300395000,0.31450010746812385
1628300425000,0.31635435
1628300455000,0.31674838972477065
1628300485000,0.3200418194733619
1628300515000,0.3208677332531569
1628300545000,0.3162289404645477
1628300575000,0.31776775337423313
1628300605000,0.3183387048207664
1628300635000,0.3180321286229705
1628300665000,0.3164762620582765
1628300695000,0.31596272316244595
1628300725000,0.31586036191646194
1628300755000,0.3150358105103281
1628300785000,0.3127993934567901
1628300815000,0.3158633474628713
1628300845000,0.3180204314745973
1628300875000,0.3144017337630448
1628300905000,0.3161684004313001
1628300935000,0.3209590798636927
1628300965000,0.3150627167180753
1628300995000,0.3169582585591133
1628301025000,0.3184452554726368
1628301055000,0.3149077747697974
1628301085000,0.3126032715880893
1628301115000,0.31416574732636754
1628301145000,0.31142981164342026
1628301175000,0.31740241694290977
1628301205000,0.31828706389913897
1628301235000,0.3191558232024169
1628301265000,0.3116410950495049
1628301295000,0.31698502925629995
1628301325000,0.311936060310559
1628301355000,0.31185671548269583
1628301385000,0.3200271708845209
1628301415000,0.3114882031677019
1628301445000,0.3191120253078818
1628301475000,0.3124500377267231
1628301505000,0.31160155788834953
1628301535000,0.31816456140672783
1628301565000,0.3167480169221337
1628301595000,0.3161100600607903
1628301625000,0.31210544710894705
1628301655000,0.3192863755114693
1628301685000,0.3167580291333743
1628301715000,0.3135809101096224
1628301745000,0.31925020711656443
1628301775000,0.3134131254804712
1628301805000,0.3160223862068965
1628301835000,0.3168388
1628301865000,0.31111279050868484
1628301895000,0.31694032662538696
1628301925000,0.3113846956442831
1628301955000,0.3123304366136919
1628301985000,0.3185078596437346
1628302015000,0.31294440281862745
1628302045000,0.317925852360515
1628302075000,0.31939368356750153
1628302105000,0.31952757604863224
1628302135000,0.3192364488581731
1628302165000,0.3152228358388455
1628302195000,0.31614739330114666
1628302225000,0.3141951123533045
1628302255000,0.3156061986018237
1628302285000,0.31095263638554216
1628302315000,0.3164032006748466
1628302345000,0.3209611854711246
1628302375000,0.31691051594643943
1628302405000,0.31553572292682924
1628302435000,0.3143347306859206
1628302465000,0.3120818282410225
1628302495000,0.3116771479510703
1628302525000,0.3216231241528035
1628302555000,0.3161407755377996
1628302585000,0.3207174754716981
1628302615000,0.3105907035582822
1628302645000,0.3133719692496925
1628302675000,0.3132942611656442
1628302705000,0.3157271623392529
1628302735000,0.3122166793269231
1628302765000,0.3106648515114127
1628302795000,0.3208532693779904
1628302825000,0.3138806852904821
1628302855000,0.31284243604723433
1628302885000,0.31540007102167184
1628302915000,0.3160620671990172
1628302945000,0.3136161342398022
1628302975000,0.3135931428829916
1628303005000,0.3165165711111111
1628303035000,0.30837387132442284
1628303065000,0.31655044591463416
1628303095000,0.3108704206662554
1628303125000,0.3176036
1628303155000,0.3164545848858729
1628303185000,0.3161713921321321
1628303215000,0.31328740147601475
1628303245000,0.3163211078491965
1628303275000,0.3174578002486016
1628303305000,0.3127919830416415
1628303335000,0.3135983625076829
1628303365000,0.3173771776974081
1628303395000,0.3144979527641278
1628303425000,0.3160563667885436
1628303455000,0.3111203835775336
1628303485000,0.3216404118477594
1628303515000,0.31593718385899816
1628303545000,0.3160872794778385
1628303575000,0.31197807964763064
1628303605000,0.3181633216564417
1628303635000,0.3166453028693529
1628303665000,0.31250872363747706
1628303695000,0.3140207376201923
1628303725000,0.3104897160268129
1628303755000,0.316340851145959
1628303785000,0.3190636020220588
1628303815000,0.3127246461775586
1628303845000,0.3122643359481161
1628303875000,0.3153535948638614
1628303905000,0.31797901963190184
1628303935000,0.3211042219914478
1628303965000,0.3210730442214112
1628303995000,0.3177685951144094
1628304025000,0.31558840314232894
1628304055000,0.3187850431288344
1628304085000,0.3166368512931034
1628304115000,0.31266199072356216
1628304145000,0.3131954388550548
1628304175000,0.3203513611793612
1628304205000,0.3182417215033888
1628304235000,0.31478547730838863
1628304265000,0.31810751158156914
1628304295000,0.31030593776435045
1628304325000,0.31315187964329644
1628304355000,0.3140446152897657
1628304385000,0.3164920679581796
1628304415000,0.3148444600370599
1628304445000,0.31532242080536915
1628304475000,0.31368780127504553
1628304505000,0.3164159306372549
1628304535000,0.3168660754017305
1628304565000,0.3210181649240121
1628304595000,0.31563316779866585
1628304625000,0.31583363300733497
1628304655000,0.31748658559950554
1628304685000,0.3126038537906137
1628304715000,0.31253594276114843
1628304745000,0.3111188992
1628304775000,0.3183184322339764
1628304805000,0.31388224
1628304835000,0.3132700211801242
1628304865000,0.3203915317372621
1628304895000,0.3149232097725876
1628304925000,0.31718160068111456
1628304955000,0.3111059488
1628304985000,0.3152211718275653
1628305015000,0.3165411636749545
1628305045000,0.31666591898263025
1628305075000,0.31695001908866993
1628305105000,0.3175445344313238
1628305135000,0.3133865054601227
1628305165000,0.3165573476765238
1628305195000,0.3161580356923077
1628305225000,0.318314945775076
1628305255000,0.31174650961775585
1628305285000,0.3117908768255884
1628305315000,0.32062863765432104
1628305345000,0.3127082330708661
1628305375000,0.3160794698964046
1628305405000,0.3130010112962963
1628305435000,0.31206027854947754
1628305465000,0.3100389841212121
1628305495000,0.3149201875076923
1628305525000,0.3179690688667497
1628305555000,0.3170393171865443
1628305585000,0.3167428900923077
1628305615000,0.3187756087985437
1628305645000,0.31547164870210137
1628305675000,0.31503647472727275
1628305705000,0.3138968140394089
1628305735000,0.31613963345633456
1628305765000,0.3156295083737864
1628305795000,0.31238778787692306
1628305825000,0.31828499106041924
1628305855000,0.3155194648432698
1628305885000,0.3116056816961562
1628305915000,0.31051825888480394
1628305945000,0.3089930860012173
1628305975000,0.31264884146341465
1628306005000,0.3119561690054912
1628306035000,0.3148600723170732
1628306065000,0.3172986336784409
1628306095000,0.30911646580683866
1628306125000,0.3115248987108656
1628306155000,0.31522197673147023
1628306185000,0.3170993573950091
1628306215000,0.3170291065085158
1628306245000,0.3201934665847666
1628306275000,0.3166946576427256
1628306305000,0.3158987295081967
1628306335000,0.3171859056476366
1628306365000,0.31725019152955514
1628306395000,0.3109435884591774
1628306425000,0.3117059054434251
1628306455000,0.31577742381829343
1628306485000,0.3124432729579208
1628306515000,0.3201531773934527
1628306545000,0.3166852770807453
1628306575000,0.3169292385564466
1628306605000,0.31820942689486553
1628306635000,0.3117350528360049
1628306665000,0.3158952919604205
1628306695000,0.31584166561142146
1628306725000,0.3170633382084095
1628306755000,0.31685509123020705
1628306785000,0.3130410252457003
1628306815000,0.3223310505507956
1628306845000,0.3134672210558625
1628306875000,0.3122862033763045
1628306905000,0.3147617209245742
1628306935000,0.3214376589252625
1628306965000,0.31660959884075657
1628306995000,0.3147132349264706
1628307025000,0.31268022894417474
1628307055000,0.3175230159286593
1628307085000,0.3117970472972973
1628307115000,0.3154073750769231
1628307145000,0.3135087013043478
1628307175000,0.3125821398773006
1628307205000,0.31736903349663204
1628307235000,0.31466979920537896
1628307265000,0.316231012636695
1628307295000,0.3233680740580605
1628307325000,0.3138734207776428
1628307355000,0.3210082161210624
1628307385000,0.31333163329312425
1628307415000,0.3169337786905497
1628307445000,0.3187635868165249
1628307475000,0.3183680758939581
1628307505000,0.3115324102689487
1628307535000,0.3130633661300309
1628307565000,0.31748622957831324
1628307595000,0.3158714049938348
1628307625000,0.3166486635085575
1628307655000,0.31097671161094226
1628307685000,0.31582165432780845
1628307715000,0.3183036856699752
1628307745000,0.312155846125908
1628307775000,0.32157432230483274
1628307805000,0.31984037959183675
1628307835000,0.3161235963054187
1628307865000,0.3119857884449908
1628307895000,0.3101512177300613
1628307925000,0.3123912226426799
1628307955000,0.31339003331295845
1628307985000,0.3104792857055961
1628308015000,0.32142415076734193
1628308045000,0.3116573032675709
1628308075000,0.31574346256097563
1628308105000,0.3144882081031308
1628308135000,0.3134879844720497
1628308165000,0.3154665887530562
1628308195000,0.31138163296703303
1628308225000,0.3104349074257426
1628308255000,0.3169791384242424
1628308285000,0.31259584154798764
1628308315000,0.31145883001853003
1628308345000,0.3153418000604961
1628308375000,0.31176025606337604
1628308405000,0.3148140089480048
1628308435000,0.3103713364480198
1628308465000,0.3135755379037172
1628308495000,0.31317404860774817
1628308525000,0.3144483908251232
1628308555000,0.3172272636363636
1628308585000,0.31059453135435994
1628308615000,0.3117686641277641
1628308645000,0.3174331418448381
1628308675000,0.3191550878181818
1628308705000,0.31550140955882355
1628308735000,0.31040745547355475
1628308765000,0.3109991116136919
1628308795000,0.3106630934234788
1628308825000,0.3221646189602447
1628308855000,0.31247942986453203
1628308885000,0.31678352336391435
1628308915000,0.31312738645003063
1628308945000,0.3126111873006135
1628308975000,0.319171739012643
1628309005000,0.3114643722325294
1628309035000,0.31284704742647057
1628309065000,0.31643427789281364
1628309095000,0.31137950419963484
1628309125000,0.3183297676143387
1628309155000,0.3108861730864197
1628309185000,0.31674912357623997
1628309215000,0.3161731091754495
1628309245000,0.31373809871244634
1628309275000,0.3167045347639485
1628309305000,0.31206565048309176
1628309335000,0.3186173115737906
1628309365000,0.32115708667076165
1628309395000,0.31145804227188084
1628309425000,0.3129536976658477
1628309455000,0.3143198788834952
1628309485000,0.32060770197287297
1628309515000,0.3168312340993789
1628309545000,0.3144638387692308
1628309575000,0.3137482420157863
1628309605000,0.31764267434650456
1628309635000,0.32043784990757856
1628309665000,0.3217757542383292
1628309695000,0.3115409997565429
1628309725000,0.3153977228871067
1628309755000,0.3225954936527691
1628309785000,0.31327183135435993
1628309815000,0.3169794663814181
1628309845000,0.3124444629675046
1628309875000,0.3176086314551084
1628309905000,0.3124644539162113
1628309935000,0.3167040344059406
1628309965000,0.3114104782208589
1628309995000,0.3112000079710145
1628310025000,0.31365122268546897
1628310055000,0.3147215004310345
1628310085000,0.3112044407725322
1628310115000,0.3169138829761176
1628310145000,0.3166304897196261
1628310175000,0.3167794842778793
1628310205000,0.313479076405868
1628310235000,0.313624936218539
1628310265000,0.3126583021419829
1628310295000,0.3160554401352182
1628310325000,0.3121874299938537
1628310355000,0.3140371281750925
1628310385000,0.3107531229878049
1628310415000,0.313898324954573
1628310445000,0.31268466728280964
1628310475000,0.3115885998167379
1628310505000,0.31265030778258185
1628310535000,0.31430194877149875
1628310565000,0.3104668814678899
1628310595000,0.31007484094827586
1628310625000,0.3146788236043689
1628310655000,0.3118233736352357
1628310685000,0.3165065202226345
1628310715000,0.3147304156326034
1628310745000,0.3196560076595745
1628310775000,0.3179449864713217
1628310805000,0.31717608704277744
1628310835000,0.3186415064871481
1628310865000,0.31777573082524274
1628310895000,0.3133004164748637
1628310925000,0.3159882645742697
1628310955000,0.3116378914057704
1628310985000,0.31702103776267
1628311015000,0.3144891345521024
1628311045000,0.3135602796703297
1628311075000,0.31843594440298506
1628311105000,0.3135236596415328
1628311135000,0.30915320113908873
1628311165000,0.3147543955214724
1628311195000,0.313389689276808
1628311225000,0.3133650692260062
1628311255000,0.3128441309392265
1628311285000,0.3127792584596725
1628311315000,0.3179988451829268
1628311345000,0.315900234202547
1628311375000,0.3115944815533981
1628311405000,0.3167888248484849
1628311435000,0.31330069655172416
1628311465000,0.3099059046088539
1628311495000,0.3127131246412976
1628311525000,0.3190459145654835
1628311555000,0.31269534897959184
1628311585000,0.31741976772036473
1628311615000,0.31930324293611795
1628311645000,0.32007922209876544
1628311675000,0.3158309165530068
1628311705000,0.3179031893512852
1628311735000,0.31571401468574983
1628311765000,0.31488504166157605
1628311795000,0.3119984356014581
1628311825000,0.3140459365721183
1628311855000,0.31536309469135804
1628311885000,0.314338284423676
1628311915000,0.31543541226880395
1628311945000,0.31883044475104977
1628311975000,0.31396243059110296
1628312005000,0.3123667041230769
1628312035000,0.31259025825659914
1628312065000,0.3174051024939173
1628312095000,0.31727134777303234
1628312125000,0.32067959875467
1628312155000,0.3162252572916667
1628312185000,0.3117432395092025
1628312215000,0.31711689629400863
1628312245000,0.3167633783718105
1628312275000,0.3104270928836634
1628312305000,0.3119219302860696
1628312335000,0.3133935778597786
1628312365000,0.31285960587515305
1628312395000,0.3131796089090909
1628312425000,0.3123785766769231
1628312455000,0.3177344253063725
1628312485000,0.31581659772587584
1628312515000,0.3142626986052153
1628312545000,0.3113612655462185
1628312575000,0.3137140204685573
1628312605000,0.31405946949048497
1628312635000,0.3188917203306797
1628312665000,0.31904070417947145
1628312695000,0.31244118177860697
1628312725000,0.3151935029073289
1628312755000,0.3177983331276989
1628312785000,0.3124919314849045
1628312815000,0.31321885586969883
1628312845000,0.3187323409945422
1628312875000,0.3202032925995025
1628312905000,0.3218266435236341
1628312935000,0.3210625202988792
1628312965000,0.3169775561686299
1628312995000,0.3137914180496669
1628313025000,0.3164740865079365
1628313055000,0.31128623618181817
1628313085000,0.3217974910975609
1628313115000,0.3161852502135448
1628313145000,0.3164457889783281
1628313175000,0.3102225298773006
1628313205000,0.3182283583990297
1628313235000,0.3165635215916101
1628313265000,0.3120604102673147
1628313295000,0.31521202947692306
1628313325000,0.31669742723992783
1628313355000,0.3071639713682941
1628313385000,0.31377068932340163
1628313415000,0.3143736048869884
1628313445000,0.31218407528981085
1628313475000,0.3137307541615667
1628313505000,0.3128201171012735
1628313535000,0.31245084034334764
1628313565000,0.31684444288310115
1628313595000,0.3154539438414634
1628313625000,0.3186759924984501
1628313655000,0.32139072498465315
1628313685000,0.3177515487878788
1628313715000,0.3226726338405356
1628313745000,0.3165551274665043
1628313775000,0.3181411396825397
1628313805000,0.32074102384987896
1628313835000,0.3130185153180976
1628313865000,0.3203565292094146
1628313895000,0.31014068855569155
1628313925000,0.316467692293578
1628313955000,0.3175262596469872
1628313985000,0.3128444508166969
1628314015000,0.311859504007286
1628314045000,0.3144728537377451
1628314075000,0.31541376553637485
1628314105000,0.3092686955340977
1628314135000,0.3153999957433683
1628314165000,0.31161575986601703
1628314195000,0.31599548763636365
1628314225000,0.3136149732307693
1628314255000,0.31645925221884497
1628314285000,0.3130037068181818
1628314315000,0.3121250671751068
1628314345000,0.31493501509779953
1628314375000,0.31747673702337026
1628314405000,0.31365005701970444
1628314435000,0.3130923291898577
1628314465000,0.3162243034376918
1628314495000,0.31717948537185003
1628314525000,0.31149833213851763
1628314555000,0.3209944939563863
1628314585000,0.3224962897167488
1628314615000,0.3150932366728509
1628314645000,0.313156401172116
1628314675000,0.3086662675480769
1628314705000,0.3111448543384616
1628314735000,0.3108614258025439
1628314765000,0.31316222525556225
1628314795000,0.3136702707816377
1628314825000,0.3139536118696187
1628314855000,0.3131828840853659
1628314885000,0.31063893616891064
1628314915000,0.31210344151291514
1628314945000,0.3125562289377289
1628314975000,0.3143515602665051
1628315005000,0.3157036521450151
1628315035000,0.3201172611316113
1628315065000,0.3141346501519757
1628315095000,0.31384467961046864
1628315125000,0.3139047131386861
1628315155000,0.3121286072605247
1628315185000,0.3123935806451613
1628315215000,0.3153756492583437
1628315245000,0.317341950829748
1628315275000,0.3168095889230769
1628315305000,0.3136160165137615
1628315335000,0.3182660033804548
1628315365000,0.31904277319461444
1628315395000,0.3150713422303473
1628315425000,0.3171930711359404
1628315455000,0.3117611371115174
1628315485000,0.31187271986511345
1628315515000,0.31843827242874845
1628315545000,0.3135683808277541
1628315575000,0.31755379683698304
1628315605000,0.3108779049382716
1628315635000,0.3122332743185948
1628315665000,0.3146148087116564
1628315695000,0.3133251620752427
1628315725000,0.3116865326568265
1628315755000,0.3128353418047882
1628315785000,0.3169576080606061
1628315815000,0.3128088371096142
1628315845000,0.3132252034097954
1628315875000,0.31133706915088577
1628315905000,0.3165943664619165
1628315935000,0.31311014627498485
1628315965000,0.3105074475845411
1628315995000,0.3119796888888889
1628316025000,0.3186072331701346
1628316055000,0.3108073314039409
1628316085000,0.3244885951593137
1628316115000,0.3110866037149817
1628316145000,0.3192826994548758
1628316175000,0.30873080905752753
1628316205000,0.31898446809290953
1628316235000,0.3122150256740196
1628316265000,0.31516864320685434
1628316295000,0.31334162725609754
1628316325000,0.32102314834558826
1628316355000,0.3222248512507627
1628316385000,0.31074053431916204
1628316415000,0.31904152930927193
1628316445000,0.31107879395604393
1628316475000,0.3150387530946602
1628316505000,0.31809030103658537
1628316535000,0.3147702595297029
1628316565000,0.31584348064903844
1628316595000,0.31421068275652697
1628316625000,0.3128242724331052
1628316655000,0.3129909539489672
1628316685000,0.31482705529340593
1628316715000,0.31436662987654324
1628316745000,0.31249386619283065
1628316775000,0.31458204364640885
1628316805000,0.31441738925061424
1628316835000,0.30960702181268884
1628316865000,0.31601640466949665
1628316895000,0.31434641329656865
1628316925000,0.318977147166362
1628316955000,0.31154641329192545
1628316985000,0.3239198575720417
1628317015000,0.3174474587804878
1628317045000,0.3112033880587875
1628317075000,0.3147793564350453
1628317105000,0.3126078206329884
1628317135000,0.3139991438949939
1628317165000,0.31514140247831474
1628317195000,0.31970472973308506
1628317225000,0.3157534766423358
1628317255000,0.31677400695546065
1628317285000,0.3119446975
1628317315000,0.3131468098181818
1628317345000,0.3159749780981595
1628317375000,0.3179852367816092
1628317405000,0.31202900212636697
1628317435000,0.31495662568472305
1628317465000,0.3158553580724371
1628317495000,0.3218793672971324
1628317525000,0.3129564608241082
1628317555000,0.3114382007321537
1628317585000,0.313786996681008
1628317615000,0.3145585093463653
1628317645000,0.31867045821167883
1628317675000,0.3179765276569298
1628317705000,0.3156691224502112
1628317735000,0.317165906122449
1628317765000,0.31653377180109155
1628317795000,0.31347423
1628317825000,0.3142184304556355
1628317855000,0.3140087292251373
1628317885000,0.3169569169211973
1628317915000,0.3165923236729713
1628317945000,0.31616851344383057
1628317975000,0.3154384513279802
1628318005000,0.3163993740717822
1628318035000,0.31711161380804953
1628318065000,0.3145255347062386
1628318095000,0.31561750333940497
1628318125000,0.3197479556436852
1628318155000,0.31680572955665026
1628318185000,0.3220024277606416
1628318215000,0.3163420875912409
1628318245000,0.3166532921118013
1628318275000,0.3146217354014599
1628318305000,0.3199683089790898
1628318335000,0.31249865015537603
1628318365000,0.3207887181212121
1628318395000,0.31460838212290504
1628318425000,0.32036567894413753
1628318455000,0.3130779244214373
1628318485000,0.3221850121397916
1628318515000,0.3118243316939891
1628318545000,0.2527136917274939
1628318575000,0.3121534882317441
1628318605000,0.3100516867107637
1628318635000,0.3122760273008029
1628318665000,0.31360659132281554
1628318695000,0.3118784164043584
1628318725000,0.3176357654478976
1628318755000,0.3178555016159105
1628318785000,0.31766886048237475
1628318815000,0.31841295910484363
1628318845000,0.3165788521900061
1628318875000,0.31606953302864105
1628318905000,0.31656524920731705
1628318935000,0.31175603194614443
1628318965000,0.3167111285714286
1628318995000,0.3184855167793485
1628319025000,0.3195037212844037
1628319055000,0.3151001039513678
1628319085000,0.314224121007371
1628319115000,0.31637559293611794
1628319145000,0.3159510120098039
1628319175000,0.3201861444029851
1628319205000,0.3156860023227384
1628319235000,0.31275957885196376
1628319265000,0.3133588594017094
1628319295000,0.31394655510204084
1628319325000,0.3200756830142063
1628319355000,0.3174773445465686
1628319385000,0.3112534843634116
1628319415000,0.3128846850609756
1628319445000,0.3226195567073171
1628319475000,0.3123550696054254
1628319505000,0.3151160078383344
1628319535000,0.3141238701934704
1628319565000,0.32079029367011563
1628319595000,0.3238479163354037
1628319625000,0.3159702710865562
1628319655000,0.31255435240147783
1628319685000,0.3124488891610533
1628319715000,0.3135980815021725
1628319745000,0.32236376279503104
1628319775000,0.3180339609981516
1628319805000,0.3117161320696085
1628319835000,0.3175871931930693
1628319865000,0.3136902271612508
1628319895000,0.3158988323600973
1628319925000,0.3172002164518109
1628319955000,0.31529848359756096
1628319985000,0.312818610786106
1628320015000,0.3212127103343465
1628320045000,0.31558968171641794
1628320075000,0.3140821743318832
1628320105000,0.31909484341943417
1628320135000,0.3112054868310283
1628320165000,0.3127224844267321
1628320195000,0.3177756469463294
1628320225000,0.3160915229217604
1628320255000,0.3149013667074663
1628320285000,0.3193618657125078
1628320315000,0.31586074531442665
1628320345000,0.3096676060756355
1628320375000,0.31522181740467403
1628320405000,0.3176898933496034
1628320435000,0.31408853796296304
1628320465000,0.3182252652973636
1628320495000,0.3137786981617647
1628320525000,0.3136929622960725
1628320555000,0.3175604026135657
1628320585000,0.3127068081445193
1628320615000,0.31780020497848804
1628320645000,0.31288054109248914
1628320675000,0.3179798355326877
1628320705000,0.3137961374847375
1628320735000,0.3143680131009615
1628320765000,0.3110720208333333
1628320795000,0.3184280568069307
1628320825000,0.3147213310893513
1628320855000,0.3136474232442511
1628320885000,0.31214846031843235
1628320915000,0.31355119304615386
1628320945000,0.31179361327217125
1628320975000,0.31620962542787284
1628321005000,0.3153061103942653
1628321035000,0.3129392299019608
1628321065000,0.3140974189772027
1628321095000,0.3121111455433456
1628321125000,0.3122325633555421
1628321155000,0.31256736754966885
1628321185000,0.3120173329890644
1628321215000,0.31804229840978593
1628321245000,0.3180201583178726
1628321275000,0.3107042123850399
1628321305000,0.3134241163141994
1628321335000,0.3128420939135727
1628321365000,0.31593730396341463
1628321395000,0.3155865530893821
1628321425000,0.3134618858478803
1628321455000,0.31247950942118224
1628321485000,0.31556438155637256
1628321515000,0.31259868046256845
1628321545000,0.3189366053703704
1628321575000,0.3143339897530864
1628321605000,0.3149428550401979
1628321635000,0.31556216856084
1628321665000,0.3172771219927096
1628321695000,0.3119571370918053
1628321725000,0.31535959074299635
1628321755000,0.31072926214374225
1628321785000,0.3113797332928311
1628321815000,0.3109241463714637
1628321845000,0.31700048770086525
1628321875000,0.3199975555487053
1628321905000,0.3133622807221542
1628321935000,0.30927133850364963
1628321965000,0.31116034549356225
1628321995000,0.3145874504895961
1628322025000,0.31185720281690144
1628322055000,0.3170105024813896
1628322085000,0.3192237410967345
1628322115000,0.31698554576993304
1628322145000,0.31275564708007225
1628322175000,0.31034388507917177
1628322205000,0.3118643083839611
1628322235000,0.3141616594107036
1628322265000,0.311260936526576
1628322295000,0.3114791930929096
1628322325000,0.3123883118115055
1628322355000,0.31189064805505684
1628322385000,0.3175397175837321
1628322415000,0.3147319949507389
1628322445000,0.31517931517199016
1628322475000,0.3152984357926829
1628322505000,0.31730433701418875
1628322535000,0.3196195506352087
1628322565000,0.3168971601230769
1628322595000,0.3151485329650092
1628322625000,0.3165648800486618
1628322655000,0.31479767637795275
1628322685000,0.3107018056685151
1628322715000,0.31031030668316834
1628322745000,0.306332481257485
1628322775000,0.3124958141009852
1628322805000,0.31731434790640395
1628322835000,0.3158433907147221
1628322865000,0.3075352249243799
1628322895000,0.3174398240866873
1628322925000,0.311172868014484
1628322955000,0.3127213518902439
1628322985000,0.31235593932038835
1628323015000,0.31576890220183484
1628323045000,0.3186320508004926
1628323075000,0.3103300136757426
1628323105000,0.3135254543478261
1628323135000,0.3107746594960049
1628323165000,0.3182341800483676
1628323195000,0.3143184297989031
1628323225000,0.3111208971916972
1628323255000,0.3175553967861557
1628323285000,0.3116176382978724
1628323315000,0.3131593248322148
1628323345000,0.3163655343310935
1628323375000,0.3181456526796589
1628323405000,0.3191344377393453
1628323435000,0.31192712655777377
1628323465000,0.3134476557926829
1628323495000,0.3156435248342375
1628323525000,0.3119750893902439
1628323555000,0.31658769859068625
1628323585000,0.31550799648581995
1628323615000,0.31704813797155224
1628323645000,0.3195568750771129
1628323675000,0.31700410503376303
1628323705000,0.3174900435453984
1628323735000,0.31769333725135623
1628323765000,0.3084138286751361
1628323795000,0.3195122673556231
1628323825000,0.31806175738810544
1628323855000,0.31717651701474203
1628323885000,0.3185002882674772
1628323915000,0.31961321515151514
1628323945000,0.31352363636363634
1628323975000,0.31770006267648865
1628324005000,0.3128739568567961
1628324035000,0.31816338923739235
1628324065000,0.3136829621091355
1628324095000,0.3182734931311881
1628324125000,0.3144049233353696
1628324155000,0.31547545083281925
1628324185000,0.3119973551597052
1628324215000,0.3129939999388005
1628324245000,0.31436985882002383
1628324275000,0.31750652825688075
1628324305000,0.3225561564197531
1628324335000,0.3183472028950543
1628324365000,0.31473222983091786
1628324395000,0.3142921422769231
1628324425000,0.3122656675348274
1628324455000,0.31340201408188584
1628324485000,0.3107937857655502
1628324515000,0.3118182425211098
1628324545000,0.3132519518243661
1628324575000,0.3170376009968847
1628324605000,0.31403200204695964
1628324635000,0.31897643337492204
1628324665000,0.31730033640270106
1628324695000,0.31812867730364874
1628324725000,0.3163198911619283
1628324755000,0.3144251389354067
1628324785000,0.3155372703636364
1628324815000,0.3124860526894865
1628324845000,0.31913224201110424
1628324875000,0.3158165088576665
1628324905000,0.31785268894993896
1628324935000,0.32162263134603564
1628324965000,0.3173315831089351
1628324995000,0.3158142519417476
1628325025000,0.3155276305269534
1628325055000,0.3163929379268293
1628325085000,0.3106516010321797
1628325115000,0.3081824832409119
1628325145000,0.3168813804229607
1628325175000,0.31636666214114834
1628325205000,0.3158695088343558
1628325235000,0.3124571777981651
1628325265000,0.3120299324357405
1628325295000,0.31156559416058394
1628325325000,0.3134170789859499
1628325355000,0.3162427163580247
1628325385000,0.31376776346153845
1628325415000,0.3221775931888545
1628325445000,0.30964234847542005
1628325475000,0.3132976461491813
1628325505000,0.3177913277811924
1628325535000,0.31167652896039605
1628325565000,0.3118065826771654
1628325595000,0.31160788787143723
1628325625000,0.3172790788473329
1628325655000,0.3186106237977805
1628325685000,0.32103563722627737
1628325715000,0.3167185440247678
1628325745000,0.31730799515039904
1628325775000,0.3170513954151177
1628325805000,0.30988693406593404
1628325835000,0.3174241224276032
1628325865000,0.31622614607361965
1628325895000,0.3116347913761468
1628325925000,0.3153139701242236
1628325955000,0.31577196447044337
1628325985000,0.3110295234461539
1628326015000,0.3143911123312884
1628326045000,0.3118684725875845
1628326075000,0.31675090471756673
1628326105000,0.3153698466788544
1628326135000,0.3155330350091968
1628326165000,0.31477390811629313
1628326195000,0.3112262478847333
1628326225000,0.3209508966483851
1628326255000,0.31468401168511684
1628326285000,0.3095886462884732
1628326315000,0.3227715874151758
1628326345000,0.3157161216800494
1628326375000,0.3192920646695491
1628326405000,0.3133279634969325
1628326435000,0.3193707035714285
1628326465000,0.3152551235439901
1628326495000,0.3154268903892944
1628326525000,0.309441843817527
1628326555000,0.3189536693617021
1628326585000,0.31672880489130434
1628326615000,0.3175630537660747
1628326645000,0.3192501622754491
1628326675000,0.31482129455782315
1628326705000,0.31238803408126137
1628326735000,0.3210882661100804
1628326765000,0.31371473302919706
1628326795000,0.3154705649635037
1628326825000,0.31069861936078674
1628326855000,0.31301738476780183
1628326885000,0.3135538824464832
1628326915000,0.3169964387755102
1628326945000,0.31392356683046685
1628326975000,0.31361973884449906
1628327005000,0.311166267369727
1628327035000,0.3161161518042813
1628327065000,0.3170450711151737
1628327095000,0.3147061772810777
1628327125000,0.3183308985872236
1628327155000,0.31569646120422096
1628327185000,0.3124902485520641
1628327215000,0.3215916377532229
1628327245000,0.3132027230627306
1628327275000,0.3128729829787234
1628327305000,0.3112471899696049
1628327335000,0.3173321233518176
1628327365000,0.31241639767014096
1628327395000,0.3161171552631579
1628327425000,0.31127464418181816
1628327455000,0.31192372185990336
1628327485000,0.3117028907134071
1628327515000,0.3144246390139988
1628327545000,0.317629686749226
1628327575000,0.3150933289650949
1628327605000,0.3060548784503632
1628327635000,0.31179334489164084
1628327665000,0.3170475778121137
1628327695000,0.3162488506674757
1628327725000,0.31167602663755456
1628327755000,0.31470246785714284
1628327785000,0.3130691530674847
1628327815000,0.31556550933087785
1628327845000,0.3182913505256648
1628327875000,0.31103200830788025
1628327905000,0.3121923904059041
1628327935000,0.3137392908529048
1628327965000,0.31611407520148793
1628327995000,0.31530151876149604
1628328025000,0.3156460733866011
1628328055000,0.31406260819571863
1628328085000,0.3151383152532032
1628328115000,0.3123759767868051
1628328145000,0.31499914872417983
1628328175000,0.3135433794082126
1628328205000,0.3144923699142157
1628328235000,0.31178821615479113
1628328265000,0.3172003402948403
1628328295000,0.3162652202933985
1628328325000,0.3189973774797255
1628328355000,0.3207380582524272
1628328385000,0.3119500299323909
1628328415000,0.3096540604436229
1628328445000,0.3134284367408298
1628328475000,0.3175255233576642
1628328505000,0.31864906445820435
1628328535000,0.3117883791590493
1628328565000,0.3119224800995025
1628328595000,0.3150894398428053
1628328625000,0.3131700441140777
1628328655000,0.31596132582043346
1628328685000,0.3200551954351796
1628328715000,0.3170509858287123
1628328745000,0.32005585610804177
1628328775000,0.3199170803217822
1628328805000,0.3161596085448917
1628328835000,0.3153245407339449
1628328865000,0.3149002896158463
1628328895000,0.3171066605763335
1628328925000,0.3158337444237918
1628328955000,0.31535093586419755
1628328985000,0.3163316243811881
1628329015000,0.3204647976392252
1628329045000,0.3144091201964395
1628329075000,0.3133487976088289
1628329105000,0.3161324447797224
1628329135000,0.31609438067837675
1628329165000,0.3143321785198556
1628329195000,0.2495400204656863
1628329225000,0.2581483246153846
1628329255000,0.25087970925136943
1628329285000,0.3131280451652387
1628329315000,0.31551943113954906
1628329345000,0.3114678579462103
1628329375000,0.3125044421809467
1628329405000,0.3176731307971015
1628329435000,0.3087561435727218
1628329465000,0.3187586519756839
1628329495000,0.31363487118226596
1628329525000,0.3121108775956284
1628329555000,0.3177624756773399
1628329585000,0.3156037185207824
1628329615000,0.3172934312842361
1628329645000,0.3135416471569839
1628329675000,0.3220824459277404
1628329705000,0.3134585381897086
1628329735000,0.31810621382263
1628329765000,0.3161420514041514
1628329795000,0.318649353817734
1628329825000,0.3152289373566687
1628329855000,0.3085925620024125
1628329885000,0.311309481586917
1628329915000,0.31284082570900124
1628329945000,0.31454147801461635
1628329975000,0.3172637782317073
1628330005000,0.31761681399999997
1628330035000,0.3160389557387057
1628330065000,0.3125125204878049
1628330095000,0.3070160637349398
1628330125000,0.31743551055214725
1628330155000,0.3114945278117359
1628330185000,0.3135919863253012
1628330215000,0.31491814348635233
1628330245000,0.31264176918819186
1628330275000,0.3119079817682927
1628330305000,0.3171560314373089
1628330335000,0.3142261316339066
1628330365000,0.3197916652769135
1628330395000,0.3171921635635018
1628330425000,0.3130059655193608
1628330455000,0.3155090945764777
1628330485000,0.3157104083434836
1628330515000,0.3107096418902439
1628330545000,0.3115836814432989
1628330575000,0.3117753409090909
1628330605000,0.3187791561627201
1628330635000,0.3204607480673317
1628330665000,0.31526221689272504
1628330695000,0.31051652128174123
1628330725000,0.3117809287384615
1628330755000,0.31594810363076925
1628330785000,0.3144314404747413
1628330815000,0.31649148428134555
1628330845000,0.3128019021237864
1628330875000,0.3126219842682927
1628330905000,0.31705204460297765
1628330935000,0.3159673746031746
1628330965000,0.3137243970807453
1628330995000,0.3118636718482252
1628331025000,0.31627013608883403
1628331055000,0.31972937027027026
1628331085000,0.31289208425245096
1628331115000,0.3139798162561576
1628331145000,0.31543337104128155
1628331175000,0.3119865393995098
1628331205000,0.313172574984672
1628331235000,0.3185724263255241
1628331265000,0.3186236256193353
1628331295000,0.3160823616480793
1628331325000,0.3143646801606922
1628331355000,0.3148151560412872
1628331385000,0.3123040727985525
1628331415000,0.3156943682151589
1628331445000,0.314186115018315
1628331475000,0.31527096220895523
1628331505000,0.3155980768524189
1628331535000,0.31705214238008506
1628331565000,0.3130501193746168
1628331595000,0.31562764938423643
1628331625000,0.3171377112990937
1628331655000,0.3129428564276885
1628331685000,0.31338253579335795
1628331715000,0.3187098460742544
1628331745000,0.3122548385216346
1628331775000,0.31711992209302325
1628331805000,0.3175062714198659
1628331835000,0.3173163920245399
1628331865000,0.31763923259532595
1628331895000,0.31122040606989576
1628331925000,0.3112186839220463
1628331955000,0.3110253736523319
1628331985000,0.3164242333126935
1628332015000,0.32070011799137393
1628332045000,0.3152481030750308
1628332075000,0.3102757903621854
1628332105000,0.3116420840049597
1628332135000,0.3112430957254666
1628332165000,0.3132847165967645
1628332195000,0.3207273272337821
1628332225000,0.3110043649509804
1628332255000,0.3103697152329749
1628332285000,0.31666959484792057
1628332315000,0.3159115668092909
1628332345000,0.3200475207744315
1628332375000,0.3157756886209029
1628332405000,0.31313431998766195
1628332435000,0.3133787329670329
1628332465000,0.3130586931572629
1628332495000,0.31800011401925393
1628332525000,0.3159294411836486
1628332555000,0.3177648274064991
1628332585000,0.3115766483616505
1628332615000,0.3113559435643564
1628332645000,0.31222777144607844
1628332675000,0.3146413832929782
1628332705000,0.3161175800855223
1628332735000,0.3171875941176471
1628332765000,0.3115682001218027
1628332795000,0.3177388634793337
1628332825000,0.31208543165952235
1628332855000,0.32170701773607746
1628332885000,0.3201072127764128
1628332915000,0.3125899011649295
1628332945000,0.3161653036877689
1628332975000,0.32091892874692873
1628333005000,0.31233193583638585
1628333035000,0.314266432801962
1628333065000,0.31109827897897896
1628333095000,0.3107603505467801
1628333125000,0.3124822900674433
1628333155000,0.3137690884120172
1628333185000,0.3130192964086687
1628333215000,0.3164094272337821
1628333245000,0.3130215155076923
1628333275000,0.3179510480373832
1628333305000,0.3193965640123457
1628333335000,0.31843066511627904
1628333365000,0.3172153418292683
1628333395000,0.31355237526153845
1628333425000,0.3110930692966361
1628333455000,0.3172942534161491
1628333485000,0.31807710484848484
1628333515000,0.3158965370848709
1628333545000,0.316691909057971
1628333575000,0.31121569362354384
1628333605000,0.3201114676363636
1628333635000,0.3117295861282368
1628333665000,0.3186135138613861
1628333695000,0.31257521904176905
1628333725000,0.3130801491442543
1628333755000,0.3230482148740012
1628333785000,0.31382956532258066
1628333815000,0.30960513820697955
1628333845000,0.3183995253832005
1628333875000,0.3138138197538461
1628333905000,0.3188660463112213
1628333935000,0.3122267596501809
1628333965000,0.3168255614363307
1628333995000,0.3118579183837137
1628334025000,0.3168792915692308
1628334055000,0.3132501973308504
1628334085000,0.32056257551892553
1628334115000,0.31373366871576386
1628334145000,0.3175203838494232
1628334175000,0.3134593964547677
1628334205000,0.3136472170030581
1628334235000,0.31684692996923075
1628334265000,0.3128408131325301
1628334295000,0.31101058325213154
1628334325000,0.3165867507380074
1628334355000,0.3178157386716325
1628334385000,0.3121241422126081
1628334415000,0.31675727045177043
1628334445000,0.3116472987959061
1628334475000,0.3113425218596059
1628334505000,0.31173229123337365
1628334535000,0.3154022157029823
1628334565000,0.3227417765275257
1628334595000,0.3178418372049689
1628334625000,0.310969353198032
1628334655000,0.3117286521446078
1628334685000,0.3169367326405868
1628334715000,0.3128258970873786
1628334745000,0.3126489953874539
1628334775000,0.319964008839779
1628334805000,0.3154045003719777
1628334835000,0.31456592619631896
1628334865000,0.3156384258338387
1628334895000,0.3159499428220859
1628334925000,0.3152130515095502
1628334955000,0.3116155649101054
1628334985000,0.3163546641486068
1628335015000,0.3151136726772616
1628335045000,0.3120129450367647
1628335075000,0.3182401070036541
1628335105000,0.31203691263736266
1628335135000,0.31421078484666265
1628335165000,0.31409075417937765
1628335195000,0.3137404627582017
1628335225000,0.3119391543278085
1628335255000,0.3148471888014528
1628335285000,0.3112740610240964
1628335315000,0.3159827352796558
1628335345000,0.3117443075832306
1628335375000,0.31670181549471066
1628335405000,0.31173580845588234
1628335435000,0.3114294034229829
1628335465000,0.3134415270303782
1628335495000,0.315475608449848
1628335525000,0.25140752698706104
1628335555000,0.3149838727774372
1628335585000,0.3130425904176904
1628335615000,0.32185503618988903
1628335645000,0.31405837503037665
1628335675000,0.3140497534076828
1628335705000,0.32179828101343105
1628335735000,0.3124610074846626
1628335765000,0.3167602633923124
1628335795000,0.31174936033857314
1628335825000,0.31465475472154963
1628335855000,0.31253085413580245
1628335885000,0.3160213144094001
1628335915000,0.31652196765432106
1628335945000,0.3115226695255475
1628335975000,0.3155442962009804
1628336005000,0.3116246482673267
1628336035000,0.3166455643869377
1628336065000,0.31569331611316115
1628336095000,0.3165379722796353
1628336125000,0.31592671274083284
1628336155000,0.3151531537469288
1628336185000,0.31567645832821145
1628336215000,0.3138720686176837
1628336245000,0.3159065668082524
1628336275000,0.31344780157671315
1628336305000,0.3110346300245098
1628336335000,0.31730037346437345
1628336365000,0.3200628624069479
1628336395000,0.3169570250152905
1628336425000,0.31559508490566035
1628336455000,0.3129038234355828
1628336485000,0.31726936802469136
1628336515000,0.3181745847145488
1628336545000,0.3146544988379205
1628336575000,0.3121615911965282
1628336605000,0.3152380103427173
1628336635000,0.3132646303288673
1628336665000,0.3120269884449908
1628336695000,0.3151295009679371
1628336725000,0.3141115183497537
1628336755000,0.3191689920634921
1628336785000,0.3184003706959707
1628336815000,0.31685965580823605
1628336845000,0.3162040580487805
1628336875000,0.31275050636982066
1628336905000,0.3180808151937046
1628336935000,0.31292965217125385
1628336965000,0.3108265239506173
1628336995000,0.31165403688073395
1628337025000,0.3138086926560588
1628337055000,0.3148912973473165
1628337085000,0.3159212343366093
1628337115000,0.3139414775217933
1628337145000,0.3212501102913825
1628337175000,0.3184287656826568
1628337205000,0.31761580353378804
1628337235000,0.3173423699011125
1628337265000,0.3120734335802469
1628337295000,0.3139662401913876
1628337325000,0.3163805970695971
1628337355000,0.3105997326047359
1628337385000,0.31101619107253564
1628337415000,0.3168324765030675
1628337445000,0.3196532198905109
1628337475000,0.3113165539401344
1628337505000,0.3171922468215159
1628337535000,0.31344845544554456
1628337565000,0.3101795621540313
1628337595000,0.31435160096910963
1628337625000,0.3200681359037631
1628337655000,0.3139833449660284
1628337685000,0.32400689105295194
1628337715000,0.3121049481481481
1628337745000,0.3139183229341317
1628337775000,0.3118040775497888
1628337805000,0.31582030785758136
1628337835000,0.3092279272171254
1628337865000,0.3096535267846248
1628337895000,0.3183948920606061
1628337925000,0.3172169409062694
1628337955000,0.31947398075980393
1628337985000,0.31780079993868793
1628338015000,0.3131365704164077
1628338045000,0.31913976086427265
1628338075000,0.3137221065512979
1628338105000,0.3207727501807229
1628338135000,0.3115711771025169
1628338165000,0.3176041552934059
1628338195000,0.3138954388991961
1628338225000,0.316997211505508
1628338255000,0.3126375195665262
1628338285000,0.3120201023128424
1628338315000,0.3121244538888889
1628338345000,0.3179411014851485
1628338375000,0.31657137254174395
1628338405000,0.3160820505521472
1628338435000,0.3136070076780186
1628338465000,0.3185151254054054
1628338495000,0.31685279029247043
1628338525000,0.31590188879310344
1628338555000,0.3120126845724907
1628338585000,0.31383243559531154
1628338615000,0.3119244670870871
1628338645000,0.3128245698159509
1628338675000,0.3139720900621118
1628338705000,0.31332206742610835
1628338735000,0.3195213884066956
1628338765000,0.3162294972101674
1628338795000,0.3171996762376237
1628338825000,0.3117296080174021
1628338855000,0.3231117145230769
1628338885000,0.31276421663630843
1628338915000,0.31605575098280103
1628338945000,0.3129051028134557
1628338975000,0.3125771522867738
1628339005000,0.3105685271196633
1628339035000,0.3121745536570375
1628339065000,0.3162778233581165
1628339095000,0.3212530425959781
1628339125000,0.31974403908754623
1628339155000,0.3101673121376812
1628339185000,0.3163828152014652
1628339215000,0.3134009479704797
1628339245000,0.31096968974984746
1628339275000,0.3142910282114321
1628339305000,0.3144776490752158
1628339335000,0.3115367420664207
1628339365000,0.3184023947076923
1628339395000,0.3119634304107909
1628339425000,0.316215695617284
1628339455000,0.31613558103975536
1628339485000,0.3116964323152108
1628339515000,0.3146803314496314
1628339545000,0.3122213939243645
1628339575000,0.31079018979343864
1628339605000,0.314911695681678
1628339635000,0.3194893321123321
1628339665000,0.31074135992624463
1628339695000,0.3154831906327543
1628339725000,0.31819055689440995
1628339755000,0.3123308841976815
1628339785000,0.3152866682452945
1628339815000,0.3163504440339188
1628339845000,0.3138326187192118
1628339875000,0.31429913927025355
1628339905000,0.31639728967391306
1628339935000,0.31937350799016595
1628339965000,0.32042467607099145
1628339995000,0.3167291256610577
1628340025000,0.3151060611590629
1628340055000,0.310530843361754
1628340085000,0.30912364002425713
1628340115000,0.31271789160120844
1628340145000,0.3133979249077491
1628340175000,0.3112121291285801
1628340205000,0.3175740697225573
1628340235000,0.3155894380748007
1628340265000,0.31445624390986604
1628340295000,0.31111872574441685
1628340325000,0.31825417400122924
1628340355000,0.3127930307880269
1628340385000,0.3126008930006086
1628340415000,0.3169967658072437
1628340445000,0.31557432168525396
1628340475000,0.3158517391569945
1628340505000,0.31264927680890536
1628340535000,0.3128272568434032
1628340565000,0.3128225445679013
1628340595000,0.310826724600246
1628340625000,0.3185313579174369
1628340655000,0.3212985658612144
1628340685000,0.31354287700369915
1628340715000,0.31541738874538744
1628340745000,0.31476270424876845
1628340775000,0.3125630733333333
1628340805000,0.3155254577370031
1628340835000,0.3127784303758472
1628340865000,0.31236714824615386
1628340895000,0.31285555067901233
1628340925000,0.307464847008547
1628340955000,0.3159744245476478
1628340985000,0.3165829957498482
1628341015000,0.3148299428398058
1628341045000,0.3188906851644941
1628341075000,0.3159585260789149
1628341105000,0.31599568222087376
1628341135000,0.3138802535236938
1628341165000,0.3159702511246201
1628341195000,0.3165913465389369
1628341225000,0.3147706424581005
1628341255000,0.3172877222972973
1628341285000,0.3163245021000617
1628341315000,0.3112363685469037
1628341345000,0.3165509136642157
1628341375000,0.31569566049908704
1628341405000,0.3106498996359223
1628341435000,0.3166086095764273
1628341465000,0.317937356372549
1628341495000,0.3138835831604637
1628341525000,0.3119509356707317
1628341555000,0.3178556307739558
1628341585000,0.3155618772836539
1628341615000,0.31097536310030394
1628341645000,0.3129919760725076
1628341675000,0.3152895165946946
1628341705000,0.31588168963825874
1628341735000,0.3182855509068924
1628341765000,0.3137375366093366
1628341795000,0.308739805806846
1628341825000,0.3125042580012262
1628341855000,0.31887786014714903
1628341885000,0.31177538126535626
1628341915000,0.3142240068376068
1628341945000,0.31247335841523344
1628341975000,0.31671851657390226
1628342005000,0.3161893180074257
1628342035000,0.3177182093225606
1628342065000,0.3122523542961609
1628342095000,0.31017283122337186
1628342125000,0.3124799932087227
1628342155000,0.3174977658994549
1628342185000,0.3193395654623393
1628342215000,0.3169025467771639
1628342245000,0.31209623208232445
1628342275000,0.3136333360198388
1628342305000,0.3164423930759804
1628342335000,0.31124428933169834
1628342365000,0.3156177929551122
1628342395000,0.313553716429895
1628342425000,0.31705684754694125
1628342455000,0.3212996230579531
1628342485000,0.31087311530054645
1628342515000,0.31648308494231936
1628342545000,0.3112700032278088
1628342575000,0.31568974767156865
1628342605000,0.3167473251856436
1628342635000,0.3173431451476793
1628342665000,0.31279974002455496
1628342695000,0.3147371707905854
1628342725000,0.31898370416666666
1628342755000,0.3225013009174312
1628342785000,0.3132849403325123
1628342815000,0.31285218162631906
1628342845000,0.31290927609635577
1628342875000,0.3132402056763285
1628342905000,0.31609418882063883
1628342935000,0.3135860961678832
1628342965000,0.3129915585380835
1628342995000,0.31435413175965665
1628343025000,0.3206830948828607
1628343055000,0.3173705382624769
1628343085000,0.31517361076260764
1628343115000,0.31615479516728623
1628343145000,0.3156830245376079
1628343175000,0.3115626392945545
1628343205000,0.31299300562075355
1628343235000,0.3213593228059333
1628343265000,0.32022422535825545
1628343295000,0.3125655732360097
1628343325000,0.3141762498450093
1628343355000,0.31579475312306743
1628343385000,0.3187303056346749
1628343415000,0.3247080501529052
1628343445000,0.316395705435454
1628343475000,0.31261450099255583
1628343505000,0.3170012408951564
1628343535000,0.3136682870848708
1628343565000,0.31344442641041537
1628343595000,0.31907969725106905
1628343625000,0.32098417986453204
1628343655000,0.3157753124163116
1628343685000,0.3124058219378428
1628343715000,0.3146730688112745
1628343745000,0.323664106911315
1628343775000,0.3133845187001839
1628343805000,0.3122311524620061
1628343835000,0.3149460755176614
1628343865000,0.32045916989381634
1628343895000,0.3162352170642202
1628343925000,0.3151247120415648
1628343955000,0.31155314183922045
1628343985000,0.31792995442424243
1628344015000,0.3172221631091919
1628344045000,0.3139318164004914
1628344075000,0.311273556404089
1628344105000,0.3186110846389229
1628344135000,0.3127674141717792
1628344165000,0.31135308983566645
1628344195000,0.31508118564356435
1628344225000,0.31300768963855424
1628344255000,0.31330350006108737
1628344285000,0.3116025071041541
1628344315000,0.31788342622442656
1628344345000,0.3129233585852479
1628344375000,0.3127411325780772
1628344405000,0.3173686082669933
1628344435000,0.3123481036809816
1628344465000,0.3170052360098826
1628344495000,0.31541211787709494
1628344525000,0.3160502902180685
1628344555000,0.3186238219035998
1628344585000,0.3145725949451888
1628344615000,0.3158734953931204
1628344645000,0.3171010228167281
1628344675000,0.3111160163525836
1628344705000,0.3146202014423077
1628344735000,0.3146857810615199
1628344765000,0.31374993773700305
1628344795000,0.3150599965665236
1628344825000,0.3168014958308157
1628344855000,0.3115036201100245
1628344885000,0.312596404448507
1628344915000,0.31255527894096163
1628344945000,0.3149271465030675
1628344975000,0.2535727434089516
1628345005000,0.3128359743309003
1628345035000,0.31371058689528475
1628345065000,0.3165119028238183
1628345095000,0.3129741497533909
1628345125000,0.31432892486221675
1628345155000,0.3101290525136281
1628345185000,0.3169385957186545
1628345215000,0.31303580748630555
1628345245000,0.311238016934487
1628345275000,0.3222481810461538
1628345305000,0.3122191418474892
1628345335000,0.31254214493365506
1628345365000,0.3179496607915894
1628345395000,0.3150030881740196
1628345425000,0.3114077347534997
1628345455000,0.3232165535384615
1628345485000,0.31597934409400125
1628345515000,0.3157124620689655
1628345545000,0.3173813213981763
1628345575000,0.31356538927038624
1628345605000,0.3148782061811505
1628345635000,0.3166099062653563
1628345665000,0.31851364880587874
1628345695000,0.3166316123396457
1628345725000,0.3189113020531401
1628345755000,0.3163650814678899
1628345785000,0.3140866118885449
1628345815000,0.3164863761846154
1628345845000,0.3131871905021173
1628345875000,0.3108689696264544
1628345905000,0.3179321458996328
1628345935000,0.31746002979242977
1628345965000,0.31417212035130226
1628345995000,0.31749675628448804
1628346025000,0.31376428036474163
1628346055000,0.31168096076876145
1628346085000,0.31229281625076083
1628346115000,0.3098545269230769
1628346145000,0.31740214045149484
1628346175000,0.318534123671199
1628346205000,0.3124201369711833
1628346235000,0.317482161842919
1628346265000,0.31430227678571426
1628346295000,0.3126462149144254
1628346325000,0.3201586559854897
1628346355000,0.3198142398423287
1628346385000,0.317176857282145
1628346415000,0.319457302398524
1628346445000,0.3139742717885679
1628346475000,0.31361806386503066
1628346505000,0.3182309237948084
1628346535000,0.318654658747698
1628346565000,0.31182710300982797
1628346595000,0.3206785436816525
1628346625000,0.31442873395770393
1628346655000,0.3152052583129584
1628346685000,0.3120575347213717
1628346715000,0.31248319518221124
1628346745000,0.3209797901719902
1628346775000,0.31605843946569523
1628346805000,0.3158840386236826
1628346835000,0.3196868128580134
1628346865000,0.3114169828695114
1628346895000,0.3140116829223181
1628346925000,0.31241628877427186
1628346955000,0.3185847222154595
1628346985000,0.3137172455873402
1628347015000,0.32139256082158185
1628347045000,0.3097844686887255
1628347075000,0.31889600350553504
1628347105000,0.3119158349167181
1628347135000,0.3145359535024155
1628347165000,0.31728729184549354
1628347195000,0.3144705345364032
1628347225000,0.3146510632628399
1628347255000,0.31291520073619633
1628347285000,0.31449998424279585
1628347315000,0.3165817870748299
1628347345000,0.3162987603233831
1628347375000,0.3185682564613527
1628347405000,0.3134464830291971
1628347435000,0.317155606993865
1628347465000,0.3194878409756098
1628347495000,0.3122635619134674
1628347525000,0.31213142401477834
1628347555000,0.31287901114457833
1628347585000,0.3183059093251533
1628347615000,0.3168078602815177
1628347645000,0.3153498996328029
1628347675000,0.3136538409876543
1628347705000,0.3169262799507995
1628347735000,0.3180485000604961
1628347765000,0.31304000030413626
1628347795000,0.31159800495049506
1628347825000,0.3176609067080745
1628347855000,0.3119729839708561
1628347885000,0.3121954270859278
1628347915000,0.316050622965642
1628347945000,0.3171123345121951
1628347975000,0.31533479767441863
1628348005000,0.3203243976744186
1628348035000,0.3144554832524272
1628348065000,0.31227948637189584
1628348095000,0.32458488304773564
1628348125000,0.31270984459951456
1628348155000,0.3159489073288916
1628348185000,0.31617216996923075
1628348215000,0.3185404105006105
1628348245000,0.3145202862947241
1628348275000,0.3135491686512758
1628348305000,0.31652835408653845
1628348335000,0.3106629712636695
1628348365000,0.3123396699023199
1628348395000,0.3191726298397041
1628348425000,0.3178780274223035
1628348455000,0.3168472419515227
1628348485000,0.3155218027878788
1628348515000,0.3121551825092707
1628348545000,0.3163404818237831
1628348575000,0.31507963265052763
1628348605000,0.3144545577871317
1628348635000,0.3153779788449848
1628348665000,0.3120054052439024
1628348695000,0.3146284899386503
1628348725000,0.31409043169670603
1628348755000,0.3152432950495049
1628348785000,0.31566580024570023
1628348815000,0.3117259624464832
1628348845000,0.31145414903730445
1628348875000,0.3134831949482654
1628348905000,0.31637082918985776
1628348935000,0.3146573741734248
1628348965000,0.3179024414514145
1628348995000,0.3124924000620347
1628349025000,0.3111956813868613
1628349055000,0.31693897716727715
1628349085000,0.3124219422153846
1628349115000,0.3172466226552984
1628349145000,0.3130551799513973
1628349175000,0.32155764154032745
1628349205000,0.3130025315009265
1628349235000,0.3169110746496039
1628349265000,0.3160845122249389
1628349295000,0.3161257108272506
1628349325000,0.3163807432566812
1628349355000,0.3221069337430854
1628349385000,0.31653452305315205
1628349415000,0.31670349312039314
1628349445000,0.31280365701863355
1628349475000,0.31878299652439024
1628349505000,0.31645363409653465
1628349535000,0.31767312640243894
1628349565000,0.3183003581122764
1628349595000,0.3115358855822551
1628349625000,0.31764678614823816
1628349655000,0.3143184824
1628349685000,0.3113087028834356
1628349715000,0.31708506184291896
1628349745000,0.3110404605006105
1628349775000,0.3115115747204969
1628349805000,0.3185862800243605
1628349835000,0.313436659350092
1628349865000,0.3140375697716346
1628349895000,0.3124304985984156
1628349925000,0.3113191366871166
1628349955000,0.3194366285539216
1628349985000,0.31699609956843405
1628350015000,0.3143305454054054
1628350045000,0.3163192203567036
1628350075000,0.3160328459608323
1628350105000,0.31322757141104296
1628350135000,0.3168994612282878
1628350165000,0.3132634251529988
1628350195000,0.31329618725796377
1628350225000,0.31090551834140434
1628350255000,0.3175405689320389
1628350285000,0.31710064071170085
1628350315000,0.3160101351897185
1628350345000,0.3175410611555009
1628350375000,0.3153411389059619
1628350405000,0.312033246443769
1628350435000,0.31136200626535626
1628350465000,0.3174240511985249
1628350495000,0.3114284919604205
1628350525000,0.3132854588379205
1628350555000,0.31802653667273834
1628350585000,0.31131226646304216
1628350615000,0.3178213748454883
1628350645000,0.3121210660134721
1628350675000,0.3170793210784314
1628350705000,0.3137362492428831
1628350735000,0.31692108933415536
1628350765000,0.3180630909926471
1628350795000,0.3167269575107296
1628350825000,0.31161545297728666
1628350855000,0.3146413119311193
1628350885000,0.3168702123844732
1628350915000,0.3112695071075402
1628350945000,0.3182437880569307
1628350975000,0.3163336290502793
1628351005000,0.3146428810994441
1628351035000,0.3147803528770442
1628351065000,0.31656033343539497
1628351095000,0.32398572550582466
1628351125000,0.3116322044036697
1628351155000,0.31105101580882355
1628351185000,0.31382330289408866
1628351215000,0.3120965803982576
1628351245000,0.31705184489296634
1628351275000,0.3108429038271605
1628351305000,0.31057059855072466
1628351335000,0.31262854406674906
1628351365000,0.3137487526186075
1628351395000,0.3174071900120337
1628351425000,0.3132554563862928
1628351455000,0.3129957950092421
1628351485000,0.31243304223181256
1628351515000,0.3137493355869699
1628351545000,0.3126027443823712
1628351575000,0.3154501761377614
1628351605000,0.3179491391727494
1628351635000,0.31811576753407683
1628351665000,0.3164856448004837
1628351695000,0.31146829413202937
1628351725000,0.31647253614823817
1628351755000,0.3111792402820356
1628351785000,0.319068578002451
1628351815000,0.3118759610285006
1628351845000,0.311500138997555
1628351875000,0.31568224215686275
1628351905000,0.3106837957047792
1628351935000,0.3123853872976339
1628351965000,0.3126608662337662
1628351995000,0.3135932249230769
1628352025000,0.3119119929016189
1628352055000,0.3164398088630807
1628352085000,0.3152783096200981
1628352115000,0.31611454476131434
1628352145000,0.31289203038438074
1628352175000,0.3121069299315495
1628352205000,0.3111327196307692
1628352235000,0.3168005044044665
1628352265000,0.3122091236552567
1628352295000,0.31141593789156624
1628352325000,0.27659640744416875
1628352355000,0.2653242941903585
1628352385000,0.3121565507626601
1628352415000,0.3170128991373999
1628352445000,0.3134433604409063
1628352475000,0.3139236105101413
1628352505000,0.31582732116697704
1628352535000,0.31637594434194344
1628352565000,0.31772301604409064
1628352595000,0.3110720898085238
1628352625000,0.3160214257057057
1628352655000,0.31239586840193706
1628352685000,0.3126127775706554
1628352715000,0.3156269961182994
1628352745000,0.3160640494717216
1628352775000,0.3098989778875849
1628352805000,0.3131362864197531
1628352835000,0.31395075699322245
1628352865000,0.317636070838471
1628352895000,0.31486555318491033
1628352925000,0.3159721631055901
1628352955000,0.3160960443567961
1628352985000,0.31411794013118666
1628353015000,0.3122644647741148
1628353045000,0.31812558607516944
1628353075000,0.3112053660331085
1628353105000,0.31777963193846154
1628353135000,0.31763863132603404
1628353165000,0.3173416576014537
1628353195000,0.31119325730267244
1628353225000,0.3194647256127451
1628353255000,0.31011796631773403
1628353285000,0.3145197809146342
1628353315000,0.31869104521372665
1628353345000,0.3164047083487941
1628353375000,0.313225463100304
1628353405000,0.3124929164324985
1628353435000,0.3150242025137952
1628353465000,0.3128517141521197
1628353495000,0.3160998780905753
1628353525000,0.31104910514527845
1628353555000,0.3181840108007449
1628353585000,0.31703692924411403
1628353615000,0.312183815933044
1628353645000,0.321519800993172
1628353675000,0.3111554706280788
1628353705000,0.31459697671149145
1628353735000,0.3211341855036855
1628353765000,0.3157998800121877
1628353795000,0.31469970360635696
1628353825000,0.3235379252147239
1628353855000,0.31354092027027025
1628353885000,0.3117329129709697
1628353915000,0.3106627036518564
1628353945000,0.3203175297247706
1628353975000,0.3191292462399006
1628354005000,0.31769932110769233
1628354035000,0.3118204653869969
1628354065000,0.3116440696472019
1628354095000,0.31341636039119797
1628354125000,0.3117955123095673
1628354155000,0.3127962389819988
1628354185000,0.31323708644171777
1628354215000,0.3234435455219271
1628354245000,0.3189423537607892
1628354275000,0.31023014029574864
1628354305000,0.3194788483118477
1628354335000,0.31234294141104296
1628354365000,0.3122688621943948
1628354395000,0.3066009230442693
1628354425000,0.31489235727440146
1628354455000,0.3198399803198032
1628354485000,0.30884045907147223
1628354515000,0.3200090004923077
1628354545000,0.3123336242979243
1628354575000,0.31383936928264866
1628354605000,0.31392400037128715
1628354635000,0.3108883743746187
1628354665000,0.3124843207234825
1628354695000,0.32075266392251817
1628354725000,0.3154184198663427
1628354755000,0.3130016176399759
1628354785000,0.3129735794512195
1628354815000,0.317923086019536
1628354845000,0.3127519631418093
1628354875000,0.3205258191738594
1628354905000,0.3113249231527094
1628354935000,0.3166819446886447
1628354965000,0.31563634079999997
1628354995000,0.30984336660505235
1628355025000,0.3115997231759657
1628355055000,0.31024132825955125
1628355085000,0.3175559987767584
1628355115000,0.3122563515445185
1628355145000,0.31631336609756106
1628355175000,0.3131777728844966
1628355205000,0.3126813191831683
1628355235000,0.3242257829839704
1628355265000,0.3173751429802956
1628355295000,0.3151830488198758
1628355325000,0.31305638058076224
1628355355000,0.3118796175232198
1628355385000,0.31545289378769603
1628355415000,0.321196299009901
1628355445000,0.3133875301910043
1628355475000,0.3127041193821926
1628355505000,0.31651589932056823
1628355535000,0.31269363929225136
1628355565000,0.3163874250151057
1628355595000,0.31412393171912834
1628355625000,0.32057683170580964
1628355655000,0.3114051310451453
1628355685000,0.3131903223371881
1628355715000,0.3181730493546405
1628355745000,0.3147737608024692
1628355775000,0.3150829192236599
1628355805000,0.3157626001858736
1628355835000,0.3115660081645181
1628355865000,0.2521583702035781
1628355895000,0.3109534463235294
1628355925000,0.3113050541871921
1628355955000,0.3118699634950249
1628355985000,0.3167877193646915
1628356015000,0.3115858481120585
1628356045000,0.3137806860579889
1628356075000,0.3135880202469136
1628356105000,0.31243823059610704
1628356135000,0.3129105933497537
1628356165000,0.31521494345939244
1628356195000,0.3120441832038255
1628356225000,0.3149166503694581
1628356255000,0.31133077421538463
1628356285000,0.3149694215432099
1628356315000,0.31462417078995714
1628356345000,0.31744039041514044
1628356375000,0.3149783540942928
1628356405000,0.3209540068585426
1628356435000,0.3180917905487805
1628356465000,0.31482080850935423
1628356495000,0.3117184165853659
1628356525000,0.31503874266337856
1628356555000,0.3114539985533454
1628356585000,0.3121582527150701
1628356615000,0.3175495134474328
1628356645000,0.3127623360148515
1628356675000,0.3150415051892552
1628356705000,0.3167279550401979
1628356735000,0.3122575772809668
1628356765000,0.3102838019559902
1628356795000,0.2626812837267081
1628356825000,0.3165730600611621
1628356855000,0.31173478020961776
1628356885000,0.31972600024330894
1628356915000,0.31220792901678657
1628356945000,0.31152783038976856
1628356975000,0.3186651394512195
1628357005000,0.3108011481773997
1628357035000,0.3128090684501845
1628357065000,0.3166498988350705
1628357095000,0.31931706186699205
1628357125000,0.3087440548661801
1628357155000,0.31089380257668714
1628357185000,0.31605341543583537
1628357215000,0.3121898510353228
1628357245000,0.31163495546116504
1628357275000,0.3165188318567961
1628357305000,0.31634563094089263
1628357335000,0.31673391018685954
1628357365000,0.31195724283958204
1628357395000,0.3149939650366748
1628357425000,0.31272983197071386
1628357455000,0.31387685146878824
1628357485000,0.31809965992601724
1628357515000,0.3123801710880196
1628357545000,0.31295600447303923
1628357575000,0.3186248835894284
1628357605000,0.3200691401335762
1628357635000,0.31456250567901234
1628357665000,0.31418799226993865
1628357695000,0.313040143715847
1628357725000,0.3120315957575758
1628357755000,0.3116749478419453
1628357785000,0.3117837813882064
1628357815000,0.3145302154506438
1628357845000,0.3152987613831089
1628357875000,0.3154066259579728
1628357905000,0.3166830503075031
1628357935000,0.31637588155161883
1628357965000,0.3135515509399636
1628357995000,0.31680721161647196
1628358025000,0.3174247922408442
1628358055000,0.3137079562268804
1628358085000,0.3163332393393393
1628358115000,0.3171683227941177
1628358145000,0.31519660887392903
1628358175000,0.3147856122057001
1628358205000,0.3121012215158924
1628358235000,0.3108391124317768
1628358265000,0.3141840674816626
1628358295000,0.3170895146020347
1628358325000,0.3160638673806609
1628358355000,0.31909290018259284
1628358385000,0.3117223289296636
1628358415000,0.314304384057971
1628358445000,0.3178604552503053
1628358475000,0.3095326977383863
1628358505000,0.3129825049170252
1628358535000,0.31083664258809235
1628358565000,0.3164753101102941
1628358595000,0.3187486759854457
1628358625000,0.3114237723562152
1628358655000,0.3142478599386503
1628358685000,0.3116132228974831
1628358715000,0.3154360244498777
1628358745000,0.31393299802591
1628358775000,0.3143015744628607
1628358805000,0.3142770841161928
1628358835000,0.3151387192682927
1628358865000,0.3199975681168428
1628358895000,0.3137657330291971
1628358925000,0.3225677260606061
1628358955000,0.3139491598269468
1628358985000,0.3169728487593052
1628359015000,0.31632584052728385
1628359045000,0.3207237146047073
1628359075000,0.31793031527001864
1628359105000,0.3154365690677966
1628359135000,0.3113581631905649
1628359165000,0.3239800979975728
1628359195000,0.30902540396341466
1628359225000,0.320117203247549
1628359255000,0.31901472270531395
1628359285000,0.3185537268620269
1628359315000,0.31614828652439025
1628359345000,0.3156332041412911
1628359375000,0.3131573705191595
1628359405000,0.31274458149068324
1628359435000,0.31270429679012346
1628359465000,0.3197914443279901
1628359495000,0.31051416066584464
1628359525000,0.311057650245098
1628359555000,0.3198962613300493
1628359585000,0.31133233536214244
1628359615000,0.31480427409006784
1628359645000,0.31559217911888954
1628359675000,0.3117516733414485
1628359705000,0.3141297254623921
1628359735000,0.3122099041923551
1628359765000,0.31504511934889434
1628359795000,0.31559411620145633
1628359825000,0.3151935536374846
1628359855000,0.3169342271176112
1628359885000,0.3131932290719115
1628359915000,0.3160776713846154
1628359945000,0.31597995521023764
1628359975000,0.31809732369551874
1628360005000,0.3180526399636143
1628360035000,0.3191574974296206
1628360065000,0.3130243737298637
1628360095000,0.311688777184466
1628360125000,0.3211854827017115
1628360155000,0.3139293842759478
1628360185000,0.3170468767801858
1628360215000,0.31805854739130435
1628360245000,0.31475446987878786
1628360275000,0.3163189252012384
1628360305000,0.3188005790138304
1628360335000,0.31147560563380283
1628360365000,0.3149147776119403
1628360395000,0.31472461979356403
1628360425000,0.3125317228448276
1628360455000,0.3198734012210012
1628360485000,0.3123605072121212
1628360515000,0.31678820534493474
1628360545000,0.31737777900246306
1628360575000,0.31169548489745186
1628360605000,0.3165238026927785
1628360635000,0.317442668136646
1628360665000,0.3165746149817296
1628360695000,0.31392162730627304
1628360725000,0.31707782
1628360755000,0.3173188643339472
1628360785000,0.3139492915389332
1628360815000,0.30946336872705016
1628360845000,0.3136030410049628
1628360875000,0.31378045024330903
1628360905000,0.3125657804161567
1628360935000,0.315969509695463
1628360965000,0.3206789439733495
1628360995000,0.3117101643033292
1628361025000,0.31481703015681545
1628361055000,0.3187537954573358
1628361085000,0.3192637344211823
1628361115000,0.3152707825953259
1628361145000,0.3187823779589372
1628361175000,0.3165988390229192
1628361205000,0.3218495493647913
1628361235000,0.3130321376856436
1628361265000,0.31219791281269066
1628361295000,0.3113831051734632
1628361325000,0.3128932180147059
1628361355000,0.31173086547472256
1628361385000,0.31757390961420695
1628361415000,0.3154361788895668
1628361445000,0.3176137285540705
1628361475000,0.31204795982853645
1628361505000,0.31167001981651377
1628361535000,0.31471633315151515
1628361565000,0.3204118544242424
1628361595000,0.31262945462906194
1628361625000,0.3197112500621118
1628361655000,0.311453886638194
1628361685000,0.31525354286581664
1628361715000,0.3113564540772532
1628361745000,0.31491305515776696
1628361775000,0.3165002152321981
1628361805000,0.3132106078720787
1628361835000,0.3134076312729498
1628361865000,0.3149887387492336
1628361895000,0.3124808023284314
1628361925000,0.3127292849568434
1628361955000,0.3195289129390019
1628361985000,0.31230286438356164
1628362015000,0.3198737676470588
1628362045000,0.3172234785093168
1628362075000,0.310592077798278
1628362105000,0.3137093917901235
1628362135000,0.3161800177083333
1628362165000,0.3145715342121398
1628362195000,0.31611379725274724
1628362225000,0.3133506254889976
1628362255000,0.31645466952264384
1628362285000,0.31713748600973235
1628362315000,0.31209766681114554
1628362345000,0.31869814549330083
1628362375000,0.31480426065375305
1628362405000,0.3120517369956549
1628362435000,0.32094843479333746
1628362465000,0.3175214209854015
1628362495000,0.3117643246191347
1628362525000,0.31962441372912803
1628362555000,0.3137223518243661
1628362585000,0.3215617636697248
1628362615000,0.3113707567863664
1628362645000,0.3092384501512402
1628362675000,0.3172090306097561
1628362705000,0.3169724090909091
1628362735000,0.3158642152760736
1628362765000,0.3094375477838494
1628362795000,0.3154875661782662
1628362825000,0.3225946179251074
1628362855000,0.3132056201443175
1628362885000,0.3176230012262416
1628362915000,0.3206274728260869
1628362945000,0.3186634025015253
1628362975000,0.31113825495716035
1628363005000,0.3171148343106675
1628363035000,0.31262315482295483
1628363065000,0.3117708526934985
1628363095000,0.3184373640722292
1628363125000,0.3149993915264423
1628363155000,0.31133817549261084
1628363185000,0.3175483833230769
1628363215000,0.314268297810219
1628363245000,0.3145085875688916
1628363275000,0.31472373094801226
1628363305000,0.3144692620198265
1628363335000,0.31678082141104297
1628363365000,0.3135270998753117
1628363395000,0.3127785484904498
1628363425000,0.3168425048585486
1628363455000,0.31363069103277674
1628363485000,0.3167423271719039
1628363515000,0.372963962254902
1628363545000,0.3740575457860131
1628363575000,0.3754571687422935
1628363605000,0.3734281168711657
1628363635000,0.37395560012232415
1628363665000,0.3315458095356037
1628363695000,0.3172677158603797
1628363725000,0.3136683145922747
1628363755000,0.31033729411764704
1628363785000,0.3118820286413709
1628363815000,0.3144012233718807
1628363845000,0.3119035928048781
1628363875000,0.3127295282381829
1628363905000,0.31144426791767554
1628363935000,0.3161332303571429
1628363965000,0.31218602892662217
1628363995000,0.3159381618306351
1628364025000,0.3146177000618429
1628364055000,0.3132138360221675
1628364085000,0.3166594895705521
1628364115000,0.31317636156716416
1628364145000,0.31612716039783
1628364175000,0.318590803331277
1628364205000,0.312877860834868
1628364235000,0.3180778265768524
1628364265000,0.3128309524248005
1628364295000,0.3149013264116576
1628364325000,0.31264349396709323
1628364355000,0.31779985384615383
1628364385000,0.32516564526123937
1628364415000,0.3124513751985339
1628364445000,0.320290485373317
1628364475000,0.31453711031055903
1628364505000,0.3112794294832827
1628364535000,0.3167665118397085
1628364565000,0.3136086193272171
1628364595000,0.31215235269683816
1628364625000,0.31481699603960395
1628364655000,0.3104352596555965
1628364685000,0.3162866290797546
1628364715000,0.3198363541566265
1628364745000,0.31561590410790924
1628364775000,0.31760429773284315
1628364805000,0.3156245264381885
1628364835000,0.31182564130829804
1628364865000,0.31546993464615386
1628364895000,0.321656394740099
1628364925000,0.3110609297648515
1628364955000,0.3134705772866789
1628364985000,0.3141416156326034
1628365015000,0.3150848590493601
1628365045000,0.31457772745341617
1628365075000,0.3105823752602572
1628365105000,0.31384160504926106
1628365135000,0.3100418298516687
1628365165000,0.3172132696951219
1628365195000,0.31251567206329883
1628365225000,0.31152500304347824
1628365255000,0.3119360626243781
1628365285000,0.31102849864364984
1628365315000,0.3127154326328801
1628365345000,0.3133268199875853
1628365375000,0.3151388829044118
1628365405000,0.3166041346764347
1628365435000,0.3116718203058104
1628365465000,0.3168965727437916
1628365495000,0.3107926355786895
1628365525000,0.3101784034313725
1628365555000,0.3167429422344997
1628365585000,0.32201072538892345
1628365615000,0.314680196031746
1628365645000,0.3159506432900433
1628365675000,0.31462144210202825
1628365705000,0.31690572100061765
1628365735000,0.3120045212583995
1628365765000,0.3164142480392157
1628365795000,0.3126216553062462
1628365825000,0.3156406847839318
1628365855000,0.3140734917992656
1628365885000,0.31419071217552536
1628365915000,0.3147040296479308
1628365945000,0.3133839845967253
1628365975000,0.3232610392038601
1628366005000,0.31159020145015104
1628366035000,0.3156798328817734
1628366065000,0.310221204
1628366095000,0.31906861862623764
1628366125000,0.31688634408338445
1628366155000,0.3218648919068056
1628366185000,0.3110764201690821
1628366215000,0.3165937836883749
1628366245000,0.3155263266788767
1628366275000,0.2547231357538461
1628366305000,0.3138199798534799
1628366335000,0.3133432563035496
1628366365000,0.2586349221266134
1628366395000,0.3132570697208738
1628366425000,0.3125113323152108
1628366455000,0.31361036488131466
1628366485000,0.31404373042424244
1628366515000,0.31166987230483273
1628366545000,0.3186934559093693
1628366575000,0.3128330834777228
1628366605000,0.3116986771270037
1628366635000,0.3115416608695652
1628366665000,0.3246990757317073
1628366695000,0.3125354179596824
1628366725000,0.3126246595252587
1628366755000,0.31788217541899444
1628366785000,0.3118208065472514
1628366815000,0.3178411559779277
1628366845000,0.3196286224565757
1628366875000,0.31415277891825444
1628366905000,0.31525179440729484
1628366935000,0.31314605350553504
1628366965000,0.31910081984223304
1628366995000,0.3102374507361963
1628367025000,0.3152510363187153
1628367055000,0.31884153632425744
1628367085000,0.31471638002392344
1628367115000,0.31652271211750305
1628367145000,0.312477784850336
1628367175000,0.31040426905940594
1628367205000,0.3164861860436893
1628367235000,0.3153774475786925
1628367265000,0.3121931175535168
1628367295000,0.31897096190476193
1628367325000,0.3164285277675841
1628367355000,0.31616473841463416
1628367385000,0.3112369951946472
1628367415000,0.3157229430147059
1628367445000,0.3146086718500307
1628367475000,0.3160600829634073
1628367505000,0.3150716356139279
1628367535000,0.3147629577421345
1628367565000,0.3183573872483221
1628367595000,0.3084538599523242
1628367625000,0.31271675660146697
1628367655000,0.3141428375606796
1628367685000,0.31318220659743434
1628367715000,0.3123057678876679
1628367745000,0.3191422905946602
1628367775000,0.3180840018867925
1628367805000,0.3139269976044226
1628367835000,0.3172321648
1628367865000,0.31842944065335754
1628367895000,0.3123407800740284
1628367925000,0.3134860823601721
1628367955000,0.3144399237476809
1628367985000,0.32103995785276074
1628368015000,0.311857436797066
1628368045000,0.31689370165339864
1628368075000,0.3147408772392638
1628368105000,0.3138106057513915
1628368135000,0.31664031577344703
1628368165000,0.3167391339472069
1628368195000,0.3169432707776428
1628368225000,0.3156336909765142
1628368255000,0.3191804934306569
1628368285000,0.3169261345078979
1628368315000,0.3220824177238806
1628368345000,0.3126545505154639
1628368375000,0.3149488257371008
1628368405000,0.3135446922791847
1628368435000,0.3142071204710145
1628368465000,0.3113596225786551
1628368495000,0.3152067172794117
1628368525000,0.3212762313773935
1628368555000,0.31652902940461725
1628368585000,0.31220459327628364
1628368615000,0.3123745896637609
1628368645000,0.3115107287122613
1628368675000,0.31604625354282195
1628368705000,0.31892586843403203
1628368735000,0.32196992332920793
1628368765000,0.3121334741219963
1628368795000,0.3178577333743842
1628368825000,0.31265155871951217
1628368855000,0.3130476971622455
1628368885000,0.3177491431152648
1628368915000,0.3175368644963145
1628368945000,0.31539766465517244
1628368975000,0.3162918097378277
1628369005000,0.31725616087223585
1628369035000,0.3230060839877301
1628369065000,0.3186031001863354
1628369095000,0.31483785543345544
1628369125000,0.3184300570379437
1628369155000,0.31643147927051674
1628369185000,0.3118032853066181
1628369215000,0.3174263640510949
1628369245000,0.3138408588669951
1628369275000,0.3162919130301168
1628369305000,0.3136060212739641
1628369335000,0.31194626350681537
1628369365000,0.31619449019006746
1628369395000,0.31689942810615196
1628369425000,0.3215521488242574
1628369455000,0.31066893500612
1628369485000,0.3115942585864848
1628369515000,0.3138099358062538
1628369545000,0.31244088782447466
1628369575000,0.3176228183525136
1628369605000,0.3135571483831605
1628369635000,0.31052712434089513
1628369665000,0.3129929207212714
1628369695000,0.3181533010526316
1628369725000,0.31151943799261084
1628369755000,0.31820291458461536
1628369785000,0.31663595614355233
1628369815000,0.3111466871654501
1628369845000,0.31451796946329424
1628369875000,0.3125262131806931
1628369905000,0.3108206924984876
1628369935000,0.31329660980876
1628369965000,0.3115498351186853
1628369995000,0.31014297050183603
1628370025000,0.31184118885448914
1628370055000,0.3170317880023995
1628370085000,0.3154045265344079
1628370115000,0.3171697006188119
1628370145000,0.3129153213887167
1628370175000,0.3102413794604537
1628370205000,0.3156808783435583
1628370235000,0.3083574123086344
1628370265000,0.3143542965944273
1628370295000,0.31231021717109325
1628370325000,0.31189454845735026
1628370355000,0.31339577854928696
1628370385000,0.3140925710171569
1628370415000,0.3122802344722392
1628370445000,0.3145628876619371
1628370475000,0.3087661970658683
1628370505000,0.3128989059327217
1628370535000,0.3121528345398773
1628370565000,0.31253508464396285
1628370595000,0.3149376936887255
1628370625000,0.31611215596046943
1628370655000,0.3130176959677419
1628370685000,0.3086549857662023
1628370715000,0.3120042718292683
1628370745000,0.313520274985003
1628370775000,0.3163754234529703
1628370805000,0.3151555698470948
1628370835000,0.3169809643776824
1628370865000,0.3190973187538557
1628370895000,0.3114913514303483
1628370925000,0.3144045422113623
1628370955000,0.3126484998773006
1628370985000,0.3108910895897122
1628371015000,0.31437463257389164
1628371045000,0.3115989942143727
1628371075000,0.312310942002442
1628371105000,0.3147887664626683
1628371135000,0.3135349221136225
1628371165000,0.318751917607362
1628371195000,0.3127903261002445
1628371225000,0.3178541762220881
1628371255000,0.31131357469211823
1628371285000,0.3120440769516729
1628371315000,0.3132943306034483
1628371345000,0.32078986800000003
1628371375000,0.3190347085119412
1628371405000,0.3122490796568628
1628371435000,0.3152857368162262
1628371465000,0.31233034947884736
1628371495000,0.3150345233514821
1628371525000,0.3190050879032258
1628371555000,0.3139500465201465
1628371585000,0.312830132412523
1628371615000,0.3138620731812577
1628371645000,0.3208961426097712
1628371675000,0.3200485061842919
1628371705000,0.3208332237476809
1628371735000,0.3127645671541743
1628371765000,0.3121789232486051
1628371795000,0.32110136036363635
1628371825000,0.3160051844069837
1628371855000,0.3125300704337202
1628371885000,0.3149214132627646
1628371915000,0.3147763165060241
1628371945000,0.31672084932098765
1628371975000,0.3158069681818182
1628372005000,0.3162363667876588
1628372035000,0.3129896619018024
1628372065000,0.31616220366076875
1628372095000,0.3199996021302495
1628372125000,0.3123119965880893
1628372155000,0.3121968614391144
1628372185000,0.3154265754950495
1628372215000,0.3110696106714628
1628372245000,0.32112544413030114
1628372275000,0.31741115916359164
1628372305000,0.3114884942189422
1628372335000,0.31187238487241803
1628372365000,0.3183807391547545
1628372395000,0.31374510103848496
1628372425000,0.3160436201732673
1628372455000,0.3105693880239521
1628372485000,0.3121896882063882
1628372515000,0.3130450427522936
1628372545000,0.3170632621424224
1628372575000,0.3158712465389369
1628372605000,0.31456721249241965
1628372635000,0.31487392086903304
1628372665000,0.3220304000619579
1628372695000,0.3188067479103573
1628372725000,0.3174021240993789
1628372755000,0.3120877400617284
1628372785000,0.32082730301910045
1628372815000,0.3163056952941177
1628372845000,0.31446038382533825
1628372875000,0.3125589118509469
1628372905000,0.3229265857585139
1628372935000,0.31302920803839235
1628372965000,0.3174407109223301
1628372995000,0.313186197670141
1628373025000,0.3189653058896466
1628373055000,0.31654573522588525
1628373085000,0.3170731721786361
1628373115000,0.3195387270386266
1628373145000,0.3116750891506509
1628373175000,0.31167568381185096
1628373205000,0.3114774529339098
1628373235000,0.31269838050275905
1628373265000,0.3123066271102896
1628373295000,0.317261150729927
1628373325000,0.3135299237605804
1628373355000,0.3124746250927071
1628373385000,0.31510843555691553
1628373415000,0.3119698308536585
1628373445000,0.31173189591961026
1628373475000,0.3113657552038953
1628373505000,0.3155984679384615
1628373535000,0.3127156341818182
1628373565000,0.3141698912280701
1628373595000,0.3149059926129426
1628373625000,0.319924539055794
1628373655000,0.3148558651348039
1628373685000,0.3109919083333333
1628373715000,0.3182178583884546
1628373745000,0.3144355128973105
1628373775000,0.3161973742909988
1628373805000,0.31989117682403434
1628373835000,0.3114321832518337
1628373865000,0.31559965188620903
1628373895000,0.3163318368388684
1628373925000,0.3218517876762722
1628373955000,0.31614845384138784
1628373985000,0.31507719771604936
1628374015000,0.31210736095179986
1628374045000,0.31707723567931456
1628374075000,0.3120583267203968
1628374105000,0.3116076083076923
1628374135000,0.3172123016969697
1628374165000,0.31172918342474104
1628374195000,0.3200199564516129
1628374225000,0.31768311146535866
1628374255000,0.3181273124537608
1628374285000,0.3121960206855081
1628374315000,0.3208307399756246
1628374345000,0.31639378072215424
1628374375000,0.31873112751354604
1628374405000,0.3147840274907749
1628374435000,0.3156168087730061
1628374465000,0.3134947468162523
1628374495000,0.3176061011015912
1628374525000,0.31945516408237434
1628374555000,0.31529579053146
1628374585000,0.3168330972067039
1628374615000,0.3126613987804878
1628374645000,0.32269082864930343
1628374675000,0.3121253062690201
1628374705000,0.3117022382926829
1628374735000,0.3146810302325581
1628374765000,0.3173791128518972
1628374795000,0.3199754090741876
1628374825000,0.3135916400859423
1628374855000,0.31590104879081016
1628374885000,0.31381213481166464
1628374915000,0.31195664576376003
1628374945000,0.3160015815837937
1628374975000,0.31442179169211976
1628375005000,0.32409058280961184
1628375035000,0.3151671677108433
1628375065000,0.3164362098208771
1628375095000,0.3221119290887145
1628375125000,0.3192982184306569
1628375155000,0.3179376881746513
1628375185000,0.3100966519704433
1628375215000,0.31244823067408783
1628375245000,0.31813840103030305
1628375275000,0.32296316900369004
1628375305000,0.31136250806650245
1628375335000,0.3160126871437235
1628375365000,0.3214023194614443
1628375395000,0.3153415650336803
1628375425000,0.3128175249393204
1628375455000,0.3130870837888199
1628375485000,0.3162509479452055
1628375515000,0.31771077472661
1628375545000,0.31261794061349696
1628375575000,0.3168497940630798
1628375605000,0.31264939629858113
1628375635000,0.311351578247549
1628375665000,0.3155707281097561
1628375695000,0.31675413473164715
1628375725000,0.3161937729846154
1628375755000,0.3186069374229347
1628375785000,0.3111046067600487
1628375815000,0.32099749945021383
1628375845000,0.3141265711352657
1628375875000,0.3185573628345499
1628375905000,0.3210170793552387
1628375935000,0.3152624769744836
1628375965000,0.3194852170292107
1628375995000,0.31634557758094073
1628376025000,0.3179546438509317
1628376055000,0.31258523427172585
1628376085000,0.31612387745454545
1628376115000,0.3157007526894865
1628376145000,0.31493314917127074
1628376175000,0.3181262842298289
1628376205000,0.32278124854308743
1628376235000,0.3116562677281078
1628376265000,0.3124227965328467
1628376295000,0.3081503063267813
1628376325000,0.3179907817396669
1628376355000,0.3159145966992665
1628376385000,0.31483976693251536
1628376415000,0.32248223825
1628376445000,0.31913571328367474
1628376475000,0.3109967959409594
1628376505000,0.31973440148056753
1628376535000,0.31051337013546804
1628376565000,0.3154784722993362
1628376595000,0.3135704171165644
1628376625000,0.3109718032569361
1628376655000,0.3208209014440433
1628376685000,0.310476582969697
1628376715000,0.310669154
1628376745000,0.3163851795328826
1628376775000,0.3150113683654444
1628376805000,0.3181365175245098
1628376835000,0.3185459129878049
1628376865000,0.3131229915305505
1628376895000,0.3102378776834445
1628376925000,0.3109630031438936
1628376955000,0.3110292778119238
1628376985000,0.3118252083133971
1628377015000,0.31653699092009685
1628377045000,0.3196319745825603
1628377075000,0.31214078601953604
1628377105000,0.3120166742433601
1628377135000,0.3125228565217391
1628377165000,0.3131885305418719
1628377195000,0.3142341146896128
1628377225000,0.31488599359999997
1628377255000,0.3154934827878788
1628377285000,0.3133947984793187
1628377315000,0.311852684497549
1628377345000,0.31282602658994546
1628377375000,0.3192807308523409
1628377405000,0.30998559668914777
1628377435000,0.31605522854489165
1628377465000,0.3130158788888889
1628377495000,0.3109184926150121
1628377525000,0.317260894002448
1628377555000,0.3123432025641026
1628377585000,0.3173096493570116
1628377615000,0.3195729080964153
1628377645000,0.31648258835784315
1628377675000,0.3122879856969697
1628377705000,0.3129767288083538
1628377735000,0.31288805871559633
1628377765000,0.31289755109756096
1628377795000,0.3147337399146862
1628377825000,0.3147163682382134
1628377855000,0.3188513749848577
1628377885000,0.3143790159286593
1628377915000,0.3200068509047045
1628377945000,0.3130162066339066
1628377975000,0.3160216345686513
1628378005000,0.319911499754902
1628378035000,0.31640295803076923
1628378065000,0.3185221007878788
1628378095000,0.3138359762310031
1628378125000,0.3135168552173913
1628378155000,0.31422927346317714
1628378185000,0.31225579675245096
1628378215000,0.3163041105642257
1628378245000,0.3141974080635309
1628378275000,0.3147389688847813
1628378305000,0.3193215160447761
1628378335000,0.3108677120636865
1628378365000,0.31136367023737066
1628378395000,0.31139510121138697
1628378425000,0.3146059307317073
1628378455000,0.31061449444444444
1628378485000,0.3141481150371287
1628378515000,0.3170379916563659
1628378545000,0.3104277383495145
1628378575000,0.31330945761991497
1628378605000,0.31403873075980393
1628378635000,0.3168104272108844
1628378665000,0.3200814140255009
1628378695000,0.31570242784125074
1628378725000,0.31211512619339044
1628378755000,0.31720101564837905
1628378785000,0.3117721816127061
1628378815000,0.31954445814657784
1628378845000,0.313165541337386
1628378875000,0.3197628566646001
1628378905000,0.31698121112492234
1628378935000,0.3163391729811779
1628378965000,0.3184280113230769
1628378995000,0.3117656040540541
1628379025000,0.3155543867593712
1628379055000,0.3185955460422961
1628379085000,0.3148068037286064
1628379115000,0.3143978367674275
1628379145000,0.3166684231804281
1628379175000,0.3135786847196549
1628379205000,0.3180126458563536
1628379235000,0.3161268149235474
1628379265000,0.3119610480487805
1628379295000,0.31302745484261496
1628379325000,0.3170667297832817
1628379355000,0.3117273434032059
1628379385000,0.3226058412195122
1628379415000,0.31847712301101594
1628379445000,0.3156673455223881
1628379475000,0.3193120051851852
1628379505000,0.31227433848039216
1628379535000,0.3147106592209373
1628379565000,0.3106074333737129
1628379595000,0.3188142716363636
1628379625000,0.31282646960725075
1628379655000,0.3183359270018622
1628379685000,0.3190459916256157
1628379715000,0.317896823133868
1628379745000,0.3126772038204973
1628379775000,0.3162858230816078
1628379805000,0.31593552994522217
1628379835000,0.3124850168894289
1628379865000,0.31738065456215553
1628379895000,0.3141523443631932
1628379925000,0.31155136436923075
1628379955000,0.31554826810449577
1628379985000,0.3203404737846154
1628380015000,0.3167949400856793
1628380045000,0.3200203004968944
1628380075000,0.3143320308903695
1628380105000,0.31462178300852617
1628380135000,0.3180658126296522
1628380165000,0.3172359290953545
1628380195000,0.3177996390123457
1628380225000,0.31484308914634146
1628380255000,0.3105508529555149
1628380285000,0.31605916837554043
1628380315000,0.3118870634236453
1628380345000,0.3161171801340646
1628380375000,0.3221684457575757
1628380405000,0.3171416566212871
1628380435000,0.31782436024169186
1628380465000,0.3164887279184682
1628380495000,0.3137966450738916
1628380525000,0.3115349071649166
1628380555000,0.3100209610097324
1628380585000,0.3207053709158416
1628380615000,0.3121281698529412
1628380645000,0.3127988495031056
1628380675000,0.31835515491504857
1628380705000,0.3158938955015197
1628380735000,0.3130774070909091
1628380765000,0.3191183018960245
1628380795000,0.31889887579462106
1628380825000,0.3165184152685576
1628380855000,0.32054667949816396
1628380885000,0.31461460210265924
1628380915000,0.3129525661182206
1628380945000,0.309620643727162
1628380975000,0.32086690392156864
1628381005000,0.31204193241758243
1628381035000,0.3155582946461539
1628381065000,0.312232116635973
1628381095000,0.3128578848858729
1628381125000,0.3126163910891089
1628381155000,0.3153182617610837
1628381185000,0.3193423072481573
1628381215000,0.3174206943465045
1628381245000,0.3152850656987296
1628381275000,0.32189949535168194
1628381305000,0.3145091927370948
1628381335000,0.3170042611145511
1628381365000,0.31210909580246915
1628381395000,0.3085776924019608
1628381425000,0.3143839966459627
1628381455000,0.3112300102994012
1628381485000,0.3145253842007435
1628381515000,0.31299992638376384
1628381545000,0.3124656825873697
1628381575000,0.3123720792279412
1628381605000,0.31565083711467323
1628381635000,0.3119531783650891
1628381665000,0.3183873066344994
1628381695000,0.3126165735582822
1628381725000,0.3147253236636637
1628381755000,0.3186080283435583
1628381785000,0.3152359985120893
1628381815000,0.3178990324441687
1628381845000,0.31280143906832303
1628381875000,0.3118842592411261
1628381905000,0.3113196697082557
1628381935000,0.3114758043692308
1628381965000,0.3178388027912621
1628381995000,0.3139389352363413
1628382025000,0.3210829376442016
1628382055000,0.3149924314303253
1628382085000,0.3110559489583333
1628382115000,0.3138072807926829
1628382145000,0.3099446826795413
1628382175000,0.3135764634086744
1628382235000,0.3185658555153707
1628382205000,0.3108092935897436
1628382265000,0.31638829337461305
1628382295000,0.31656374331713244
1628382325000,0.3172968445605409
1628382385000,0.3151517093963908
1628382355000,0.3171835093457944
1628382415000,0.32032737654623394
1628382475000,0.31611821019777503
1628382505000,0.3166498235047847
1628382535000,0.3165360034717917
1628382445000,0.3129156773119605
1628382655000,0.3165116478531425
1628382565000,0.3174195916566627
1628382595000,0.3122565530127815
1628382625000,0.3130214580526638
1628382685000,0.3171206215831787
1628382715000,0.3162138407248157
1628382805000,0.3202227209373098
1628382835000,0.3165092946517413
1628382745000,0.3170270377871826
1628382445000,0.3129156773119605
1628382685000,0.3171206215831787
1628382775000,0.31811418551980203
1628382715000,0.3162138407248157
1628382745000,0.3170270377871826
1628382835000,0.3165092946517413
1628382805000,0.3202227209373098
1628382865000,0.3130719784456588
1628382775000,0.31811418551980203
1628382445000,0.3129156773119605
1628382685000,0.3171206215831787
1628382865000,0.3130719784456588
1628382715000,0.3162138407248157
1628382835000,0.3165092946517413
1628382805000,0.3202227209373098
1628382745000,0.3170270377871826
1628382835000,0.3165092946517413
1628382445000,0.3129156773119605
1628382865000,0.3130719784456588
1628382685000,0.3171206215831787
1628382775000,0.31811418551980203
1628382805000,0.3202227209373098
1628382745000,0.3170270377871826
1628382715000,0.3162138407248157
1628382865000,0.3130719784456588
1628382445000,0.3129156773119605
1628382775000,0.31811418551980203
1628382685000,0.3171206215831787
1628382835000,0.3165092946517413
1628382805000,0.3202227209373098
1628382745000,0.3170270377871826
1628382715000,0.3162138407248157
1628382775000,0.31811418551980203
1628382865000,0.3130719784456588
1628382835000,0.3165092946517413
1628382805000,0.3202227209373098
1628382445000,0.3129156773119605
1628382685000,0.3171206215831787
1628382895000,0.3197151101903008
1628382715000,0.3162138407248157
1628382775000,0.31811418551980203
1628382745000,0.3170270377871826
1628382925000,0.312371987181045
1628382955000,0.3172384443902439
1628382985000,0.3135049382571075
1628383015000,0.31529000862818124
1628383045000,0.3162286273288093
1628382835000,0.3165092946517413
1628382685000,0.3171206215831787
1628382445000,0.3129156773119605
1628382925000,0.312371987181045
1628383075000,0.31749042879066913
1628383015000,0.31529000862818124
1628383045000,0.3162286273288093
1628382805000,0.3202227209373098
1628383075000,0.31749042879066913
1628382925000,0.312371987181045
1628383015000,0.31529000862818124
1628383045000,0.3162286273288093
1628383075000,0.31749042879066913
1628382925000,0.312371987181045
1628383015000,0.31529000862818124
1628383105000,0.3176951200619195
1628382835000,0.3165092946517413
1628383135000,0.31834182962962965
1628383165000,0.3187576104192355
1628383045000,0.3162286273288093
1628383195000,0.3058288808638273
1628382685000,0.3171206215831787
1628383255000,0.31673231997563944
1628383225000,0.32168442435357786
1628383165000,0.3187576104192355
1628383195000,0.3058288808638273
1628382445000,0.3129156773119605
1628383165000,0.3187576104192355
1628383285000,0.3180996238332296
1628383045000,0.3162286273288093
1628382805000,0.3202227209373098
1628383195000,0.3058288808638273
1628383285000,0.3180996238332296
1628383165000,0.3187576104192355
1628383195000,0.3058288808638273
1628383285000,0.3180996238332296
1628383345000,0.3185084320958084
1628383315000,0.3105956458433735
1628383375000,0.3201250113908873
1628383315000,0.3105956458433735
1628383345000,0.3185084320958084
1628382835000,0.3165092946517413
1628383405000,0.3150197476951445
1628383045000,0.3162286273288093
1628383435000,0.3155392763500931
1628383285000,0.3180996238332296
1628383465000,0.31608580503685496
1628383495000,0.3114107542507645
1628383525000,0.31327046435523115
1628382805000,0.3202227209373098
1628383435000,0.3155392763500931
1628383555000,0.31502208434466017
1628382445000,0.3129156773119605
1628383285000,0.3180996238332296
1628383435000,0.3155392763500931
1628383675000,0.3166779468561064
1628383585000,0.3148345882608696
1628383615000,0.3145874149752475
1628383645000,0.30929403308957953
1628383045000,0.3162286273288093
1628383585000,0.3148345882608696
1628383615000,0.3145874149752475
1628383645000,0.30929403308957953
1628383675000,0.3166779468561064
1628383435000,0.3155392763500931
1628383705000,0.3135237179251074
1628383735000,0.3125889785714286
1628383765000,0.3171269012939002
1628383795000,0.31234440490074444
1628383285000,0.3180996238332296
1628383855000,0.3210766414233577
1628383825000,0.3123415867229933
1628383885000,0.31231250822669104
1628383825000,0.3123415867229933
1628383855000,0.3210766414233577
1628383885000,0.31231250822669104
1628383045000,0.3162286273288093
1628382445000,0.3129156773119605
1628383915000,0.31686153272058826
1628383945000,0.3126849563154652
1628382805000,0.3202227209373098
1628383855000,0.3210766414233577
1628383285000,0.3180996238332296
1628383915000,0.31686153272058826
1628383945000,0.3126849563154652
1628383855000,0.3210766414233577
1628383975000,0.3105085942717855
1628384005000,0.31953102657384985
1628383915000,0.31686153272058826
1628384035000,0.3168317505896958
1628383945000,0.3126849563154652
1628384065000,0.3169771099199014
1628384185000,0.3114574002464572
1628384095000,0.3106121525184275
1628384125000,0.31675098789156625
1628384155000,0.3132329697775031
1628384065000,0.3169771099199014
1628384125000,0.31675098789156625
1628384215000,0.31535475208333336
1628384155000,0.3132329697775031
1628384095000,0.3106121525184275
1628384245000,0.3152850263476681
1628383045000,0.3162286273288093
1628384275000,0.3118532497310221
1628384125000,0.31675098789156625
1628384095000,0.3106121525184275
1628384155000,0.3132329697775031
1628384305000,0.319502894369645
1628384335000,0.31536969488916256
1628383285000,0.3180996238332296
1628384365000,0.3160613645515558
1628384275000,0.3118532497310221
1628384395000,0.31605652055045874
1628382445000,0.3129156773119605
1628384305000,0.319502894369645
1628384335000,0.31536969488916256
1628384125000,0.31675098789156625
1628384365000,0.3160613645515558
1628384155000,0.3132329697775031
1628382805000,0.3202227209373098
1628384395000,0.31605652055045874
1628384275000,0.3118532497310221
1628384095000,0.3106121525184275
1628384335000,0.31536969488916256
1628384305000,0.319502894369645
1628384365000,0.3160613645515558
1628384395000,0.31605652055045874
1628384155000,0.3132329697775031
1628384275000,0.3118532497310221
1628384125000,0.31675098789156625
1628384095000,0.3106121525184275
1628384335000,0.31536969488916256
1628384425000,0.31460102698706105
1628384305000,0.319502894369645
1628384455000,0.3112052631025958
1628384485000,0.3174277347483323
1628384515000,0.3216145254658385
1628384545000,0.3133847095940959
1628384485000,0.3174277347483323
1628384095000,0.3106121525184275
1628384575000,0.3123826407063197
1628384305000,0.319502894369645
1628384605000,0.3137272480097979
1628383285000,0.3180996238332296
1628384545000,0.3133847095940959
1628382445000,0.3129156773119605
1628384575000,0.3123826407063197
1628384485000,0.3174277347483323
1628384605000,0.3137272480097979
1628384545000,0.3133847095940959
1628382805000,0.3202227209373098
1628384605000,0.3137272480097979
1628384575000,0.3123826407063197
1628384485000,0.3174277347483323
1628384695000,0.3211909974769231
1628384725000,0.3147294126726727
1628384635000,0.3154402374255065
1628384665000,0.3103748595457336
1628384305000,0.319502894369645
1628384545000,0.3133847095940959
1628384095000,0.3106121525184275
1628384575000,0.3123826407063197
1628384635000,0.3154402374255065
1628384665000,0.3103748595457336
1628384485000,0.3174277347483323
1628383285000,0.3180996238332296
1628384635000,0.3154402374255065
1628384665000,0.3103748595457336
1628384755000,0.31115514560643565
1628384575000,0.3123826407063197
1628384785000,0.31750372227662177
1628384545000,0.3133847095940959
1628384755000,0.31115514560643565
1628382445000,0.3129156773119605
1628384665000,0.3103748595457336
1628384785000,0.31750372227662177
1628384635000,0.3154402374255065
1628384305000,0.319502894369645
1628384095000,0.3106121525184275
1628384755000,0.31115514560643565
1628384575000,0.3123826407063197
1628384785000,0.31750372227662177
1628384665000,0.3103748595457336
1628384815000,0.3188584395377129
1628384545000,0.3133847095940959
1628384635000,0.3154402374255065
1628384755000,0.31115514560643565
1628384845000,0.3129725372996301
1628384875000,0.3174643047560222
1628384785000,0.31750372227662177
1628384905000,0.3173255702179177
1628384935000,0.3222837036442248
1628384965000,0.3145134957343084
1628384995000,0.3118794848300971
1628385055000,0.3113208491823137
1628385025000,0.3105237810761789
1628385085000,0.3107836578077159
1628384665000,0.3103748595457336
1628382445000,0.3129156773119605
1628385055000,0.3113208491823137
1628385025000,0.3105237810761789
1628385115000,0.3177569098955132
1628384575000,0.3123826407063197
1628384095000,0.3106121525184275
1628384305000,0.319502894369645
1628385145000,0.31469952097944376
1628385055000,0.3113208491823137
1628385115000,0.3177569098955132
1628385025000,0.3105237810761789
1628385145000,0.31469952097944376
1628385115000,0.3177569098955132
1628385055000,0.3113208491823137
1628385175000,0.3220428308778392
1628385205000,0.31472482376298105
1628384665000,0.3103748595457336
1628385145000,0.31469952097944376
1628385025000,0.3105237810761789
1628385265000,0.3092359566747573
1628385235000,0.3119076609876543
1628385295000,0.31409086769323674
1628385325000,0.31243037915632754
1628384575000,0.3123826407063197
1628385235000,0.3119076609876543
1628384305000,0.319502894369645
1628382445000,0.3129156773119605
1628384095000,0.3106121525184275
1628385235000,0.3119076609876543
1628385235000,0.3119076609876543
1628384575000,0.3123826407063197
1628476063000,0.31657041156211563
1628476075000,0.3153820063151441
1628476105000,0.319665865995116
1628476135000,0.31774315196850395
1628476075000,0.3153820063151441
1628476105000,0.319665865995116
1628476165000,0.315195406900801
1628476195000,0.3119776878336437
1628476225000,0.3174447694341944
1628476255000,0.3124540925812385
1628476285000,0.3168973590628853
1628384095000,0.3106121525184275
1628476315000,0.31305718612823674
1628476345000,0.3148963428659666
1628476375000,0.3120524697303921
1628476105000,0.319665865995116
1628476405000,0.3119392625612745
1628476345000,0.3148963428659666
1628382445000,0.3129156773119605
1628384305000,0.319502894369645
1628476435000,0.3154807042461538
1628476465000,0.31302632468007313
1628476435000,0.3154807042461538
1628476465000,0.31302632468007313
1628476495000,0.3132953066465257
1628384095000,0.3106121525184275
1628384305000,0.319502894369645
1628476525000,0.3111283163614164
1628476555000,0.3119179121100917
1628476585000,0.3161998449751861
1628476615000,0.3152093121755253
1628476645000,0.3123409134920635
1628476675000,0.3170404788379205
1628476705000,0.3135134528440367
1628476735000,0.3123161840024331
1628476765000,0.3078209626065773
1628476795000,0.3153239102453988
1628476825000,0.31351164777227725
1628476855000,0.3191653101413645
1628476885000,0.3113998222153846
1628476915000,0.3108206082518337
1628476945000,0.3116416186147186
1628476975000,0.3127805017618469
1628477005000,0.3102722570904645
1628477035000,0.3125868298572315
1628477065000,0.31190325003032143
1628477095000,0.3123064336170213
1628477125000,0.3151644862132353
1628477155000,0.31384539498762376
1628477185000,0.3172921626920713
1628477215000,0.31497074580246914
1628477245000,0.3210935159286593
1628477275000,0.3103469315403423
1628477305000,0.3177223590604027
1628477335000,0.3120530777097367
1628477365000,0.3107344527010804
1628477395000,0.3183293429451633
1628477425000,0.32069671416361417
1628477455000,0.3159082972527473
1628477485000,0.3155922571076923
1628477515000,0.3172189670377242
1628477545000,0.3140786358927483
1628477575000,0.3156959748777506
1628477605000,0.3128904069300912
1628477635000,0.3191939985472155
1628477665000,0.3168004353770693
1628477695000,0.311556535377943
1628477725000,0.312013030072904
1628477755000,0.3115499828729282
1628477785000,0.3204362796969697
1628477815000,0.31353426289620884
1628477845000,0.31771280261080753
1628477875000,0.3126482789182545
1628477905000,0.3158849980840544
1628477935000,0.3138785826600373
1628477965000,0.31625450215782985
1628477995000,0.3148715485731633
1628478025000,0.32373886
1628478055000,0.31157570408038976
1628478085000,0.3154042259771497
1628478115000,0.3127060449266504
1628478145000,0.3122120111524164
1628478175000,0.3120240873493976
1628478205000,0.3182611212792128
1628478235000,0.3138768710251688
1628478265000,0.3171294815060241
1628478295000,0.3215004326060606
1628478325000,0.3148129841814837
1628478355000,0.3098793813112745
1628478385000,0.3183280040640394
1628478415000,0.316090869592089
1628478445000,0.3129416558679707
1628478475000,0.3122067347478475
1628478505000,0.3195144837522992
1628478535000,0.31185084346749226
1628478565000,0.3097500027929569
1628478595000,0.3111033858009709
1628478625000,0.3148225223826715
1628478655000,0.3148450523284313
1628478685000,0.3138791174893358
1628478715000,0.3115413294044665
1628478745000,0.3129671181985294
1628478775000,0.31086648447432763
1628478805000,0.3184618241866176
1628478835000,0.31125759456322544
1628478865000,0.3106502857662023
1628478895000,0.3117243362515413
1628478925000,0.314137175824835
1628478955000,0.31041647749691736
1628478985000,0.3115825976146789
1628479015000,0.3109719341133005
1628479045000,0.3157406966133005
1628479075000,0.3115326305033353
1628479105000,0.3168964371375694
1628479135000,0.3122670946979038
1628479165000,0.31403624778869776
1628479195000,0.3165299835894284
1628479225000,0.3139854800740284
1628479255000,0.312221099513382
1628479285000,0.3120481310451453
1628479315000,0.3111041429014259
1628479345000,0.3163752826219512
1628479375000,0.31224084965902044
1628479405000,0.32276526955997586
1628479435000,0.3164235188620903
1628479465000,0.3169242519337017
1628479495000,0.3108781942273001
1628479525000,0.3112101835542169
1628479555000,0.31327567769562537
1628479585000,0.31122731122828784
1628479615000,0.3153778581222977
1628479645000,0.3193898953703704
1628479675000,0.31847930353817505
1628479705000,0.31258833360248445
1628479735000,0.3127512022140221
1628479765000,0.31798729239802226
1628479795000,0.3125537829643296
1628479825000,0.3173610639414277
1628479855000,0.3116485843256379
1628479885000,0.3154926350061958
1628479915000,0.3119507806097561
1628479945000,0.3177349435928878
1628479975000,0.3129492085696671
1628480005000,0.3102400699753391
1628480035000,0.31040424299876085
1628480065000,0.31272824795539034
1628480095000,0.3152375253860408
1628480125000,0.3133957464848485
1628480155000,0.3110390550430504
1628480185000,0.3166376040765905
1628480215000,0.3101822733251383
1628480245000,0.31648537947303923
1628480275000,0.3163730948254364
1628480305000,0.3176650403082395
1628480335000,0.316572211002445
1628480365000,0.3158858204700062
1628480395000,0.31364932572639226
1628480425000,0.3182518744
1628480455000,0.31392839062885325
1628480485000,0.3168226504615385
1628480515000,0.3122307206875754
1628480545000,0.311033781372549
1628480575000,0.31302452751552795
1628480605000,0.3138360242461539
1628480635000,0.31457547903422983
1628480665000,0.31438331057810576
1628480695000,0.31354706260709914
1628480725000,0.315928853426319
1628480755000,0.3169236733619106
1628480785000,0.3124440557939914
1628480815000,0.3150261062576687
1628480845000,0.31154443788819874
1628480875000,0.3122877702075702
1628480905000,0.31618738351783515
1628480935000,0.313682762424608
1628480965000,0.3147733940606061
1628480995000,0.31664995974185617
1628481025000,0.31662468191358023
1628481055000,0.31725366802218113
1628481085000,0.31621724690374003
1628481115000,0.31535526705955336
1628481145000,0.3136229833027523
1628481175000,0.3156082567501527
1628481205000,0.31181976037151704
1628481235000,0.3168591033251231
1628481265000,0.3127782314647378
1628481295000,0.313983034217016
1628481325000,0.319644266150031
1628481355000,0.3130455084859585
1628481385000,0.3117496555896806
1628481415000,0.318782045
1628481445000,0.3157125672049689
1628481475000,0.31261750351418005
1628481505000,0.3178119544848485
1628481535000,0.31295582236441194
1628481565000,0.3109277075987842
1628481595000,0.3087237874847375
1628481625000,0.31045725205066343
1628481655000,0.31677025451788965
1628481685000,0.3164647343980344
1628481715000,0.3117776006131208
1628481745000,0.320578787030303
1628481775000,0.3123898559779277
1628481805000,0.3135491036307692
1628481835000,0.31236525663771714
1628481865000,0.3106803688445251
1628481895000,0.3121680898946063
1628481925000,0.31277742148508825
1628481955000,0.3136130099626401
1628481985000,0.311320822160149
1628482015000,0.31272841739401497
1628482045000,0.3129451141800247
1628482075000,0.3171504785888078
1628482105000,0.3125335828660436
1628482135000,0.312553924771759
1628482165000,0.311172756
1628482195000,0.3119756717458359
1628482225000,0.31197046859756106
1628482255000,0.31190129168184577
1628482285000,0.31242522393320965
1628482315000,0.31644152635135137
1628482345000,0.3085122130567419
1628482375000,0.3129690876320696
1628482405000,0.3122912398153846
1628482435000,0.31143240411042944
1628482465000,0.31317142001205545
1628482495000,0.31296374814137723
1628482525000,0.3135082549632353
1628482555000,0.3118355342771084
1628482585000,0.3113428139778325
1628482615000,0.31260985164494104
1628482645000,0.31156877851442605
1628482675000,0.3115243390634627
1628482705000,0.3136151288166769
1628482735000,0.3101482974033816
1628482765000,0.3103302824169184
1628482795000,0.31153719305724725
1628482825000,0.31235893039702234
1628482855000,0.3161989015586035
1628482885000,0.3112074872353297
1628482915000,0.3129690804892966
1628482945000,0.3128004671741778
1628482975000,0.312610170018622
1628483005000,0.3117703471023428
1628483035000,0.31119246906650394
1628483065000,0.3117943127149877
1628483095000,0.3091038465286236
1628483125000,0.3122724815018315
1628483155000,0.30958353485679463
1628483185000,0.3125745207086133
1628483215000,0.3128944404733009
1628483245000,0.3118573015786278
1628483275000,0.3126086152769325
1628483305000,0.31258405804668304
1628483335000,0.3110320825531915
1628483365000,0.3130530345208845
1628483395000,0.3105766542146756
1628483425000,0.3064719734545455
1628483455000,0.3126341848447961
1628483485000,0.3128381940454266
1628483515000,0.3106348610159119
1628483545000,0.31262764865030673
1628483575000,0.3110417142769608
1628483605000,0.31324748876063185
1628483635000,0.3131086569859671
1628483665000,0.3114907918985776
1628483695000,0.3117994137243047
1628483725000,0.3118252946749226
1628483755000,0.310221822322503
1628483785000,0.3144669365808824
1628483815000,0.3134317353125
1628483845000,0.3105728701474201
1628483875000,0.31109845433455435
1628483905000,0.31184489907120744
1628483935000,0.31104455325480473
1628483965000,0.3107901022741242
1628483995000,0.3123636402864259
1628484025000,0.312189274923734
1628484055000,0.3118022127149877
1628484085000,0.3123831808312655
1628484115000,0.31153555
1628484145000,0.30973350104551045
1628484175000,0.3107554102028273
1628484205000,0.3121695122386224
1628484235000,0.30809764035626536
1628484265000,0.3110601088235294
1628484295000,0.3118106394033561
1628484325000,0.31188400979318737
1628484355000,0.3136284341240876
1628484385000,0.3123208532967033
1628484415000,0.31524562461820405
1628484445000,0.3109655175075988
1628484475000,0.3121461991389914
1628484505000,0.31163039932721714
1628484535000,0.3140020596577017
1628484565000,0.3118664093498452
1628484595000,0.31123594666254634
1628484625000,0.31270110660847883
1628484655000,0.3124249377682403
1628484685000,0.310608452998776
1628484715000,0.3122300890615289
1628484745000,0.311048715933044
1628484775000,0.31277344554941683
1628484805000,0.3151938001825928
1628484835000,0.3127410370807453
1628484865000,0.3120286147459728
1628484895000,0.3123561657815329
1628484925000,0.3134174406969508
1628484955000,0.3123871690461538
1628484985000,0.3107073279491833
1628485015000,0.31073823220234426
1628485045000,0.3111561124069479
1628485075000,0.31142953502755666
1628485105000,0.3121195271892223
1628485135000,0.31235131864615384
1628485165000,0.311866233250774
1628485195000,0.3109242800248911
1628485225000,0.3127495887730061
1628485255000,0.3125809477216749
1628485285000,0.3111425693020383
1628485315000,0.31357872554347826
1628485345000,0.3105498235792019
1628485375000,0.3116720521658416
1628485405000,0.31228854197303924
1628485435000,0.3118417120710784
1628485465000,0.3107947273743017
1628485495000,0.3144252585335798
1628485525000,0.3127410597256858
1628485555000,0.31203548862937924
1628485585000,0.31264100417177915
1628485615000,0.3114180804907976
1628485645000,0.31098892300123
1628485675000,0.3112464629675046
1628485705000,0.31197990136815923
1628485735000,0.3118340363636364
1628485765000,0.311251737144623
1628485795000,0.3111386320615385
1628485825000,0.3186595333954066
1628485855000,0.31262931026267565
1628485885000,0.3116320021237864
1628485915000,0.3123222257020757
1628485945000,0.3118198400489896
1628485975000,0.31212465295566505
1628486005000,0.3124348988963826
1628486035000,0.31086455270188224
1628486065000,0.31167430458715595
1628486095000,0.3118226756527019
1628486125000,0.3125858128078818
1628486155000,0.3106716016656385
1628486185000,0.31102615331306993
1628486215000,0.3148394486469865
1628486245000,0.3116156543891958
1628486275000,0.312973533968059
1628486305000,0.3126160996361431
1628486335000,0.3122524261294261
1628486365000,0.3126123318349754
1628486395000,0.3104475712895377
1628486425000,0.3104958111850061
1628486455000,0.3108881823244552
1628486485000,0.3163276731556107
1628486515000,0.31166491323891626
1628486545000,0.25377402433090024
1628486575000,0.3071966658830621
1628486605000,0.31326509225526644
1628486635000,0.3106593417380661
1628486665000,0.31548023494723776
1628486695000,0.3148802022924411
1628486725000,0.31183174699453553
1628486755000,0.3137864089096573
1628486785000,0.3115034387311178
1628486815000,0.3105767421990172
1628486845000,0.3124525290302656
1628486875000,0.3132602126237624
1628486905000,0.3120655309927361
1628486935000,0.31724565706284996
1628486965000,0.3108403559975889
1628486995000,0.3118237360144058
1628487025000,0.31279299057301296
1628487055000,0.3172448043108683
1628487085000,0.31266851876558605
1628487115000,0.31215115055555553
1628487145000,0.3130874588235294
1628487175000,0.3116626931930693
1628487205000,0.3118315092017063
1628487235000,0.3165667751222494
1628487265000,0.3120790580780781
1628487295000,0.31383455073891625
1628487325000,0.31367085336597306
1628487355000,0.3116332427255985
1628487385000,0.3130350036240786
1628487415000,0.3150500951308582
1628487445000,0.31298785382244143
1628487475000,0.31257458429802953
1628487505000,0.3121912835866261
1628487535000,0.31143742195423624
1628487565000,0.3119324665642286
1628487595000,0.3123606234491315
1628487625000,0.3109095977859779
1628487655000,0.3141199575495049
1628487685000,0.3127499738755391
1628487715000,0.3105341435709933
1628487745000,0.31224705649509804
1628487775000,0.31088872513727883
1628487805000,0.3124501976088289
1628487835000,0.31720552164502164
1628487865000,0.3123900087871287
1628487895000,0.3117386690505549
1628487925000,0.3117939887306502
1628487955000,0.3128224147239264
1628487985000,0.311092476075106
1628488015000,0.3164466570453135
1628488045000,0.315212245
1628488075000,0.3114635234384663
1628488105000,0.3153735492121212
1628488135000,0.31190226099071205
1628488165000,0.3110515875387477
1628488195000,0.3022109192093885
1628488225000,0.312192212291538
1628488255000,0.3115093686383241
1628488285000,0.3114919686961869
1628488315000,0.3112823869592089
1628488345000,0.31700920165441177
1628488375000,0.31067711622455274
1628488405000,0.3115077316081331
1628488435000,0.3123629249846154
1628488465000,0.3107778728149488
1628488495000,0.3116530056880734
1628488525000,0.313004142014742
1628488555000,0.3109127348993289
1628488585000,0.3117849176256814
1628488615000,0.3106649716646267
1628488645000,0.31458992321319484
1628488675000,0.3114379242331288
1628488705000,0.3128838231425091
1628488735000,0.3150363680122324
1628488765000,0.31465108782714546
1628488795000,0.3117811800358637
1628488825000,0.3109704266912669
1628488855000,0.3099752768240343
1628488885000,0.3120955315210752
1628488915000,0.3133392060099133
1628488945000,0.3123730265846154
1628488975000,0.31832664312883435
1628489005000,0.3113807312849162
1628489035000,0.3129176379816514
1628489065000,0.3115761804506699
1628489095000,0.31283703626237624
1628489125000,0.31184770655737704
1628489155000,0.317687231372549
1628489185000,0.3090642793592113
1628489215000,0.3134686746323529
1628489245000,0.31418973349784085
1628489275000,0.3155262379184419
1628489305000,0.31547694264705883
1628489335000,0.3210123603290677
1628489365000,0.32183091799754304
1628489395000,0.3155315554948391
1628489425000,0.3230567327649208
1628489455000,0.3107255457249071
1628489485000,0.3131148703384615
1628489515000,0.31127330073304826
1628489545000,0.31808003553516817
1628489575000,0.3156293972805933
1628489605000,0.3119098006823821
1628489635000,0.3113342927571516
1628489665000,0.31277017241590216
1628489695000,0.3116859293971411
1628489725000,0.31751473835534216
1628489755000,0.31178054907749075
1628489785000,0.3165423301782422
1628489815000,0.3168311967601246
1628489845000,0.3183669295314427
1628489875000,0.3145639258433735
1628489905000,0.31636602445820433
1628489935000,0.31620447747858016
1628489965000,0.31616750587875075
1628489995000,0.3198920692830655
1628490025000,0.3213523565920398
1628490055000,0.3184367012704174
1628490085000,0.31287543610262675
1628490115000,0.31617248679827265
1628490145000,0.3172938855562385
1628490175000,0.31294314564134496
1628490205000,0.3116316790382244
1628490235000,0.3161290816239316
1628490265000,0.3149821119538835
1628490295000,0.3136859204616345
1628490325000,0.3141657294840295
1628490355000,0.3168280492673993
1628490385000,0.3173177755461165
1628490415000,0.3122334575258988
1628490445000,0.3142886407498464
1628490475000,0.312794341552795
1628490505000,0.3127813461114513
1628490535000,0.31589699902676394
1628490565000,0.3183897759178594
1628490595000,0.3169978230259192
1628490625000,0.3128732713752333
1628490655000,0.3116929528981086
1628490685000,0.3120746996973366
1628490715000,0.2869366661782662
1628490745000,0.31234332852779473
1628490775000,0.3181271780981595
1628490805000,0.3165698513628104
1628490835000,0.3177904670309654
1628490865000,0.3267360254364089
1628490895000,0.3141248093788063
1628490925000,0.3152057067114094
1628490955000,0.3108609821341464
1628490985000,0.3130935863278887
1628491015000,0.3164774444717445
1628491045000,0.31332168395590937
1628491075000,0.3120678136672851
1628491105000,0.3126610338899196
1628491135000,0.3162791467039801
1628491165000,0.3169687528430161
1628491195000,0.3099495823174412
1628491225000,0.31711179149068325
1628491255000,0.3248557797181372
1628491285000,0.3222241434137291
1628491315000,0.3150823345245306
1628491345000,0.31748130733210106
1628491375000,0.3143733190102595
1628491405000,0.3211518576427256
1628491435000,0.31361283553268765
1628491465000,0.3154485017188459
1628491495000,0.31615624902319894
1628491525000,0.3162189331909701
1628491555000,0.3194608221286831
1628491585000,0.3110148839066339
1628491615000,0.3208239871084337
1628491645000,0.3183439305403765
1628491675000,0.3116402467821782
1628491705000,0.3157958091523341
1628491735000,0.3145531370073892
1628491765000,0.3215665321167883
1628491795000,0.30941736095932
1628491825000,0.3168307463724305
1628491855000,0.3129302043076923
1628491885000,0.312101040388114
1628491915000,0.31629781322981365
1628491945000,0.31566447320987656
1628491975000,0.3129110095412844
1628492005000,0.31312380018115943
1628492035000,0.3187448252302026
1628492065000,0.3171997886446886
1628492095000,0.3142218037014563
1628492125000,0.3164541515076923
1628492155000,0.3101319722458917
1628492185000,0.3127668495689655
1628492215000,0.3163360683818971
1628492245000,0.3145056188044832
1628492275000,0.3106949586060606
1628492305000,0.3125885594427245
1628492335000,0.31673504305555555
1628492365000,0.3139730881152461
1628492395000,0.3156860559854897
1628492425000,0.31837914840098397
1628492455000,0.3156712717824773
1628492485000,0.3169020776210913
1628492515000,0.31386991155717764
1628492545000,0.3153933789281364
1628492575000,0.3148857848297213
1628492605000,0.31836524691738594
1628492635000,0.318509794517134
1628492665000,0.3105633211145511
1628492695000,0.31280150421245423
1628492725000,0.3118587397285626
1628492755000,0.31444952161997564
1628492785000,0.3131375505282784
1628492815000,0.3210077612079701
1628492845000,0.3119808053703704
1628492875000,0.3143305842424242
1628492905000,0.3155315218383713
1628492935000,0.3155116511801242
1628492965000,0.314000576755448
1628492995000,0.3111629662769231
1628493025000,0.3123804475609756
1628493055000,0.31682877353308364
1628493085000,0.3131583099628713
1628493115000,0.3141487911536163
1628493145000,0.3147325761645493
1628493175000,0.3124653265119121
1628493205000,0.31296701855480713
1628493235000,0.3122746432863274
1628493265000,0.3116690077063107
1628493295000,0.31260069858374384
1628493325000,0.3177897958996328
1628493355000,0.311821648019802
1628493385000,0.3139773132063882
1628493415000,0.3124697417854929
1628493445000,0.3161322691266913
1628493475000,0.32028954549356226
1628493505000,0.3140216797530864
1628493535000,0.3129294819939577
1628493565000,0.31221733247232475
1628493595000,0.3156296317266626
1628493625000,0.3113692136561142
1628493655000,0.3114506110698825
1628493685000,0.31602217858895704
1628493715000,0.3142251999382335
1628493745000,0.32138021641244663
1628493775000,0.31617955009287924
1628493805000,0.32077959907692305
1628493835000,0.3119641226609964
1628493865000,0.3151303488781079
1628493895000,0.31635114175289103
1628493925000,0.3153296366093366
1628493955000,0.31255252446043164
1628493985000,0.31283907078720785
1628494015000,0.3088129464745555
1628494045000,0.3169590910091743
1628494075000,0.3142878492744861
1628494105000,0.3208051138077859
1628494135000,0.31207543870566273
1628494165000,0.3136259917992656
1628494195000,0.3181238073065015
1628494225000,0.3169515242236025
1628494255000,0.3141841968369829
1628494285000,0.3170062267745953
1628494315000,0.3162341111793612
1628494345000,0.31620572923076923
1628494375000,0.3154795822182037
1628494405000,0.3129413948212084
1628494435000,0.3136717648864334
1628494465000,0.3120474966932027
1628494495000,0.3127506367975831
1628494525000,0.3165273142945929
1628494555000,0.3178156545454545
1628494585000,0.3136455706382979
1628494615000,0.3163787320904645
1628494645000,0.3124006662818955
1628494675000,0.3157007052339901
1628494705000,0.3208203001232286
1628494735000,0.31961600625387
1628494765000,0.3128714119430693
1628494795000,0.3095066058429702
1628494825000,0.3149704364741641
1628494855000,0.3128680233861145
1628494885000,0.31227580195360194
1628494915000,0.3110298894003634
1628494945000,0.3181303862684729
1628494975000,0.3203356812918952
1628495005000,0.3124661649026764
1628495035000,0.3140268629061925
1628495065000,0.31391704311594204
1628495095000,0.3164718401095557
1628495125000,0.31341616836923075
1628495155000,0.3121189194150591
1628495185000,0.3131211924574209
1628495215000,0.3122060884191176
1628495245000,0.3146951472440945
1628495275000,0.3169666778325123
1628495305000,0.31283885899324737
1628495335000,0.3163928433881779
1628495365000,0.3153096273955774
1628495395000,0.3127475720121951
1628495425000,0.3162562671912833
1628495455000,0.31902955998770743
1628495485000,0.3117768782902829
1628495515000,0.3148094419315404
1628495545000,0.31595638927483244
1628495575000,0.31174658964046315
1628495605000,0.3109874681544029
1628495635000,0.31193858457711443
1628495665000,0.31316579701946473
1628495695000,0.31911878818565403
1628495725000,0.3181006413557214
1628495755000,0.3131062785670545
1628495785000,0.31091674944649444
1628495815000,0.31774906041539397
1628495845000,0.3184530100123609
1628495875000,0.314870959560171
1628495905000,0.3197014
1628495935000,0.3120880311625076
1628495965000,0.315947003939394
1628495995000,0.3140503026674938
1628496025000,0.31091150924214417
1628496055000,0.3123004251504212
1628496085000,0.3161957392278954
1628496115000,0.3178209129092032
1628496145000,0.31539135980570737
1628496175000,0.319449930472103
1628496205000,0.31791856634615384
1628496235000,0.3131412658156912
1628496265000,0.31279213407270484
1628496295000,0.3127628693978895
1628496325000,0.31534713345610804
1628496355000,0.31343438769422
1628496385000,0.31461288406231275
1628496415000,0.3144532818684696
1628496445000,0.3200869816389402
1628496475000,0.3114316836196319
1628496505000,0.24987511642156865
1628496535000,0.31854268902513794
1628496565000,0.31382829768715764
1628496595000,0.3134281656058752
1628496625000,0.3126960746835443
1628496655000,0.3157465302311436
1628496685000,0.31623864381953026
1628496715000,0.3154070871531966
1628496745000,0.3144336834037417
1628496775000,0.31643630313653137
1628496805000,0.3113793282208589
1628496835000,0.3121483434570907
1628496865000,0.31151962054380666
1628496895000,0.3120731724222087
1628496925000,0.3165581940850277
1628496955000,0.3153233796923077
1628496985000,0.314112456941032
1628497015000,0.31174934630086315
1628497045000,0.31613200436385985
1628497075000,0.3123584921230769
1628497105000,0.31066316560587515
1628497135000,0.3120742483509645
1628497165000,0.32148910284126003
1628497195000,0.3170723548923077
1628497225000,0.3174687418918919
1628497255000,0.312628359202454
1628497285000,0.32008271532801963
1628497315000,0.3095930423543689
1628497345000,0.31247442226322264
1628497375000,0.31336998098765434
1628497405000,0.3114644176761434
1628497435000,0.3120902447742733
1628497465000,0.3148784108272506
1628497495000,0.31232016279503105
1628497525000,0.3156356086902545
1628497555000,0.3147301200120919
1628497585000,0.31201984147239264
1628497615000,0.31337353868212325
1628497645000,0.3121398754027261
1628497675000,0.31782217191697193
1628497705000,0.3181608660295931
1628497735000,0.311014980880579
1628497765000,0.3124604461678832
1628497795000,0.31580142454323995
1628497825000,0.3163508055084745
1628497855000,0.31303326772836537
1628497885000,0.3176240935802469
1628497915000,0.3236298611555009
1628497945000,0.3180497371096142
1628497975000,0.31813027168087704
1628498005000,0.3143716548765432
1628498035000,0.3087182975360577
1628498065000,0.3123964486060606
1628498095000,0.3216495340809969
1628498125000,0.31313557084367244
1628498155000,0.31208284765432104
1628498185000,0.3164191483076923
1628498215000,0.3116573053217821
1628498245000,0.3127562491733007
1628498275000,0.306795038470948
1628498305000,0.3179768771289538
1628498335000,0.3203593905167173
1628498365000,0.3101339070866141
1628498395000,0.3128043777233782
1628498425000,0.3209952104579208
1628498455000,0.31403900562075354
1628498485000,0.316694763514338
1628498515000,0.321162674
1628498545000,0.3114983750303767
1628498575000,0.3144053531000614
1628498605000,0.31733767649880096
1628498635000,0.3130457871046229
1628498665000,0.3177497724496029
1628498695000,0.3126901672571777
1628498725000,0.3137188441354293
1628498755000,0.3133870508923077
1628498785000,0.31641358679012344
1628498815000,0.32014750852760737
1628498845000,0.3172656218995765
1628498875000,0.315720135105068
1628498905000,0.31220036082410824
1628498935000,0.3117460524680073
1628498965000,0.31543129817407184
1628498995000,0.31323111069908816
1628499025000,0.31334982239263803
1628499055000,0.3138060987060998
1628499085000,0.3128909371740449
1628499115000,0.3118835632190943
1628499145000,0.32263191488314885
1628499175000,0.3124261302919708
1628499205000,0.31466357957920793
1628499235000,0.311544944978435
1628499265000,0.31250527111650483
1628499295000,0.3163499305487805
1628499325000,0.31154315187461584
1628499355000,0.3177717211076923
1628499385000,0.3130363961752005
1628499415000,0.3110171405946602
1628499445000,0.31211422423312885
1628499475000,0.3161822810960591
1628499505000,0.3111576220843673
1628499535000,0.31571364552102377
1628499565000,0.3164249142769981
1628499595000,0.31442153654791155
1628499625000,0.3148104223325062
1628499655000,0.3147218858823529
1628499685000,0.3175390786885246
1628499715000,0.31164414779681765
1628499745000,0.31348436041666666
1628499775000,0.31025750721271395
1628499805000,0.3138620382298709
1628499835000,0.31495699597597604
1628499865000,0.3132856751975684
1628499895000,0.3128703015375154
1628499925000,0.3229224585009141
1628499955000,0.31765432757985257
1628499985000,0.3167692527726996
1628500015000,0.31211157657384986
1628500045000,0.31363629534739457
1628500075000,0.3175395425825826
1628500105000,0.3185824755338621
1628500135000,0.3150664634131369
1628500165000,0.3159793612207152
1628500195000,0.3161358288710672
1628500225000,0.3195474071960297
1628500255000,0.3157855616363636
1628500285000,0.3167849171132765
1628500315000,0.31893192682323857
1628500345000,0.3177736614153846
1628500375000,0.3115132408077155
1628500405000,0.31731542342007435
1628500435000,0.3169621365957447
1628500465000,0.31846926156230626
1628500495000,0.31153640304347824
1628500525000,0.314661094441013
1628500555000,0.3137146474101158
1628500585000,0.31942437228766274
1628500615000,0.3119058489821098
1628500645000,0.31776957204366285
1628500675000,0.31192313541409145
1628500705000,0.3174106064063453
1628500735000,0.3125219477092242
1628500765000,0.314199980123839
1628500795000,0.3211334934113301
1628500825000,0.32084759833846155
1628500855000,0.3167775539076923
1628500885000,0.3124523713687985
1628500915000,0.3128946622057001
1628500945000,0.3120851596480583
1628500975000,0.3173138693776956
1628501005000,0.31490751169305725
1628501035000,0.3154032171203872
1628501065000,0.3127289388032079
1628501095000,0.3139697417675545
1628501125000,0.3140449400366748
1628501155000,0.3231502629963899
1628501185000,0.31195482161665644
1628501215000,0.3152061369363805
1628501245000,0.3190248993288591
1628501275000,0.31722497746305417
1628501305000,0.3156864169533169
1628501335000,0.312482420838471
1628501365000,0.3146372356097561
1628501395000,0.31105167696078434
1628501425000,0.3209046755785627
1628501455000,0.310770244835966
1628501485000,0.31165037896678965
1628501515000,0.3105716327005512
1628501545000,0.3121187739709443
1628501575000,0.3169049049120679
1628501605000,0.3166392106965174
1628501635000,0.3163470469090909
1628501665000,0.3118731952941177
1628501695000,0.3169287919676214
1628501725000,0.31392414200491997
1628501755000,0.3150447021645021
1628501785000,0.31040400941896024
1628501815000,0.3183633579201935
1628501845000,0.3134592651496259
1628501875000,0.3161314763871763
1628501905000,0.3144431393141457
1628501935000,0.31381789640421576
1628501965000,0.3180836484548826
1628501995000,0.31177291352009745
1628502025000,0.3125201212583995
1628502055000,0.31509837450738915
1628502085000,0.3128510769753086
1628502115000,0.3162634265133172
1628502145000,0.31383310769708256
1628502175000,0.31783774722906405
1628502205000,0.317825629864532
1628502235000,0.3201925493781094
1628502265000,0.3154617060794045
1628502295000,0.3121438766627078
1628502325000,0.3125324045566503
1628502355000,0.31092121275167783
1628502385000,0.3124380589416058
1628502415000,0.3168711187195122
1628502445000,0.3125795015375154
1628502475000,0.318548146182266
1628502505000,0.31901155372860635
1628502535000,0.3162261729141475
1628502565000,0.3118024266089109
1628502595000,0.3174140843030303
1628502625000,0.3098925962759463
1628502655000,0.3128673711678832
1628502685000,0.3158168093617021
1628502715000,0.3152385405806053
1628502745000,0.3113269372632865
1628502775000,0.3128821750617284
1628502805000,0.3158656074590661
1628502835000,0.31382424287454325
1628502865000,0.3117408288310115
1628502895000,0.31795049721706864
1628502925000,0.31238217470983504
1628502955000,0.31304232743417026
1628502985000,0.3115125529090909
1628503015000,0.31870780414347555
1628503045000,0.31592571059038344
1628503075000,0.3123054155596556
1628503105000,0.3120925955104551
1628503135000,0.3187297711372064
1628503165000,0.3127095776687117
1628503195000,0.31683962737948085
1628503225000,0.31327971507263924
1628503255000,0.3164858429003021
1628503285000,0.3165540487684729
1628503315000,0.3160095929361179
1628503345000,0.31350164585074625
1628503375000,0.3105940260048721
1628503405000,0.3118937006218905
1628503435000,0.3186957656716418
1628503465000,0.31131199
1628503495000,0.31291601208927466
1628503525000,0.3174511377219841
1628503555000,0.318943228817734
1628503585000,0.32145150461538463
1628503615000,0.31110358612823674
1628503645000,0.3190904556511057
1628503675000,0.3125165573333333
1628503705000,0.3112177578786021
1628503735000,0.3171051743030303
1628503765000,0.3119211753542822
1628503795000,0.3156968190505549
1628503825000,0.3165410807191569
1628503855000,0.31619176375838925
1628503885000,0.3151046544154229
1628503915000,0.3132193157572042
1628503945000,0.31440477078584284
1628503975000,0.3128013839009288
1628504005000,0.31378826607579463
1628504035000,0.3167655113312693
1628504065000,0.3129621410067526
1628504095000,0.3141044289134438
1628504125000,0.3116864126888217
1628504155000,0.3114098373060211
1628504185000,0.31480815090455394
1628504215000,0.31493179492044066
1628504245000,0.3121419873471883
1628504275000,0.31319449745024874
1628504305000,0.31508705364360073
1628504335000,0.31273683265682656
1628504365000,0.3172885611488573
1628504395000,0.31308825201958385
1628504425000,0.3127321918704156
1628504455000,0.31692977985257986
1628504485000,0.3169403616321559
1628504515000,0.3172717369711833
1628504545000,0.3153789835884874
1628504575000,0.31266584511002443
1628504605000,0.3110336211241507
1628504635000,0.31304722603076923
1628504665000,0.3210114726110773
1628504695000,0.3165783582667486
1628504725000,0.3101545097111248
1628504755000,0.3155662903546982
1628504785000,0.3173479052988293
1628504815000,0.31027435190332325
1628504845000,0.3192524744575326
1628504875000,0.3140878233415233
1628504905000,0.3125855221749696
1628504935000,0.3145898055386488
1628504965000,0.30992217987692305
1628504995000,0.3185755534954408
1628505025000,0.3118953666866747
1628505055000,0.31089948004881024
1628505085000,0.31167744990825685
1628505115000,0.31080259797297305
1628505145000,0.3092957094944513
1628505175000,0.3141006561255281
1628505205000,0.3123666217846154
1628505235000,0.3149066583839611
1628505265000,0.3160280154501217
1628505295000,0.31677687784431136
1628505325000,0.3141682956495098
1628505355000,0.3129513314883149
1628505385000,0.3169247742665037
1628505415000,0.3103746705954573
1628505445000,0.3123169581097561
1628505475000,0.31444803544615385
1628505505000,0.3120098560578662
1628505535000,0.3170666131017672
1628505565000,0.3143628437269373
1628505595000,0.3099963020232986
1628505625000,0.3109712567401961
1628505655000,0.3132608732843137
1628505685000,0.3189645100496278
1628505715000,0.31713217229280105
1628505745000,0.3173001440963855
1628505775000,0.31156197148148146
1628505805000,0.3138053759088109
1628505835000,0.32230017101359704
1628505865000,0.3181706741147741
1628505895000,0.31257524567453115
1628505925000,0.3177785603058104
1628505955000,0.3115545818907305
1628505985000,0.3121652565980629
1628506015000,0.311979668100799
1628506045000,0.31363924051250763
1628506075000,0.3102340187192118
1628506105000,0.311253992152054
1628506135000,0.3125243473489519
1628506165000,0.3138418522036002
1628506195000,0.3169056692402717
1628506225000,0.3111418260681115
1628506255000,0.31373384188772363
1628506285000,0.31614148172959805
1628506315000,0.3136393737745098
1628506345000,0.3153283352189781
1628506375000,0.31203497908131594
1628506405000,0.3111935488286067
1628506435000,0.3238855386838869
1628506465000,0.31399113862660943
1628506495000,0.3161572785063752
1628506525000,0.3178600873846154
1628506555000,0.31191717913625305
1628506585000,0.3118263184822521
1628506615000,0.3165942473846154
1628506645000,0.3121486696296296
1628506675000,0.3125123483476132
1628506705000,0.3115647510989011
1628506735000,0.3149198806866953
1628506765000,0.3159144490291262
1628506795000,0.3166474838909541
1628506825000,0.3167537764849969
1628506855000,0.3117805555015197
1628506885000,0.31532746491985203
1628506915000,0.3137565532756489
1628506945000,0.3171926312693498
1628506975000,0.3135071617810761
1628507005000,0.3120694474524248
1628507035000,0.31248735163681285
1628507065000,0.3153132020693853
1628507095000,0.31683624229588697
1628507125000,0.3140462518270402
1628507155000,0.31418839913258984
1628507185000,0.3158612847044485
1628507215000,0.3163217214198286
1628507245000,0.3176036046683047
1628507275000,0.3169680386780906
1628507305000,0.3142320588964662
1628507335000,0.2627176714896215
1628507365000,0.31325073929455444
1628507395000,0.3129901988519637
1628507425000,0.3160779422018349
1628507455000,0.31242226775585696
1628507485000,0.311295254583583
1628507515000,0.31236219226618706
1628507545000,0.31740526627402355
1628507575000,0.3133896965349544
1628507605000,0.3123411670739157
1628507635000,0.3177653746314496
1628507665000,0.31628662911084043
1628507695000,0.3085000741741742
1628507725000,0.3109996290711701
1628507755000,0.3163428755706354
1628507785000,0.31109949713589274
1628507815000,0.3130724342717258
1628507845000,0.31498843790569503
1628507875000,0.3112855068651276
1628507905000,0.31595872008521003
1628507935000,0.31296099987745096
1628507965000,0.3165751789473684
1628507995000,0.311597481276857
1628508025000,0.31089694728492984
1628508055000,0.3130107991479002
1628508085000,0.31362983098330244
1628508115000,0.3119028897139379
1628508145000,0.3128970249075216
1628508175000,0.3124811251541307
1628508205000,0.31678767746051034
1628508235000,0.3174716342696629
1628508265000,0.3150044677281077
1628508295000,0.3093324987714988
1628508325000,0.3126665646364201
1628508355000,0.3113221205918619
1628508385000,0.3159890453939394
1628508415000,0.3128038643209877
1628508445000,0.3144318825230769
1628508475000,0.3165304873549175
1628508505000,0.3175940223331254
1628508535000,0.3155030265682657
1628508565000,0.31774663267570896
1628508595000,0.3168215009079903
1628508625000,0.317630522624157
1628508655000,0.31437797636363635
1628508685000,0.31750605396435155
1628508715000,0.3136295755102041
1628508745000,0.3125681327746741
1628508775000,0.31120157767470624
1628508805000,0.3166100541514041
1628508835000,0.3113782381684081
1628508865000,0.3169229019826518
1628508895000,0.3127355064887811
1628508925000,0.3183295791538933
1628508955000,0.3145283320441989
1628508985000,0.3177558469486405
1628509015000,0.31116633519313297
1628509045000,0.3097828641136504
1628509075000,0.3165832681929182
1628509105000,0.3146606595978062
1628509135000,0.3114636559802713
1628509165000,0.31272378111246946
1628509195000,0.3155162489309713
1628509225000,0.3169656375075256
1628509255000,0.3125656853808354
1628509285000,0.3122406805759804
1628509315000,0.3109412295817958
1628509345000,0.31505592460606063
1628509375000,0.3122990963369963
1628509405000,0.3067838649546828
1628509435000,0.312436947734139
1628509465000,0.31105292162990195
1628509495000,0.31582387555831265
1628509525000,0.312288571875
1628509555000,0.3135293674474475
1628509585000,0.31629619599271397
1628509615000,0.3125485907120743
1628509645000,0.31204320722222223
1628509675000,0.3152940291512915
1628509705000,0.3133545252110977
1628509735000,0.3133173440740741
1628509765000,0.3110241151960784
1628509795000,0.3169736919285274
1628509825000,0.3182341348197923
1628509855000,0.3153307400121065
1628509885000,0.31279514923547397
1628509915000,0.31443507846247715
1628509945000,0.3184541864396285
1628509975000,0.3152250684469
1628510005000,0.3123606819792303
1628510035000,0.319417054697157
1628510065000,0.3168084325242718
1628510095000,0.3136507207125604
1628510125000,0.31381644563345634
1628510155000,0.3184903969350962
1628510185000,0.3161311323710074
1628510215000,0.3163744458563536
1628510245000,0.31998649975262833
1628510275000,0.3114603617593158
1628510305000,0.3177540235113567
1628510335000,0.3137969451278928
1628510365000,0.3162429343016069
1628510395000,0.3121354712889432
1628510425000,0.3200022986511343
1628510455000,0.3129685639194139
1628510485000,0.3219611881127451
1628510515000,0.31526162887798903
1628510545000,0.31896901538461536
1628510575000,0.30906453398294764
1628510605000,0.31284500086100864
1628510635000,0.3133786323727774
1628510665000,0.3137894771865443
1628510695000,0.3092284487148834
1628510725000,0.3154530923218673
1628510755000,0.3131510322463768
1628510785000,0.31546804244823384
1628510815000,0.3171146901364764
1628510845000,0.31191604130829803
1628510875000,0.3114804391198044
1628510905000,0.31211586473429953
1628510935000,0.31297920243309
1628510965000,0.3162288548505186
1628510995000,0.3142309030340557
1628511025000,0.3206285345777234
1628511055000,0.3181769085144928
1628511085000,0.3124807042910448
1628511115000,0.3175782743796526
1628511145000,0.3229026896888347
1628511175000,0.3123589531345101
1628511205000,0.3213750818800247
1628511235000,0.31586261154082257
1628511265000,0.3161817311926606
1628511295000,0.3116599850920245
1628511325000,0.3160400883242589
1628511355000,0.3120548689826303
1628511385000,0.3157303866345575
1628511415000,0.3118933634756097
1628511445000,0.3169181837308869
1628511475000,0.3133187276299879
1628511505000,0.3168879438147471
1628511535000,0.318523545617284
1628511565000,0.31757808153374234
1628511595000,0.3172207123329283
1628511625000,0.31366212324291
1628511655000,0.3182686586228288
1628511685000,0.3143473009809933
1628511715000,0.32061459920876445
1628511745000,0.3110459423708207
1628511775000,0.3126195527693244
1628511805000,0.3121034210206561
1628511835000,0.3180264275415897
1628511865000,0.31968155489361705
1628511895000,0.31636908803207897
1628511925000,0.319617531207848
1628511955000,0.3179845922887107
1628511985000,0.3146146633939394
1628512015000,0.3128528560540873
1628512045000,0.3121021151835719
1628512075000,0.31462471287246724
1628512105000,0.31813298228915665
1628512135000,0.31438398575832305
1628512165000,0.3111827453760789
1628512195000,0.3141573395392279
1628512225000,0.31212863167281674
1628512255000,0.31501726451219514
1628512285000,0.31406825409338995
1628512315000,0.31257200304158905
1628512345000,0.3136101248338369
1628512375000,0.3124415335757576
1628512405000,0.3184266389261745
1628512435000,0.31414818398753896
1628512465000,0.31515651811594203
1628512495000,0.3117226896572827
1628512525000,0.312037569700672
1628512555000,0.3111906363636364
1628512585000,0.3158562183229814
1628512615000,0.3113011798411729
1628512645000,0.3112201760340633
1628512675000,0.3243622544505832
1628512705000,0.31480365592185594
1628512735000,0.3170856341523341
1628512765000,0.3176261403076923
1628512795000,0.3138115629897529
1628512825000,0.3213453589836661
1628512855000,0.31265349239196594
1628512885000,0.3145445855751674
1628512915000,0.3185348704024768
1628512945000,0.31458289006622514
1628512975000,0.3120262641263941
1628513005000,0.31594755641183725
1628513035000,0.3162059728395062
1628513065000,0.3190410564071856
1628513095000,0.3125941415592388
1628513125000,0.31472419711538463
1628513155000,0.3163263745896657
1628513185000,0.3078841871299094
1628513215000,0.3168755208180708
1628513245000,0.31934615225060825
1628513275000,0.3108475857317073
1628513305000,0.3199253608452455
1628513335000,0.3116524765880217
1628513365000,0.31223911875
1628513395000,0.3169836883519207
1628513425000,0.3121282243814122
1628513455000,0.31753632453874536
1628513485000,0.3155730394523958
1628513515000,0.3210376558497537
1628513545000,0.3181485709090909
1628513575000,0.31020281472727274
1628513605000,0.3214700156611822
1628513635000,0.3137095667885436
1628513665000,0.32133317177322074
1628513695000,0.31314492009714634
1628513725000,0.3135244843343653
1628513755000,0.3170020394818013
1628513785000,0.32085886175
1628513815000,0.3200895311625076
1628513845000,0.3137091351102941
1628513875000,0.3131884572041692
1628513905000,0.31215433142501553
1628513935000,0.3150355101519757
1628513965000,0.3159691162646877
1628513995000,0.3125234298787879
1628514025000,0.3125351005607477
1628514055000,0.3184440349331713
1628514085000,0.31212000429782083
1628514115000,0.3149930675908811
1628514145000,0.3146808703363914
1628514175000,0.31337024066749075
1628514205000,0.3202182728402735
1628514235000,0.3158014553062462
1628514265000,0.3131560520121951
1628514295000,0.3148508024570025
1628514325000,0.3148033001818182
1628514355000,0.31638157522603977
1628514385000,0.31279027219512195
1628514415000,0.31294181423423423
1628514445000,0.31120653733003706
1628514475000,0.3149857255358237
1628514505000,0.31660182807668524
1628514535000,0.31569093729631864
1628514565000,0.3171891625311721
1628514595000,0.3146174963862928
1628514625000,0.3115038911180124
1628514655000,0.3158175322878229
1628514685000,0.32499266271393645
1628514715000,0.31340024700489005
1628514745000,0.3111968155119559
1628514775000,0.31744929963347585
1628514805000,0.3211663356088561
1628514835000,0.3177750968331303
1628514865000,0.31692677609096503
1628514895000,0.3169359752469136
1628514925000,0.3174472014007308
1628514955000,0.3118551053243574
1628514985000,0.3132573903703704
1628515015000,0.3160507813953488
1628515045000,0.3132051317617866
1628515075000,0.3123040601116625
1628515105000,0.3168649552019584
1628515135000,0.3158165979331307
1628515165000,0.31856397244335577
1628515195000,0.3140748277509069
1628515225000,0.31565025009163106
1628515255000,0.31527680624235005
1628515285000,0.3125822483695652
1628515315000,0.31672485945288753
1628515345000,0.3136124171970624
1628515375000,0.3121795194884288
1628515405000,0.31654491833740833
1628515435000,0.3191026163692308
1628515465000,0.3195178256615385
1628515495000,0.30993920546116505
1628515525000,0.3146583179344465
1628515555000,0.3170316716727717
1628515585000,0.3160000164929491
1628515615000,0.3116873637920489
1628515645000,0.3132904109233555
1628515675000,0.31727850331491714
1628515705000,0.3127223200246457
1628515735000,0.3185934228886169
1628515765000,0.3144651584699454
1628515795000,0.3178919529736358
1628515825000,0.3150877511328843
1628515855000,0.3129453510962241
1628515885000,0.3208444064180929
1628515915000,0.3110410041053921
1628515945000,0.3155080355134474
1628515975000,0.30825630399274045
1628516005000,0.31959690263157897
1628516035000,0.3154265357055215
1628516065000,0.31706195324274244
1628516095000,0.3157826559495192
1628516125000,0.31304011163502754
1628516155000,0.3214380964987715
1628516185000,0.3116895568195719
1628516215000,0.31240914146489096
1628516245000,0.31450150320591863
1628516275000,0.31188689611351017
1628516305000,0.31807048832923834
1628516335000,0.3204514023427867
1628516365000,0.31335347728107776
1628516395000,0.312613286569873
1628516425000,0.3173518701547988
1628516455000,0.3151156094886013
1628516485000,0.314439980961183
1628516515000,0.30934789200732155
1628516545000,0.3119026689296636
1628516575000,0.31237029033846153
1628516605000,0.31806480098887513
1628516635000,0.31644396987295825
1628516665000,0.3125894404718693
1628516695000,0.31292893811550154
1628516725000,0.3137587479901051
1628516755000,0.3137334667079975
1628516785000,0.31715984610705594
1628516815000,0.3121868750154991
1628516845000,0.31198098223602483
1628516875000,0.31327286582667485
1628516905000,0.3112856001832621
1628516935000,0.3173357405422058
1628516965000,0.3172041922981366
1628516995000,0.31817196709717105
1628517025000,0.3184729884075656
1628517055000,0.3120072551831161
1628517085000,0.3135327631355932
1628517115000,0.31173362441430336
1628517145000,0.3205063800982801
1628517175000,0.31880049981651376
1628517205000,0.3154496983009709
1628517235000,0.32082386272335184
1628517265000,0.3151348507407408
1628517295000,0.31455718201569105
1628517325000,0.31137796840490806
1628517355000,0.31251672364864863
1628517385000,0.31520576001243783
1628517415000,0.3130664212102689
1628517445000,0.3136838889509621
1628517475000,0.3117044082614057
1628517505000,0.3158604152846535
1628517535000,0.3118616992044064
1628517565000,0.3145939574893875
1628517595000,0.31475846052311435
1628517625000,0.31169683229357803
1628517655000,0.3159445454320988
1628517685000,0.3203734321537523
1628517715000,0.31706135281385284
1628517745000,0.3239558991363356
1628517775000,0.3118635571603427
1628517805000,0.3124761331464174
1628517835000,0.3146189284923077
1628517865000,0.31916658313106794
1628517895000,0.31829429326805386
1628517925000,0.31001793066666666
1628517955000,0.3113245528243327
1628517985000,0.3153859874845105
1628518015000,0.3128581662031439
1628518045000,0.31663056979038223
1628518075000,0.311177467324291
1628518105000,0.3151145955719557
1628518135000,0.31337951775990097
1628518165000,0.3198884805100182
1628518195000,0.3119660387236679
1628518225000,0.3160487524360536
1628518255000,0.31245776181150553
1628518285000,0.3170340881157636
1628518315000,0.3136735978540773
1628518345000,0.31106245466998755
1628518375000,0.3152162223378213
1628518405000,0.3124916398034398
1628518435000,0.3183431666666667
1628518465000,0.31536705650060753
1628518495000,0.3150506562422744
1628518525000,0.31618447948243994
1628518555000,0.3106453556303549
1628518585000,0.3147406711479435
1628518615000,0.31178247562461914
1628518645000,0.31741985458966565
1628518675000,0.3127107925170068
1628518705000,0.3157149295289855
1628518735000,0.3143938519637462
1628518765000,0.3139735133414933
1628518795000,0.3134672444581281
1628518825000,0.3126401490974729
1628518855000,0.31437911187384043
1628518885000,0.31727298822815536
1628518915000,0.31671857226322264
1628518945000,0.3166243099329677
1628518975000,0.3163070435207824
1628519005000,0.3156013676272226
1628519035000,0.3162723956865128
1628519065000,0.3095349872157345
1628519095000,0.3115378212158055
1628519125000,0.3170111957472661
1628519155000,0.3110086393382353
1628519185000,0.3184023181818182
1628519215000,0.3127802311180124
1628519245000,0.3156602492063492
1628519275000,0.3122087639434889
1628519305000,0.31510328035935564
1628519335000,0.3152218348335388
1628519365000,0.31374143727990284
1628519395000,0.312235903125
1628519425000,0.30892248659916616
1628519455000,0.3134626246634027
1628519485000,0.3159739167374166
1628519515000,0.3121531513530135
1628519545000,0.3185422911275416
1628519575000,0.31358743370716513
1628519605000,0.31246046254545456
1628519635000,0.3130078571076923
1628519665000,0.31171962103990325
1628519695000,0.315332249543518
1628519725000,0.31108958019382194
1628519755000,0.3152987567336989
1628519785000,0.3131025887878788
1628519815000,0.3159877829839704
1628519845000,0.3152857742293465
1628519875000,0.3164038919512195
1628519905000,0.3138141349786716
1628519935000,0.31279063769987697
1628519965000,0.3126289044063648
1628519995000,0.3154986853250774
1628520025000,0.3162564592137592
1628520055000,0.3127750779619398
1628520085000,0.3122819625155666
1628520115000,0.3123881246314496
1628520145000,0.31840417908653845
1628520175000,0.3091933684527393
1628520205000,0.31266927896024466
1628520235000,0.3219237908307692
1628520265000,0.3135478136141636
1628520295000,0.3153492081417029
1628520325000,0.3169649680047933
1628520355000,0.31193497725609753
1628520385000,0.3168410628324057
1628520415000,0.3166462249543518
1628520445000,0.3125316326617827
1628520475000,0.31252163059839605
1628520505000,0.31916806986980784
1628520535000,0.3125938357361026
1628520565000,0.31249096080996885
1628520595000,0.3215388108359133
1628520625000,0.3162804315563725
1628520655000,0.3146445286486487
1628520685000,0.31230449312461633
1628520715000,0.320327301599016
1628520745000,0.3171370383004926
1628520775000,0.3111372503384615
1628520805000,0.3170463433705081
1628520835000,0.3154390979717271
1628520865000,0.31285413935643563
1628520895000,0.3184821769927536
1628520925000,0.31493754315789474
1628520955000,0.31679768060344826
1628520985000,0.31227693910411625
1628521015000,0.31321285719512193
1628521045000,0.31555559464285715
1628521075000,0.3169401335797905
1628521105000,0.3160373288971041
1628521135000,0.3170157119611415
1628521165000,0.3111029486386139
1628521195000,0.3162449930906848
1628521225000,0.3119913465888138
1628521255000,0.313575852919708
1628521285000,0.3177343191203421
1628521315000,0.3103552152187307
1628521345000,0.315654461962447
1628521375000,0.31140828930117503
1628521405000,0.31380815913782634
1628521435000,0.3172627671190623
1628521465000,0.3147561801944107
1628521495000,0.3127963789440994
1628521525000,0.3111437662162162
1628521555000,0.31240659766153844
1628521585000,0.3186883563423645
1628521615000,0.3138205387545345
1628521645000,0.3121184816564417
1628521675000,0.318568077275504
1628521705000,0.32172653433660936
1628521735000,0.31290643768382354
1628521765000,0.3163863383570105
1628521795000,0.3142713332921557
1628521825000,0.3151360512254902
1628521855000,0.31434504047175665
1628521885000,0.3233798407862408
1628521915000,0.3114633583900929
1628521945000,0.3188952376231527
1628521975000,0.31255221580882353
1628522005000,0.3083905981132076
1628522035000,0.3230181135151891
1628522065000,0.31682978367718445
1628522095000,0.31681894924562465
1628522125000,0.311421364587156
1628522155000,0.31355400765027325
1628522185000,0.3125001162128713
1628522215000,0.3171267649635037
1628522245000,0.32097389938537185
1628522275000,0.3134324010962241
1628522305000,0.31663341094038105
1628522335000,0.3149517555084746
1628522365000,0.3108962957754979
1628522395000,0.31518219171779144
1628522425000,0.3128330329404467
1628522455000,0.3126074246625767
1628522485000,0.3149860307081807
1628522515000,0.3189597013439218
1628522545000,0.3138436980793061
1628522575000,0.31821124182145
1628522605000,0.3120207801687764
1628522635000,0.3175155606023356
1628522665000,0.3116718035758323
1628522695000,0.3118713383084577
1628522725000,0.3212240679558011
1628522755000,0.31324232155172416
1628522785000,0.3149137760172626
1628522815000,0.31177626022374144
1628522845000,0.3165941392727273
1628522875000,0.32224670272783634
1628522905000,0.3140939386405389
1628522935000,0.3132764151012891
1628522965000,0.3167235023413432
1628522995000,0.31454851191489364
1628523025000,0.3161621820923077
1628523055000,0.3137379722324159
1628523085000,0.3109149433579336
1628523115000,0.3189915917481663
1628523145000,0.3204689117177914
1628523175000,0.3142500303571429
1628523205000,0.3134205948286229
1628523235000,0.3177966621091355
1628523265000,0.31183252045454546
1628523295000,0.3187312147783251
1628523325000,0.31192581554748944
1628523355000,0.3164588799876467
1628523385000,0.3207624113970588
1628523415000,0.3213446626699629
1628523445000,0.3131809426160337
1628523475000,0.3120453716981132
1628523505000,0.3160299213441195
1628523535000,0.3128070030599755
1628523565000,0.3179243585046729
1628523595000,0.31250074425108765
1628523625000,0.3145268128457283
1628523655000,0.3140101084620136
1628523685000,0.31681274466911763
1628523715000,0.3155955089743589
1628523745000,0.3202782184981685
1628523775000,0.3110122092966361
1628523805000,0.31885409235474005
1628523835000,0.3153197710429448
1628523865000,0.3149668383636364
1628523895000,0.3171348199144777
1628523925000,0.3117879253573648
1628523955000,0.3114608459327217
1628523985000,0.3120439717472119
1628524015000,0.3114257572307692
1628524045000,0.31176690696084525
1628524075000,0.31439810457637607
1628524105000,0.3152352649909146
1628524135000,0.3136347642901045
1628524165000,0.3141699598531212
1628524195000,0.3118691309625996
1628524225000,0.31677836559074296
1628524255000,0.3181768262385321
1628524285000,0.31612430616142945
1628524315000,0.3141760164502165
1628524345000,0.31199869262701363
1628524375000,0.3111781874229346
1628524405000,0.3112182946847961
1628524435000,0.31096893968542044
1628524465000,0.3131183247036806
1628524495000,0.3118238060843373
1628524525000,0.3183075994434137
1628524555000,0.31932518458737863
1628524585000,0.3175929997569866
1628524615000,0.30943690501835985
1628524645000,0.3139864313378131
1628524675000,0.31145835431034485
1628524705000,0.31233525702075704
1628524735000,0.3112372263990268
1628524765000,0.31754631816502465
1628524795000,0.3119684163426488
1628524825000,0.3195976551555827
1628524855000,0.3161273925
1628524885000,0.3187383612784265
1628524915000,0.3127243089219331
1628524945000,0.31360017827669895
1628524975000,0.31323847133084576
1628525005000,0.31374996604002425
1628525035000,0.3177463365538461
1628525065000,0.31318616875
1628525095000,0.3195324415012407
1628525125000,0.31425327022713323
1628525155000,0.3114355903146206
1628525185000,0.3126580936183395
1628525215000,0.31168626799254195
1628525245000,0.3187311802070645
1628525275000,0.3107276853177051
1628525305000,0.31642126762722256
1628525335000,0.3095300692806604
1628525365000,0.3173673650822669
1628525395000,0.313319914390692
1628525425000,0.3121899624537608
1628525455000,0.31616301872340424
1628525485000,0.31077466791181874
1628525515000,0.3122245128853268
1628525545000,0.3119264695970696
1628525575000,0.3191593972222222
1628525605000,0.31629769251944945
1628525635000,0.3184388950556242
1628525665000,0.31574489882788404
1628525695000,0.31786473858895703
1628525725000,0.3161930492326581
1628525755000,0.3213352486388385
1628525785000,0.3129681851076923
1628525815000,0.3132843520896426
1628525845000,0.3113639089672233
1628525875000,0.3135870460550459
1628525905000,0.31186432257865515
1628525935000,0.3146985860736196
1628525965000,0.3137613191239975
1628525995000,0.3120435423147581
1628526025000,0.3119947770328988
1628526055000,0.3138925753827312
1628526085000,0.3155896817846154
1628526115000,0.31632804640048395
1628526145000,0.3169623139364303
1628526175000,0.3191529918304668
1628526205000,0.3163263583843329
1628526235000,0.31363583862660943
1628526265000,0.3168050892613284
1628526295000,0.3138184356447689
1628526325000,0.3150391511656442
1628526355000,0.31222910416666666
1628526385000,0.3176827754237288
1628526415000,0.3128631103341584
1628526445000,0.3179814033721643
1628526475000,0.3123126399011736
1628526505000,0.31634003132236443
1628526535000,0.3258382926174497
1628526565000,0.31448022021857924
1628526595000,0.3135974463066418
1628526625000,0.3167662266625991
1628526655000,0.3134470299632353
1628526685000,0.3182065164518109
1628526715000,0.3115862527828746
1628526745000,0.3137745260869565
1628526775000,0.312511680123839
1628526805000,0.31400609653893696
1628526835000,0.3174175231379731
1628526865000,0.3186251548780488
1628526895000,0.3137353825092707
1628526925000,0.3191928188271605
1628526955000,0.3140522081997534
1628526985000,0.31317621391625616
1628527015000,0.31823074594921397
1628527045000,0.3184402450310559
1628527075000,0.3193653286855037
1628527105000,0.3132659256740196
1628527135000,0.3145376248598131
1628527165000,0.31428487031823743
1628527195000,0.3125926655339806
1628527225000,0.31715924758162034
1628527255000,0.3203279321100917
1628527285000,0.3165257320441989
1628527315000,0.3176093987760098
1628527345000,0.3143103020719073
1628527375000,0.3111276774076317
1628527405000,0.32103905944615385
1628527435000,0.3116868953057443
1628527465000,0.31756092880198633
1628527495000,0.3136462161448741
1628527525000,0.3141467931242461
1628527555000,0.3135263122040073
1628527585000,0.3164763404603271
1628527615000,0.3146731737977805
1628527645000,0.31043983392097263
1628527675000,0.3108733127160494
1628527705000,0.3121795677925211
1628527735000,0.31969925144437616
1628527765000,0.3113748634910879
1628527795000,0.3134108972053463
1628527825000,0.30969936264264264
1628527855000,0.31896555650306746
1628527885000,0.3160216488372093
1628527915000,0.31497885649582835
1628527945000,0.3174132103785104
1628527975000,0.3102072447852761
1628528005000,0.31409620862385323
1628528035000,0.3144902042787286
1628528065000,0.321170160519802
1628528095000,0.3174423250605327
1628528125000,0.3094512440526001
1628528155000,0.3117250749385749
1628528185000,0.3110792772259237
1628528215000,0.3148649424615385
1628528245000,0.3122186682674772
1628528275000,0.3176799288834952
1628528305000,0.313003913378545
1628528335000,0.31431650837408315
1628528365000,0.31905416732066216
1628528395000,0.3102585982131855
1628528425000,0.3144578563112745
1628528455000,0.3177484649101054
1628528485000,0.3118623624235006
1628528515000,0.3130798598391089
1628528545000,0.3205836283792049
1628528575000,0.3167108755828221
1628528605000,0.3117651480887793
1628528635000,0.3119208897971727
1628528665000,0.31019377991478997
1628528695000,0.3116189374393204
1628528725000,0.31402849720323184
1628528755000,0.3124896058787879
1628528785000,0.3105555388923077
1628528815000,0.3146215630461165
1628528845000,0.3107046386049309
1628528875000,0.3163605048675293
1628528905000,0.31197427047387605
1628528935000,0.3133624991331269
1628528965000,0.3196660201851852
1628528995000,0.3117971303703704
1628529025000,0.30843681673565937
1628529055000,0.31580716589805824
1628529085000,0.3126915385081868
1628529115000,0.3112023308164518
1628529145000,0.3164004433046683
1628529175000,0.3143587453382084
1628529205000,0.31646293939016806
1628529235000,0.31168343821733824
1628529265000,0.3171932498760843
1628529295000,0.3141088937993921
1628529325000,0.31185183090575275
1628529355000,0.31539299242516805
1628529385000,0.3111939699753391
1628529415000,0.3128526188118812
1628529445000,0.3174895519360787
1628529475000,0.3157302800494132
1628529505000,0.31971396817903125
1628529535000,0.3171246462148962
1628529565000,0.3144454759361571
1628529595000,0.3097931351951952
1628529625000,0.31078317456298976
1628529655000,0.28567189582822083
1628529685000,0.3099753234119782
1628529715000,0.312230763202934
1628529745000,0.31355641126506023
1628529775000,0.31149420707748626
1628529805000,0.3221046502748931
1628529835000,0.3121636418844985
1628529865000,0.3128006895291202
1628529895000,0.31447065704615385
1628529925000,0.31179391886336155
1628529955000,0.31961768639705884
1628529985000,0.3116396799879081
1628530015000,0.31279734650154806
1628530045000,0.3169897330718165
1628530075000,0.3186886874691358
1628530105000,0.3167745314872433
1628530135000,0.31651766008636645
1628530165000,0.3129204210234279
1628530195000,0.3141914804041641
1628530225000,0.3171838229307173
1628530255000,0.3133480157480315
1628530285000,0.3178004200123533
1628530315000,0.3169305036518564
1628530345000,0.31598231700429713
1628530375000,0.312692930265596
1628530405000,0.3135322724264706
1628530435000,0.31135551967721914
1628530465000,0.3177317322619769
1628530495000,0.3122113968381897
1628530525000,0.3220700218327183
1628530555000,0.3128511340699816
1628530585000,0.3149130550883608
1628530615000,0.3127268343905473
1628530645000,0.3165799749544073
1628530675000,0.31470259819494584
1628530705000,0.31342657344701585
1628530735000,0.3131415613398893
1628530765000,0.3170314206185567
1628530795000,0.3099863108272506
1628530825000,0.3146938094769231
1628530855000,0.3142467839066339
1628530885000,0.3109051113453193
1628530915000,0.3131550873913043
1628530945000,0.3139565287377451
1628530975000,0.3164163876603543
1628531005000,0.3131727972019465
1628531035000,0.3197975140586797
1628531065000,0.3100835846294046
1628531095000,0.3168175119485294
1628531125000,0.3164127370710784
1628531155000,0.3129270592478421
1628531185000,0.31597149501231525
1628531215000,0.311919376674938
1628531245000,0.3135541754889976
1628531275000,0.31314327614734305
1628531305000,0.314519071233726
1628531335000,0.3171711065270936
1628531365000,0.3115120693160813
1628531395000,0.31751814251087634
1628531425000,0.31556693709876543
1628531455000,0.3209891494782075
1628531485000,0.3131321720313442
1628531515000,0.31565069901780235
1628531545000,0.31304044935145153
1628531575000,0.3171989916564417
1628531605000,0.31524392646341465
1628531635000,0.3206904588056063
1628531665000,0.3159205314599878
1628531695000,0.3103539562111801
1628531725000,0.31236898978461536
1628531755000,0.3109248815064299
1628531785000,0.3157217383570105
1628531815000,0.3141723442073171
1628531845000,0.3127599141804788
1628531875000,0.3221081166769231
1628531905000,0.3208943104938272
1628531935000,0.3199511364411944
1628531965000,0.3125987854333128
1628531995000,0.3177994270018622
1628532025000,0.31376409691928525
1628532055000,0.31600783090575274
1628532085000,0.31765025158090515
1628532115000,0.3149827381218905
1628532145000,0.3156457300982801
1628532175000,0.31522952890818856
1628532205000,0.3110137066789216
1628532235000,0.3157382831912302
1628532265000,0.3121734423076923
1628532295000,0.31529379708737865
1628532325000,0.3134236885326757
1628532355000,0.31417540576923075
1628532385000,0.31193657501512395
1628532415000,0.32302000018552873
1628532445000,0.3114139814792176
1628532475000,0.3174277095975232
1628532505000,0.3170474891826923
1628532535000,0.31599571054254005
1628532565000,0.31239375316301704
1628532595000,0.3208144248458693
1628532625000,0.3127975875925926
1628532655000,0.31117473034947885
1628532685000,0.3160532837575757
1628532715000,0.31141723430094786
1628532745000,0.32003671622940816
1628532775000,0.3152368866022933
1628532805000,0.3168360101053937
1628532835000,0.30976099981818184
1628532865000,0.3130931852528946
1628532895000,0.3105141785012285
1628532925000,0.3184302398773006
1628532955000,0.3120039197709464
1628532985000,0.3183468861833953
1628533015000,0.3106779095415117
1628533045000,0.3094996517769608
1628533075000,0.3198187747047856
1628533105000,0.3136605564325668
1628533135000,0.3192399205791744
1628533165000,0.3219399831792976
1628533195000,0.3136592007361963
1628533225000,0.314422068707483
1628533255000,0.3152565868322981
1628533285000,0.3127956257195346
1628533315000,0.3114728960566852
1628533345000,0.3120807944785276
1628533375000,0.31168437014015843
1628533405000,0.3105926837837838
1628533435000,0.31694451464174456
1628533465000,0.3124290233870968
1628533495000,0.31124601687995124
1628533525000,0.3130793162848297
1628533555000,0.3210046519219036
1628533585000,0.31597195021565005
1628533615000,0.3148100667892157
1628533645000,0.31741356014669925
1628533675000,0.3112740130909091
1628533705000,0.3121240921264724
1628533735000,0.31732610576333536
1628533765000,0.31132815486453197
1628533795000,0.3112959303549572
1628533825000,0.3135415795143213
1628533855000,0.3134081248313918
1628533885000,0.3112887438372799
1628533915000,0.3181021458563536
1628533945000,0.3222786992696287
1628533975000,0.3212064977103961
1628534005000,0.3168288928880643
1628534035000,0.3120685846907532
1628534065000,0.31698660361741265
1628534095000,0.3128766493577982
1628534125000,0.3146613265529842
1628534155000,0.3123493912087912
1628534185000,0.3177535371534196
1628534215000,0.3182976061425061
1628534245000,0.3151931694632943
1628534275000,0.3110284018844985
1628534305000,0.3179892833745365
1628534335000,0.3169687442435202
1628534365000,0.3150940094717669
1628534395000,0.3171631267278288
1628534425000,0.3129672929846154
1628534455000,0.31541265861445783
1628534485000,0.31344197802469137
1628534515000,0.31187720680981595
1628534545000,0.31461361547330097
1628534575000,0.3142542562999385
1628534605000,0.31693652489270385
1628534635000,0.31583652042424243
1628534665000,0.31772227315885576
1628534695000,0.31587038959359603
1628534725000,0.31816184687882504
1628534755000,0.31649963169099754
1628534785000,0.3163737544234289
1628534815000,0.3127685195180723
1628534845000,0.31053733267813266
1628534875000,0.3125875673029557
1628534905000,0.31321593081571003
1628534935000,0.31839615513214503
1628534965000,0.320843873992674
1628534995000,0.3126852250302297
1628535025000,0.3131428072560976
1628535055000,0.316033199504644
1628535085000,0.3204886127013631
1628535115000,0.3132148640388114
1628535145000,0.31038182617574256
1628535175000,0.31054196246928745
1628535205000,0.322497898091133
1628535235000,0.3124444523219814
1628535265000,0.3121233905289053
1628535295000,0.31930396468085104
1628535325000,0.3165430259281802
1628535355000,0.31250647865372955
1628535385000,0.3164687511830635
1628535415000,0.3167190825846154
1628535445000,0.3175781613885505
1628535475000,0.3168376910311165
1628535505000,0.310797418401487
1628535535000,0.3150365413899139
1628535565000,0.3123084056329497
1628535595000,0.31413264826958104
1628535625000,0.31215373959731546
1628535655000,0.3148887905545399
1628535685000,0.31152058699938384
1628535715000,0.31197947029643075
1628535745000,0.3127954147651007
1628535775000,0.3140962303142329
1628535805000,0.3118808896551724
1628535835000,0.3144981182208589
1628535865000,0.31478116011063306
1628535895000,0.31616465494505497
1628535925000,0.3167828008074534
1628535955000,0.3091093007308161
1628535985000,0.3133399108536585
1628536015000,0.3154169790108565
1628536045000,0.31422904145299146
1628536075000,0.31803232529448233
1628536105000,0.3150278372755418
1628536135000,0.31799895576093656
1628536165000,0.3113757463768116
1628536195000,0.3139570420668693
1628536225000,0.3120379836497245
1628536255000,0.3200434298148148
1628536285000,0.3741376056965944
1628536315000,0.3749788530849114
1628536345000,0.3744103879629629
1628536375000,0.3744744943209877
1628536405000,0.3303594230533415
1628536435000,0.3135908598280098
1628536465000,0.312817115502451
1628536495000,0.315464861750306
1628536525000,0.3152290553204729
1628536555000,0.3136961996886675
1628536585000,0.3119474625461255
1628536615000,0.31249310503030303
1628536645000,0.31176722742230345
1628536675000,0.3159393037331701
1628536705000,0.3142105109212935
1628536735000,0.3117587985984156
1628536765000,0.3121888249077491
1628536795000,0.31710820180012417
1628536825000,0.31627737689440993
1628536855000,0.3156639759803921
1628536885000,0.3145143727383863
1628536915000,0.3167714153752288
1628536945000,0.3130781191331269
1628536975000,0.3128646004857316
1628537005000,0.31802329835164833
1628537035000,0.31217190491098834
1628537065000,0.3101527546434991
1628537095000,0.31862737549261083
1628537125000,0.3117400132098028
1628537155000,0.3117181063541024
1628537185000,0.3108162642988365
1628537215000,0.3131758358675659
1628537245000,0.31923436377079484
1628537275000,0.3164755712029161
1628537305000,0.3172712753560372
1628537335000,0.3146195451692308
1628537365000,0.31054552760511883
1628537395000,0.3120672541358025
1628537425000,0.3182059480804388
1628537455000,0.3128101587291795
1628537485000,0.3139349088724584
1628537515000,0.31917787122612445
1628537545000,0.3121793505461165
1628537575000,0.3179170578851964
1628537605000,0.3149653537139349
1628537635000,0.3127409487985213
1628537665000,0.3127045204907976
1628537695000,0.3086149520220588
1628537725000,0.3123720465811966
1628537755000,0.3208766138803208
1628537785000,0.3126490583333333
1628537815000,0.3166127520315343
1628537845000,0.3128301487593052
1628537875000,0.3132167297066015
1628537905000,0.3122907699136868
1628537935000,0.3118948901098901
1628537965000,0.31639744870689657
1628537995000,0.3142386640394089
1628538025000,0.31117908087793145
1628538055000,0.3131677155459593
1628538085000,0.3181099953276699
1628538115000,0.3206261416
1628538145000,0.311034266317734
1628538175000,0.3135387574494176
1628538205000,0.312171652291918
1628538235000,0.3166719109733416
1628538265000,0.3174485463669951
1628538295000,0.31762008119180635
1628538325000,0.3128303642464917
1628538355000,0.3229850679558011
1628538385000,0.3129831125077018
1628538415000,0.311160210815822
1628538445000,0.31551740142768464
1628538475000,0.3172603900739827
1628538505000,0.3137880705738706
1628538535000,0.31863007623100303
1628538565000,0.31431742475550123
1628538595000,0.31737026301703164
1628538625000,0.3149633272392638
1628538655000,0.3116412233616505
1628538685000,0.2798635693020383
1628538715000,0.3145596853448276
1628538745000,0.317897857675841
1628538775000,0.3108067313143549
1628538805000,0.3154297417812313
1628538835000,0.3161248086746988
1628538865000,0.3131338583383144
1628538895000,0.31651952032967035
1628538925000,0.3076642643643032
1628538955000,0.3106394581395349
1628538985000,0.31162906888619857
1628539015000,0.312167482002457
1628539045000,0.3161038936809816
1628539075000,0.3115099700302115
1628539105000,0.3110519322344322
1628539135000,0.31176497445618395
1628539165000,0.3144786259876543
1628539195000,0.3156053093406593
1628539225000,0.3119836676705593
1628539255000,0.31150451643420257
1628539285000,0.3176218388170056
1628539315000,0.31248798625304136
1628539345000,0.3166057044526901
1628539375000,0.31238593035495715
1628539405000,0.3160442235042735
1628539435000,0.31163260086633665
1628539465000,0.3162795047474133
1628539495000,0.3114792353300733
1628539525000,0.3140668704138357
1628539555000,0.3122229481617647
1628539585000,0.3142726712951432
1628539615000,0.31277911281577325
1628539645000,0.31603933440000004
1628539675000,0.3109499236552567
1628539705000,0.3132027787953288
1628539735000,0.31154383086876153
1628539765000,0.31866054271665645
1628539795000,0.3135114774741955
1628539825000,0.31274386540342297
1628539855000,0.312112981795818
1628539885000,0.3109696847416413
1628539915000,0.31280931917639826
1628539945000,0.3121777192961165
1628539975000,0.3163364661141805
1628540005000,0.31135793355995056
1628540035000,0.3140524120805369
1628540065000,0.3113422954349167
1628540095000,0.31767927454435
1628540125000,0.3139954117828501
1628540155000,0.317900517369727
1628540185000,0.31141074390847245
1628540215000,0.31308242454940954
1628540245000,0.3118907798170732
1628540275000,0.3125279434194342
1628540305000,0.3121636012797075
1628540335000,0.3202026326283988
1628540365000,0.3150306043719212
1628540395000,0.3120271021511985
1628540425000,0.3203455123076923
1628540455000,0.3126568435709933
1628540485000,0.32167653724053724
1628540515000,0.3154703463008631
1628540545000,0.31402525906326034
1628540575000,0.3163782165644172
1628540605000,0.31649732747858017
1628540635000,0.31281898384520884
1628540665000,0.313831195284752
1628540695000,0.3119499080845771
1628540725000,0.3180156082506204
1628540755000,0.31261546067484663
1628540785000,0.3131419354102406
1628540815000,0.31760107331288345
1628540845000,0.3177374633863081
1628540875000,0.3126435002425713
1628540905000,0.3113547022905365
1628540935000,0.31851909696782177
1628540965000,0.3146348740048251
1628540995000,0.3148443594936709
1628541025000,0.3132890951144094
1628541055000,0.3107051975609756
1628541085000,0.3182656952615385
1628541115000,0.3120572546064674
1628541145000,0.3150659512416717
1628541175000,0.3111110125689761
1628541205000,0.3136293470341522
1628541235000,0.31706375927518426
1628541265000,0.3207434345398773
1628541295000,0.3150969583843329
1628541325000,0.3120433607120933
1628541355000,0.31363472686104216
1628541385000,0.3185496781862745
1628541415000,0.3186536014354067
1628541445000,0.31186286425925924
1628541475000,0.3192668989421282
1628541505000,0.3179869978671542
1628541535000,0.31360872513628096
1628541565000,0.3148682438147471
1628541595000,0.3122377405904059
1628541625000,0.31534032700119474
1628541655000,0.3113045183747726
1628541685000,0.3115760500609013
1628541715000,0.3105127207104154
1628541745000,0.3148620121728545
1628541775000,0.3148685251651652
1628541805000,0.3211209063260341
1628541835000,0.3217210067943175
1628541865000,0.3174887799256505
1628541895000,0.3186729591549296
1628541925000,0.3179360600490196
1628541955000,0.3136457287134866
1628541985000,0.3198312198547216
1628542015000,0.3125021001221747
1628542045000,0.314299450818678
1628542075000,0.3162727157831325
1628542105000,0.3101805227581942
1628542135000,0.3146843326328801
1628542165000,0.31437229026331903
1628542195000,0.3154968266378245
1628542225000,0.3135249962447002
1628542255000,0.3162447102028273
1628542285000,0.3112205034947885
1628542315000,0.3133748337829552
1628542345000,0.3194664225866337
1628542375000,0.31879544565756823
1628542405000,0.3133840488573193
1628542435000,0.3183477877988964
1628542465000,0.3120426260869565
1628542495000,0.31157005690607736
1628542525000,0.31121464028203555
1628542555000,0.31233328545119704
1628542585000,0.3137511686666667
1628542615000,0.3136094900996264
1628542645000,0.3168407362751065
1628542675000,0.3165499012915129
1628542705000,0.31800413955223883
1628542735000,0.3117244135644769
1628542765000,0.3119231013681592
1628542795000,0.31360566165550824
1628542825000,0.3151303456151036
1628542855000,0.31466057541083386
1628542885000,0.31168237900419915
1628542915000,0.3139758997536945
1628542945000,0.3103028251833741
1628542975000,0.31227908233861146
1628543005000,0.31088394769975786
1628543035000,0.31253214332129964
1628543065000,0.31622198226600984
1628543095000,0.31875249846531617
1628543125000,0.31175673770692824
1628543155000,0.314752103983102
1628543185000,0.3166908961182994
1628543215000,0.31211971623100304
1628543245000,0.31359469416149066
1628543275000,0.3151688370737756
1628543305000,0.3159562901477833
1628543335000,0.3123379690184049
1628543365000,0.3119124195402299
1628543395000,0.3164939231487243
1628543425000,0.3204532135018496
1628543455000,0.32026519080949484
1628543485000,0.3111499750150875
1628543515000,0.312789806455542
1628543545000,0.3095866821818182
1628543575000,0.3169820327669903
1628543605000,0.3124126053538461
1628543635000,0.3146122627427185
1628543665000,0.31197701784386617
1628543695000,0.31224107469362744
1628543725000,0.31440669140767824
1628543755000,0.3128382849877451
1628543785000,0.31279186504914
1628543815000,0.3128715474042027
1628543845000,0.3117637508836076
1628543875000,0.3130580873308733
1628543905000,0.31518189574074074
1628543935000,0.3127297161290323
1628543965000,0.3127237127750611
1628543995000,0.31333664827160496
1628544025000,0.3109311236636637
1628544055000,0.3118277727383121
1628544085000,0.3137315413580247
1628544115000,0.31322778886861313
1628544145000,0.3146343666061706
1628544175000,0.3120145322679779
1628544205000,0.31309771124922314
1628544235000,0.31209628209876544
1628544265000,0.3193884097010372
1628544295000,0.31225741952117864
1628544325000,0.31798464731117826
1628544355000,0.319495771419791
1628544385000,0.3124682541998774
1628544415000,0.31927978293284043
1628544445000,0.3192055892174985
1628544475000,0.31629283691358023
1628544505000,0.3195922296432964
1628544535000,0.31913103783783786
1628544565000,0.3110325489583333
1628544595000,0.3200931482352941
1628544625000,0.3123359638598648
1628544655000,0.3174942465601965
1628544685000,0.3162880737423313
1628544715000,0.31180903495085993
1628544745000,0.3124290658715596
1628544775000,0.31618220540037245
1628544805000,0.3133861142944785
1628544835000,0.3164687313953488
1628544865000,0.3218168570133011
1628544895000,0.31149219279661017
1628544925000,0.31106422629950503
1628544955000,0.3197194752287981
1628544985000,0.31177839451294703
1628545015000,0.3114709366748166
1628545045000,0.3119429698765432
1628545075000,0.3112428606666667
1628545105000,0.31088882424242426
1628545135000,0.3227349343246592
1628545165000,0.31173310739827376
1628545195000,0.31656553630731105
1628545225000,0.3088049921808186
1628545255000,0.3121835292279412
1628545285000,0.3107005441860465
1628545315000,0.3122683618817853
1628545345000,0.3108798531966224
1628545375000,0.3145648735221675
1628545405000,0.3152729100555213
1628545435000,0.31303008405977584
1628545465000,0.3123910205864386
1628545495000,0.3152802489204195
1628545525000,0.31314056484375
1628545555000,0.31080786552552553
1628545585000,0.3123038503703704
1628545615000,0.31239544447834044
1628545645000,0.32000216513075963
1628545675000,0.31594280488102505
1628545705000,0.3130756259442725
1628545735000,0.3144618782635468
1628545765000,0.3114393712446352
1628545795000,0.3160456827395577
1628545825000,0.3220983953345611
1628545855000,0.3169988582929782
1628545885000,0.3129236174672489
1628545915000,0.3117566937233394
1628545945000,0.3130915553996339
1628545975000,0.3215508591540785
1628546005000,0.3125518488916256
1628546035000,0.3119314279268293
1628546065000,0.31086470228395063
1628546095000,0.3191799756740196
1628546125000,0.3115428785670545
1628546155000,0.3192136341328413
1628546185000,0.3126075871826625
1628546215000,0.316176023500612
1628546245000,0.3123625639074863
1628546275000,0.3152265068434032
1628546305000,0.3118473157255616
1628546335000,0.3141143928088506
1628546365000,0.31307825882708584
1628546395000,0.3128757763222632
1628546425000,0.30990119751665657
1628546455000,0.3168852139791539
1628546485000,0.3095280608133087
1628546515000,0.3134028782287823
1628546545000,0.3128768950184502
1628546575000,0.3190155081595092
1628546605000,0.3124083886253041
1628546635000,0.31887595809581565
1628546665000,0.3157455144533663
1628546695000,0.31623639607724796
1628546725000,0.3135500573193329
1628546755000,0.3176587514075888
1628546785000,0.319089541977612
1628546815000,0.3132496272447725
1628546845000,0.3179772184177997
1628546875000,0.31686365213094503
1628546905000,0.31095789643296434
1628546935000,0.3121376981004902
1628546965000,0.31459858140520897
1628546995000,0.31270312519877674
1628547025000,0.3129437779284834
1628547055000,0.3159693323294407
1628547085000,0.3103478015051174
1628547115000,0.3150615379746836
1628547145000,0.31905411287128715
1628547175000,0.3157229608695652
1628547205000,0.3143764873134328
1628547235000,0.3201005798148148
1628547265000,0.3126722139549055
1628547295000,0.3132021484548826
1628547325000,0.3111099190769231
1628547355000,0.3123825454377312
1628547385000,0.3138030219937695
1628547415000,0.3104584202484472
1628547445000,0.3115260310620012
1628547475000,0.3158598456482045
1628547505000,0.3167643346082665
1628547535000,0.31590151048088777
1628547565000,0.3125141989696969
1628547595000,0.31588518209046457
1628547625000,0.3165404115783059
1628547655000,0.3179924488271605
1628547685000,0.316114503125
1628547715000,0.31855838704049844
1628547745000,0.3193236714634146
1628547775000,0.3148426685905225
1628547805000,0.31066786014805675
1628547835000,0.3186100171668668
1628547865000,0.31094231738601824
1628547895000,0.31356563641404805
1628547925000,0.3182076522839506
1628547955000,0.3120455293209877
1628547985000,0.3102660814451929
1628548015000,0.3140392574769231
1628548045000,0.30997255491043857
1628548075000,0.31537403601924235
1628548105000,0.3180127016938899
1628548135000,0.3144370233518176
1628548165000,0.3113043898181818
1628548195000,0.3209676318347509
1628548225000,0.31053437014015844
1628548255000,0.3128483533613445
1628548285000,0.3199490000616143
1628548315000,0.3170797218204489
1628548345000,0.31235694806866954
1628548375000,0.3238590256142506
1628548405000,0.31039934040715605
1628548435000,0.3203537780958308
1628548465000,0.3122732773607748
1628548495000,0.3121540742243437
1628548525000,0.3206680692830655
1628548555000,0.3110148975683891
1628548585000,0.31585313822815536
1628548615000,0.3123926246674728
1628548645000,0.313223470460199
1628548675000,0.3135535948275862
1628548705000,0.3176361271797956
1628548735000,0.3117267040828763
1628548765000,0.3117090368807339
1628548795000,0.3126082397546012
1628548825000,0.3206605112201104
1628548855000,0.3158350121546961
1628548885000,0.3180557551831161
1628548915000,0.313164285687847
1628548945000,0.31307250375615764
1628548975000,0.30936553449116394
1628549005000,0.3192713576804442
1628549035000,0.3156714595457336
1628549065000,0.3124641625310174
1628549095000,0.3184360675276753
1628549125000,0.3124574957694666
1628549155000,0.3167028041412911
1628549185000,0.32036326753168376
1628549215000,0.31156483885853065
1628549245000,0.31301233756218905
1628549275000,0.3178126327521793
1628549305000,0.31666689491315136
1628549335000,0.3169335428744694
1628549365000,0.3186421614487416
1628549395000,0.31867515932926826
1628549425000,0.3116583826732673
1628549455000,0.3145578119393939
1628549485000,0.31809435246609125
1628549515000,0.3213586382708585
1628549545000,0.3126500979654747
1628549575000,0.3131079812117503
1628549605000,0.3116191972923077
1628549635000,0.3105392973993808
1628549665000,0.31713516244622003
1628549695000,0.3154430555487805
1628549725000,0.3128383918192918
1628549755000,0.31668922306748465
1628549785000,0.3155273957746479
1628549815000,0.31194295150060025
1628549845000,0.3123193565323565
1628549875000,0.31624245488629377
1628549905000,0.3145341035315985
1628549935000,0.3129277680073126
1628549965000,0.3112212020232986
1628549995000,0.3131231903048781
1628550025000,0.3143653348767288
1628550055000,0.31150343500619576
1628550085000,0.3127319990105133
1628550115000,0.3157715026364194
1628550145000,0.31545103981818184
1628550175000,0.3128995846869188
1628550205000,0.3123512057785888
1628550235000,0.31703593852116874
1628550265000,0.3163021394978567
1628550295000,0.31679856410571605
1628550325000,0.31320761016739
1628550355000,0.3120316734270006
1628550385000,0.3146496161863887
1628550415000,0.3115397424460432
1628550445000,0.3137695066180935
1628550475000,0.3140903905289053
1628550505000,0.3138885676595745
1628550535000,0.31229171988882026
1628550565000,0.3129046646371464
1628550595000,0.3194172733538462
1628550625000,0.3134989397530864
1628550655000,0.3161420660012099
1628550685000,0.3134595967603912
1628550715000,0.3158404452248922
1628550745000,0.31775379151813155
1628550775000,0.3125313630236794
1628550805000,0.3182246858455882
1628550835000,0.3122425420343137
1628550865000,0.3130828347530864
1628550895000,0.3196828624464832
1628550925000,0.3128545636197441
1628550955000,0.31361426073805204
1628550985000,0.3145451592274678
1628551015000,0.3173732614589665
1628551045000,0.31111311684981685
1628551075000,0.3144934421375921
1628551105000,0.3166677535888078
1628551135000,0.3167920747091243
1628551165000,0.3124323413538462
1628551195000,0.3117124103785104
1628551225000,0.3118784051407589
1628551255000,0.3146426170055453
1628551285000,0.3168999776463263
1628551315000,0.3160530151440834
1628551345000,0.31681955355392155
1628551375000,0.3167047850184957
1628551405000,0.3119689734480639
1628551435000,0.31281748173913043
1628551465000,0.31272607527339
1628551495000,0.3166931871525633
1628551525000,0.31742271430325353
1628551555000,0.3127974224159402
1628551585000,0.3146884164626683
1628551615000,0.3129569732186732
1628551645000,0.31062699712362296
1628551675000,0.31164615116707617
1628551705000,0.3129871979115479
1628551735000,0.3166530882498454
1628551765000,0.31304318882138515
1628551795000,0.3109811124771759
1628551825000,0.3126955475722188
1628551855000,0.31711317685352625
1628551885000,0.3131922720024722
1628551915000,0.31451853131067964
1628551945000,0.31791475935009195
1628551975000,0.3157340170851194
1628552005000,0.3187154726102941
1628552035000,0.3104827654130703
1628552065000,0.3162365603385732
1628552095000,0.3121708797568389
1628552125000,0.3097830433764633
1628552155000,0.3099579077533577
1628552185000,0.3189543103004292
1628552215000,0.31314943603491274
1628552245000,0.31791853478531423
1628552275000,0.3124408650461539
1628552305000,0.31407539299754306
1628552335000,0.31283593585021485
1628552365000,0.3152523342490843
1628552395000,0.3175051192069393
1628552425000,0.31853717135003057
1628552455000,0.3102441913202934
1628552485000,0.320180963274065
1628552515000,0.31407727744128555
1628552545000,0.3161723504575961
1628552575000,0.3128161502752293
1628552605000,0.3157875706062462
1628552635000,0.3094617265318628
1628552665000,0.3093819613759807
1628552695000,0.3169758041079093
1628552725000,0.3198465498784933
1628552755000,0.3123561961846154
1628552785000,0.31167495135301354
1628552815000,0.3115458301242236
1628552845000,0.3155529019680197
1628552875000,0.3170709646842428
1628552905000,0.3170867038485033
1628552935000,0.31651432370049504
1628552965000,0.31144418419753084
1628552995000,0.3127179927680798
1628553025000,0.31651099404466504
1628553055000,0.32063985245700244
1628553085000,0.31690072716656426
1628553115000,0.31460978711246196
1628553145000,0.3168010627863777
1628553175000,0.3206240834037417
1628553205000,0.31412936501240696
1628553235000,0.31489226442424245
1628553265000,0.3123383526089625
1628553295000,0.311971247960445
1628553325000,0.3175520037446286
1628553355000,0.31457690571776153
1628553385000,0.3150780973748474
1628553415000,0.3177749720561318
1628553445000,0.31502024734567896
1628553475000,0.3134190844880441
1628553505000,0.3180341243605359
1628553535000,0.3186922677264547
1628553565000,0.3151079739615623
1628553595000,0.31261228500604593
1628553625000,0.3186425611764706
1628553655000,0.3176302317843866
1628553685000,0.3109940356004902
1628553715000,0.31260764146492864
1628553745000,0.3117006199878123
1628553775000,0.313035857985258
1628553805000,0.3127928839506173
1628553835000,0.31186906458333336
1628553865000,0.3130255021498772
1628553895000,0.31188567043795623
1628553925000,0.3193817867245657
1628553955000,0.3141361334359606
1628553985000,0.3188570048946716
1628554015000,0.3108263907532149
1628554045000,0.3123137671232877
1628554075000,0.3189568843076923
1628554105000,0.3162700685576343
1628554135000,0.3118104044840295
1628554165000,0.31646903458509995
1628554195000,0.3145262815757576
1628554225000,0.3143697079462103
1628554255000,0.31655963831208256
1628554285000,0.31959407991530553
1628554315000,0.314083865379902
1628554345000,0.3129232905198777
1628554375000,0.31309626571605703
1628554405000,0.31901373172242875
1628554435000,0.31707223353922176
1628554465000,0.313782931598513
1628554495000,0.3121613553648069
1628554525000,0.31547391953743154
1628554555000,0.3165657551361386
1628554585000,0.3175341357098955
1628554615000,0.3112872102015883
1628554645000,0.3111638371588089
1628554675000,0.3119038378048781
1628554705000,0.31004686439114393
1628554735000,0.3156823736515809
1628554765000,0.3166952791871921
1628554795000,0.3161512417737003
1628554825000,0.3126578860635697
1628554855000,0.31303452336114423
1628554885000,0.31643371761083744
1628554915000,0.31279709543239953
1628554945000,0.3153579461820403
1628554975000,0.3110687100679432
1628555005000,0.3173244304374615
1628555035000,0.3098363225360577
1628555065000,0.31263575281173595
1628555095000,0.3188720150735294
1628555125000,0.3108945301212121
1628555155000,0.3127538144638404
1628555185000,0.321531559609518
1628555215000,0.3163550320172733
1628555245000,0.3137556738810546
1628555275000,0.3165115342839806
1628555305000,0.3169454442653441
1628555335000,0.3146551466707392
1628555365000,0.3154201322757779
1628555395000,0.31989869522332504
1628555425000,0.3174938648697759
1628555455000,0.31330972215384617
1628555485000,0.3157241088162762
1628555515000,0.31036199766728056
1628555545000,0.3124901903740037
1628555575000,0.3150564423170732
1628555605000,0.3131686531100478
1628555635000,0.3153322427184466
1628555665000,0.3137920042098841
1628555695000,0.32469389380421315
1628555725000,0.31609850459277405
1628555755000,0.3137133166461916
1628555785000,0.3170493301088271
1628555815000,0.3212826398773006
1628555845000,0.3182752117682927
1628555875000,0.31215872688303736
1628555905000,0.3199067963658389
1628555935000,0.3133467739506173
1628555965000,0.3155852532967033
1628555995000,0.3184259354799514
1628556025000,0.3199680539346247
1628556055000,0.3174825618575852
1628556085000,0.3135075689172749
1628556115000,0.3173535067985167
1628556145000,0.3160142902288188
1628556175000,0.3164975395973154
1628556205000,0.3130510078455791
1628556235000,0.31829387475429977
1628556265000,0.3094161763460375
1628556295000,0.3130484331068561
1628556325000,0.3121749846819024
1628556355000,0.3098528315018315
1628556385000,0.31263584619631896
1628556415000,0.31686402539975395
1628556445000,0.31357218299817186
1628556475000,0.32175320428039694
1628556505000,0.2530300043746149
1628556535000,0.3098539500309215
1628556565000,0.3163182795468463
1628556595000,0.3125432485376478
1628556625000,0.31626572443769
1628556655000,0.31695733335358445
1628556685000,0.3144339945465686
1628556715000,0.3103239428136419
1628556745000,0.3113837790981109
1628556775000,0.31133020590405897
1628556805000,0.3123109137315271
1628556835000,0.3159473048118445
1628556865000,0.3137509589066339
1628556895000,0.3147613279339853
1628556925000,0.31184545335384617
1628556955000,0.3124827361637141
1628556985000,0.314420034220297
1628557015000,0.31719434990780576
1628557045000,0.3165707125766871
1628557075000,0.31607166908420403
1628557105000,0.3119306702271332
1628557135000,0.3206179755734656
1628557165000,0.31693781824953443
1628557195000,0.3117838139732685
1628557225000,0.3119874082057563
1628557255000,0.31353290887245844
1628557285000,0.3163466605487805
1628557315000,0.31640533223443223
1628557345000,0.3115486699257426
1628557375000,0.3127661694393099
1628557405000,0.31093645170523754
1628557435000,0.3141514718362283
1628557465000,0.32035249027261464
1628557495000,0.3185278335784314
1628557525000,0.3125598368847352
1628557555000,0.3120781517094017
1628557585000,0.3171539300906344
1628557615000,0.3153007369630974
1628557645000,0.3150568297101449
1628557675000,0.3177251421215881
1628557705000,0.31293982147692306
1628557735000,0.3150288615431349
1628557765000,0.31338651221884495
1628557795000,0.3130263143467644
1628557825000,0.3112501864848485
1628557855000,0.3129020090909091
1628557885000,0.31565250815822005
1628557915000,0.31414291019900503
1628557945000,0.3137115185775598
1628557975000,0.31194142722802704
1628558005000,0.3140902789248626
1628558035000,0.31636582555831266
1628558065000,0.32299165189323403
1628558095000,0.3161047031941032
1628558125000,0.31225245373860183
1628558155000,0.3170212358467244
1628558185000,0.3140846985267035
1628558215000,0.3119295410429448
1628558245000,0.32194346444981864
1628558275000,0.3141806587905237
1628558305000,0.31222333033088234
1628558335000,0.31752523417799755
1628558365000,0.31702608163265306
1628558395000,0.3154564661172161
1628558425000,0.3143257505186089
1628558455000,0.31546242307221545
1628558485000,0.3146868285627653
1628558515000,0.31389757519804995
1628558545000,0.31107291750150873
1628558575000,0.3130872842137974
1628558605000,0.31998865245508984
1628558635000,0.3124478040630685
1628558665000,0.3167333318432333
1628558695000,0.3160184325595602
1628558725000,0.3163137566523605
1628558755000,0.3169072239877301
1628558785000,0.3140297627329193
1628558815000,0.3183235669281835
1628558845000,0.3214604397040691
1628558875000,0.3157247415640394
1628558905000,0.3149747125998771
1628558935000,0.3122009018382353
1628558965000,0.316882481238504
1628558995000,0.3158429458076449
1628559025000,0.3158312446428572
1628559055000,0.3183621869698832
1628559085000,0.31284154088943794
1628559115000,0.3127702219053398
1628559145000,0.31092405816389396
1628559175000,0.3129068037446286
1628559205000,0.3121672568986569
1628559235000,0.31267765592269325
1628559265000,0.3141668364369957
1628559295000,0.3157119940850277
1628559325000,0.3162289131787676
1628559355000,0.32154840284477426
1628559385000,0.3128181283783784
1628559415000,0.3140200631032377
1628559445000,0.3105392279098111
1628559475000,0.31626358161628626
1628559505000,0.3160269331722054
1628559535000,0.3120252218181818
1628559565000,0.31780477935247403
1628559595000,0.3151625915065096
1628559625000,0.31156049184418744
1628559655000,0.3080195249393204
1628559685000,0.3151973581139008
1628559715000,0.3147122517618469
1628559745000,0.3164747089688835
1628559775000,0.3165011649783817
1628559805000,0.3203389165954851
1628559835000,0.3126685001851852
1628559865000,0.3153557326367548
1628559895000,0.3168605281846154
1628559925000,0.3118399896742471
1628559955000,0.3118752169154229
1628559985000,0.3121656553505535
1628560015000,0.3175021806930693
1628560045000,0.3117134787990196
1628560075000,0.3142330970374849
1628560105000,0.3192911931972789
1628560135000,0.3107852936078672
1628560165000,0.3165855364029666
1628560195000,0.3112711254901961
1628560225000,0.31449847397769515
1628560255000,0.31438558262476896
1628560285000,0.3122382107230392
1628560315000,0.3118024554798762
1628560345000,0.3126874794561933
1628560375000,0.3128926580147965
1628560405000,0.3119462472606863
1628560435000,0.3149018995107033
1628560465000,0.31746089273167777
1628560495000,0.3112189437691836
1628560525000,0.3132016236017209
1628560555000,0.3177802247365158
1628560585000,0.3147133388581952
1628560615000,0.3189108430340557
1628560645000,0.3228262692116698
1628560675000,0.31545931896969703
1628560705000,0.3169485285101165
1628560735000,0.3167061966081163
1628560765000,0.3143876465728274
1628560795000,0.3177189098136646
1628560825000,0.3113664796713329
1628560855000,0.3163029197768134
1628560885000,0.3129734031539889
1628560915000,0.31363484662576685
1628560945000,0.3122095035561005
1628560975000,0.318096194017094
1628561005000,0.3166598952410383
1628561035000,0.3198508506849315
1628561065000,0.3142962309750297
1628561095000,0.3169325407749077
1628561125000,0.31912193188228083
1628561155000,0.3172871501540357
1628561185000,0.32070909283508336
1628561215000,0.3181909486221678
1628561245000,0.3159251514390692
1628561275000,0.31707400085784315
1628561305000,0.3111406837871287
1628561335000,0.3119380215638363
1628561365000,0.3127767306223044
1628561395000,0.3111754980769231
1628561425000,0.3142510553921569
1628561455000,0.3111863641324341
1628561485000,0.3092733532093581
1628561515000,0.3159499988547317
1628561545000,0.313426407195572
1628561575000,0.3131156860122699
1628561605000,0.315134470436386
1628561635000,0.31254849009720537
1628561665000,0.3210840325609756
1628561695000,0.3119393236940298
1628561725000,0.3114035675757576
1628561755000,0.3127176689506173
1628561785000,0.3163536803669725
1628561815000,0.310639266198044
1628561845000,0.3143951976334952
1628561875000,0.3184879004898959
1628561905000,0.3113830645398773
1628561935000,0.3129993952439777
1628561965000,0.31171802463414633
1628561995000,0.3137810183648566
1628562025000,0.31407185592185594
1628562055000,0.3141159935009197
1628562085000,0.3121691693118413
1628562115000,0.319530920934466
1628562145000,0.3126463293082524
1628562175000,0.3185576109356015
1628562205000,0.31363087269395235
1628562235000,0.31902281393034826
1628562265000,0.31862446175030606
1628562295000,0.314840850829748
1628562325000,0.31744834414135153
1628562355000,0.31896995589492977
1628562385000,0.3158364298516687
1628562415000,0.3156017686813187
1628562445000,0.3121782594775213
1628562475000,0.3147653662776413
1628562505000,0.3165012269559902
1628562535000,0.32003503396341465
1628562565000,0.31130608066502463
1628562595000,0.3184039440833844
1628562625000,0.31569721899752473
1628562655000,0.31679150794537553
1628562685000,0.3183323794081381
1628562715000,0.31854969907178216
1628562745000,0.311833000668693
1628562775000,0.3170237332110092
1628562805000,0.31243860756457564
1628562835000,0.3124323694789082
1628562865000,0.3194066008684864
1628562895000,0.3107407681622618
1628562925000,0.3126358051094891
1628562955000,0.3160273293438639
1628562985000,0.3175381651459854
1628563015000,0.315001930072904
1628563045000,0.3148533809202454
1628563075000,0.3119213809641533
1628563105000,0.31320414316502465
1628563135000,0.3162492674046741
1628563165000,0.31760647657107993
1628563195000,0.3082035706025563
1628563225000,0.3146921888616891
1628563255000,0.3174592112745098
1628563285000,0.3167663847145488
1628563315000,0.311628182088646
1628563345000,0.31280880822590545
1628563375000,0.31349817914663464
1628563405000,0.3141516231857319
1628563435000,0.30945413948967193
1628563465000,0.3138866183536585
1628563495000,0.31268049127475245
1628563525000,0.3109999122025625
1628563555000,0.3118234244595429
1628563585000,0.3166199632615385
1628563615000,0.3109622186608804
1628563645000,0.317481513006135
1628563675000,0.31366363874695863
1628563705000,0.3176593926497838
1628563735000,0.31200212434089514
1628563765000,0.3152585984671981
1628563795000,0.3167667794653706
1628563825000,0.3129787714640199
1628563855000,0.3096243396413111
1628563885000,0.3154311504956629
1628563915000,0.3163366488902589
1628563945000,0.3114754709309309
1628563975000,0.3168246279510704
1628564005000,0.3162810660493827
1628564035000,0.3198911460453709
1628564065000,0.3114718993255671
1628564095000,0.3128119110974862
1628564125000,0.3138741170642202
1628564155000,0.3156159674447174
1628564185000,0.3155693488271605
1628564215000,0.3100910283412888
1628564245000,0.3163604675709001
1628564275000,0.31248475861434705
1628564305000,0.32071898442118224
1628564335000,0.31230135746223564
1628564365000,0.3128475305250305
1628564395000,0.3090803002425713
1628564425000,0.3127946676613885
1628564455000,0.3216452668726823
1628564485000,0.31793643761696816
1628564515000,0.31718012344231955
1628564545000,0.3191710722981366
1628564575000,0.3159777186853317
1628564605000,0.3144994639759036
1628564635000,0.31247477450617284
1628564665000,0.31406151120049497
1628564695000,0.31748505729166665
1628564725000,0.3172643545059043
1628564755000,0.3157925443757725
1628564785000,0.3122754636085627
1628564815000,0.3120728009815951
1628564845000,0.3145397880671225
1628564875000,0.314490958400496
1628564905000,0.30940289632802936
1628564935000,0.31638384929404545
1628564965000,0.3134569191620456
1628564995000,0.3121370023370233
1628565025000,0.3176727296137339
1628565055000,0.3140543850277264
1628565085000,0.3228443307739938
1628565115000,0.32425829040680026
1628565145000,0.3164989821604938
1628565175000,0.3139269689528475
1628565205000,0.3157048049170252
1628565235000,0.3180125214675561
1628565265000,0.3121136410714286
1628565295000,0.3165895727216749
1628565325000,0.31259814782608697
1628565355000,0.3115976443765281
1628565385000,0.3099161650461538
1628565415000,0.3121439268351384
1628565445000,0.31200119884428223
1628565475000,0.3165570255757576
1628565505000,0.3129063273341524
1628565535000,0.3125236378130727
1628565565000,0.31591661731809983
1628565595000,0.3107830963167588
1628565625000,0.31131199740807713
1628565655000,0.3151785098582871
1628565685000,0.3154918841269841
1628565715000,0.3164273983219391
1628565745000,0.3103192320341048
1628565775000,0.3150451230863441
1628565805000,0.3148919934138973
1628565835000,0.31266591502145924
1628565865000,0.3123551892945545
1628565895000,0.3159444586903305
1628565925000,0.31202575384142595
1628565955000,0.31332709503980405
1628565985000,0.31190487615853657
1628566015000,0.3115904866345575
1628566045000,0.3116878725993884
1628566075000,0.31181178177940283
1628566105000,0.31131860307881776
1628566135000,0.3157163415584416
1628566165000,0.3163698403335392
1628566195000,0.3109968602163461
1628566225000,0.31974571304615385
1628566255000,0.3128600781885397
1628566285000,0.3125123637761378
1628566315000,0.31272128761329304
1628566345000,0.31344309411035337
1628566375000,0.3143674085870889
1628566405000,0.31506590635696824
1628566435000,0.3134610759293114
1628566465000,0.3118975596107056
1628566495000,0.3170624655451713
1628566525000,0.3112840377682403
1628566555000,0.3185513634910879
1628566585000,0.30945734784456586
1628566615000,0.31054451836243224
1628566645000,0.3130762978839178
1628566675000,0.31683295809581563
1628566705000,0.31318177824497256
1628566735000,0.31278265392921417
1628566765000,0.3164435627992633
1628566795000,0.3213337999388005
1628566825000,0.3134739482186732
1628566855000,0.3124997980072464
1628566885000,0.31862930623875224
1628566915000,0.3144052804029304
1628566945000,0.3146799593980344
1628566975000,0.3170692848837209
1628567005000,0.3155872154886294
1628567035000,0.3191902743185948
1628567065000,0.31258103656114217
1628567095000,0.3102759849331713
1628567125000,0.3143607346510192
1628567155000,0.3164741333950617
1628567185000,0.3171846814769231
1628567215000,0.3173342909597523
1628567245000,0.3186037426987061
1628567275000,0.3149965017967782
1628567305000,0.31795453945578234
1628567335000,0.31459257521472395
1628567365000,0.31323496878436163
1628567395000,0.3139867718187461
1628567425000,0.3110223166870416
1628567455000,0.3131877301910043
1628567485000,0.3110119951770452
1628567515000,0.3110366643382353
1628567545000,0.3124980035626536
1628567575000,0.3134249968503937
1628567605000,0.3162669107795372
1628567635000,0.31182778334365324
1628567665000,0.3153516279484029
1628567695000,0.31160967990135635
1628567725000,0.3119517312048193
1628567755000,0.3127861789344764
1628567785000,0.3164715333949476
1628567815000,0.3120416631704411
1628567845000,0.3114996498768473
1628567875000,0.3143244798142415
1628567905000,0.317893056372549
1628567935000,0.3174406568723274
1628567965000,0.31286327704112954
1628567995000,0.3181369088599752
1628568025000,0.3128269248292986
1628568055000,0.31195789835365856
1628568085000,0.31493572978208234
1628568115000,0.317317720602706
1628568145000,0.31649418293135434
1628568175000,0.3126541012946979
1628568205000,0.31117336153846153
1628568235000,0.3155227200498132
1628568265000,0.31349983363858364
1628568295000,0.3235949753977968
1628568325000,0.318582129143898
1628568355000,0.3150016346987952
1628568385000,0.3212307374688279
1628568415000,0.3172236288271605
1628568445000,0.31217770317266624
1628568475000,0.31073593626306084
1628568505000,0.31415548361059764
1628568535000,0.3118076077395577
1628568565000,0.31850999092009685
1628568595000,0.31974863587088914
1628568625000,0.31266147912291536
1628568655000,0.3137060755140187
1628568685000,0.3128757482054456
1628568715000,0.3108578375995101
1628568745000,0.3162971983596598
1628568775000,0.3143596502138057
1628568805000,0.31784150477629985
1628568835000,0.3161249171270718
1628568865000,0.3165678159658745
1628568895000,0.3131665165359083
1628568925000,0.3136965424724602
1628568955000,0.31244269083689674
1628568985000,0.31737488863221885
1628569015000,0.3079756512711864
1628569045000,0.31155561418047883
1628569075000,0.3180719899448191
1628569105000,0.3181216194376528
1628569135000,0.3126192468215159
1628569165000,0.3117869821428572
1628569195000,0.3179454352869353
1628569225000,0.3130838432889964
1628569255000,0.31129574868662185
1628569285000,0.3178709024645718
1628569315000,0.31577416229913474
1628569345000,0.31419022347188263
1628569375000,0.3189338364480198
1628569405000,0.3128021919266055
1628569435000,0.3135588894447834
1628569465000,0.3127944957486137
1628569495000,0.31391474882860665
1628569525000,0.3176577063530849
1628569555000,0.32300517794935146
1628569585000,0.3165617079238329
1628569615000,0.3121120326073429
1628569645000,0.313194166625842
1628569675000,0.3124709412269939
1628569705000,0.30727511429444104
1628569735000,0.3130500081936685
1628569765000,0.3146050786366403
1628569795000,0.3118228186377709
1628569825000,0.3159083906947891
1628569855000,0.3108120659254808
1628569885000,0.3142206914867366
1628569915000,0.3112036771940668
1628569945000,0.312601053606357
1628569975000,0.3106316878584503
1628570005000,0.31255971618814904
1628570035000,0.31257825306990883
1628570065000,0.3153086055316533
1628570095000,0.3126937546134663
1628570125000,0.3198828602781137
1628570155000,0.3161613763320942
1628570185000,0.31860263160146696
1628570215000,0.311343335495716
1628570245000,0.3198633840386941
1628570275000,0.3156618853584447
1628570305000,0.3112200003052503
1628570335000,0.31252670577281194
1628570365000,0.3138468928262214
1628570395000,0.3190402578849721
1628570425000,0.3094602699510404
1628570455000,0.3123166850393701
1628570485000,0.31280290074074074
1628570515000,0.31536562881880026
1628570545000,0.31514058865979383
1628570575000,0.2540150203919167
1628570605000,0.3134791888206388
1628570635000,0.3132147356004902
1628570665000,0.3192699343366093
1628570695000,0.3110872204118716
1628570725000,0.3171654889768575
1628570755000,0.3127860492326581
1628570785000,0.3227202133210559
1628570815000,0.31358702266340865
1628570845000,0.3182166385089341
1628570875000,0.3196054466096518
1628570905000,0.3128881104579208
1628570935000,0.3166063018046049
1628570965000,0.3115500873074553
1628570995000,0.3152652999390987
1628571025000,0.31302147622850124
1628571055000,0.31253221004313003
1628571085000,0.3215667263028817
1628571115000,0.31234736086691084
1628571145000,0.3113231504196643
1628571175000,0.31569991972789113
1628571205000,0.31535435060386474
1628571235000,0.3154074530788177
1628571265000,0.31642312835178354
1628571295000,0.3120667606415793
1628571325000,0.3117381860450945
1628571355000,0.31768081280637256
1628571385000,0.31645044756986634
1628571415000,0.31290999612590803
1628571445000,0.3181036930275229
1628571475000,0.3110148328589109
1628571505000,0.3219617787671233
1628571535000,0.30831009853658536
1628571565000,0.3142878531403941
1628571595000,0.31760131583541146
1628571625000,0.3114879820497271
1628571655000,0.3162940932923077
1628571685000,0.3113564939243645
1628571715000,0.3114353806748466
1628571745000,0.31556951818181816
1628571775000,0.3194124079078456
1628571805000,0.311393430861965
1628571835000,0.3157314300426569
1628571865000,0.31506480887538
1628571895000,0.3136923556713673
1628571925000,0.3165837326020719
1628571955000,0.3153425146772229
1628571985000,0.3143011852121212
1628572015000,0.3139870148447205
1628572045000,0.3130844768421053
1628572075000,0.3127956239583333
1628572105000,0.3120217915737299
1628572135000,0.3172200404848485
1628572165000,0.31159807082825824
1628572195000,0.3141665630843959
1628572225000,0.31232229033846154
1628572255000,0.312971638028169
1628572285000,0.3139164225429976
1628572315000,0.31789954882175225
1628572345000,0.31639180265596045
1628572375000,0.3147808607724804
1628572405000,0.3122791448233861
1628572435000,0.3124922786020846
1628572465000,0.32211304032459426
1628572495000,0.3119313310407791
1628572525000,0.3119566058530511
1628572555000,0.3169062387332521
1628572585000,0.3193234185503685
1628572615000,0.3182344674632353
1628572645000,0.3131889376918355
1628572675000,0.3160327158924205
1628572705000,0.31865480366300364
1628572735000,0.3200558899632803
1628572765000,0.31464319699201965
1628572795000,0.3170719066831683
1628572825000,0.313866481829419
1628572855000,0.3118889338377724
1628572885000,0.31648062880633376
1628572915000,0.3104160656230817
1628572945000,0.3100473251207729
1628572975000,0.3118460367809058
1628573005000,0.3131396768715764
1628573035000,0.3167739793727382
1628573065000,0.3197010450884686
1628573095000,0.31105075399146864
1628573125000,0.3086366904531722
1628573155000,0.31905472414215685
1628573185000,0.3173869455927052
1628573215000,0.31046583266055044
1628573245000,0.31478516656479216
1628573275000,0.31605498045066993
1628573305000,0.314337649877451
1628573335000,0.3114030365185636
1628573365000,0.3117792268977884
1628573395000,0.3136779369193154
1628573425000,0.3142158727719729
1628573455000,0.3111063353230769
1628573485000,0.3134008429546865
1628573515000,0.31265066505507955
1628573545000,0.3172836273237679
1628573575000,0.3113865408441961
1628573605000,0.3136560913473424
1628573635000,0.3140336467701864
1628573665000,0.3123322786148238
1628573695000,0.3161644300307692
1628573725000,0.3123518996314497
1628573755000,0.31724837691373026
1628573785000,0.3154917249696233
1628573815000,0.3165913807228916
1628573845000,0.3185661289570552
1628573875000,0.3161788148148148
1628573905000,0.319240032675709
1628573935000,0.3140984912128713
1628573965000,0.3194468214416616
1628573995000,0.3117487715166461
1628574025000,0.3149139320672478
1628574055000,0.3122633602706027
1628574085000,0.3201067475301205
1628574115000,0.3107026196978852
1628574145000,0.31205900316770185
1628574175000,0.31245837330037085
1628574205000,0.3177212861349693
1628574235000,0.3131668082818294
1628574265000,0.3136975029447853
1628574295000,0.3163341034883721
1628574325000,0.3155174015873016
1628574355000,0.31158726832412525
1628574385000,0.3179564633049818
1628574415000,0.3095414715158924
1628574445000,0.3246876562195122
1628574475000,0.3178942147852761
1628574505000,0.3108175260681115
1628574535000,0.31423857484624845
1628574565000,0.3179835327294686
1628574595000,0.3154780091523341
1628574625000,0.31132015972906396
1628574655000,0.3160197553679132
1628574685000,0.3127421438693777
1628574715000,0.3146736652173913
1628574745000,0.3162751801601972
1628574775000,0.3176453325552825
1628574805000,0.3136566859489051
1628574835000,0.31591013821892394
1628574865000,0.32088712938650304
1628574895000,0.3111065443076923
1628574925000,0.31554744326805384
1628574955000,0.31148047393715345
1628574985000,0.31324895049079754
1628575015000,0.3123687194717445
1628575045000,0.3157405510895884
1628575075000,0.3208527838592233
1628575105000,0.3139055825338253
1628575135000,0.31318955111917723
1628575165000,0.31647539604938274
1628575195000,0.3131636518631643
1628575225000,0.3174224949814126
1628575255000,0.3081619855670103
1628575285000,0.3180490044117647
1628575315000,0.31448421674816623
1628575345000,0.3135018517369727
1628575375000,0.3172291516327788
1628575405000,0.3121589167896679
1628575435000,0.31264582431776833
1628575465000,0.3138188248635537
1628575495000,0.3111340995037221
1628575525000,0.3165318109191857
1628575555000,0.3121697322384428
1628575585000,0.31212371628329305
1628575615000,0.3178810455439459
1628575645000,0.3117691675061425
1628575675000,0.3162457306060606
1628575705000,0.3122339718232044
1628575735000,0.313408627200489
1628575765000,0.3152882347213717
1628575795000,0.3142261304981774
1628575825000,0.3152193257529195
1628575855000,0.31441897574074074
1628575885000,0.31695968011049724
1628575915000,0.31878511762545897
1628575945000,0.31858654238410594
1628575975000,0.3166393400980993
1628576005000,0.312556940864799
1628576035000,0.31315443298589823
1628576065000,0.3144557349756691
1628576095000,0.317048619202454
1628576125000,0.31586448493827163
1628576155000,0.3112432741876149
1628576185000,0.31558604019429265
1628576215000,0.31396540500305065
1628576245000,0.3136027348923077
1628576275000,0.3122451892746435
1628576305000,0.3096540174044876
1628576335000,0.31664983067484664
1628576365000,0.3219481291944276
1628576395000,0.3127213762224939
1628576425000,0.3148647068181818
1628576455000,0.3131115673723537
1628576485000,0.31629741143889223
1628576515000,0.3164270666870043
1628576545000,0.3177105795843521
1628576575000,0.3123328939486553
1628576605000,0.3133741565693431
1628576635000,0.31069821252313384
1628576665000,0.3121747794996949
1628576695000,0.3226162269254467
1628576725000,0.3162828113831089
1628576755000,0.3134493548347613
1628576785000,0.3164751789603961
1628576815000,0.31855293925518924
1628576845000,0.31745951294832825
1628576875000,0.3166433622910217
1628576905000,0.31447415337796714
1628576935000,0.31672884892835274
1628576965000,0.312807462033068
1628576995000,0.3171529609500309
1628577025000,0.3128823033557047
1628577055000,0.32315764984746803
1628577085000,0.3115680786845311
1628577115000,0.3149580292861501
1628577145000,0.31227100878584496
1628577175000,0.3093871960687961
1628577205000,0.3162636889768575
1628577235000,0.3163088006836545
1628577265000,0.3168251542021924
1628577295000,0.3148332124771759
1628577325000,0.3180405903703704
1628577355000,0.3184380703817734
1628577385000,0.31226039895769464
1628577415000,0.3118338249385749
1628577445000,0.312563701908867
1628577475000,0.31696337652495377
1628577505000,0.3151292362745098
1628577535000,0.31275800178681457
1628577565000,0.3123711570477919
1628577595000,0.30835001710286064
1628577625000,0.3224905243768997
1628577655000,0.31877478499073497
1628577685000,0.31292667891791043
1628577715000,0.3201219542573027
1628577745000,0.3146438073110285
1628577775000,0.3112384807881773
1628577805000,0.3114656267825045
1628577835000,0.31294375350396103
1628577865000,0.3130347786641929
1628577895000,0.3123878672
1628577925000,0.3124291091133005
1628577955000,0.3130289850828729
1628577985000,0.3113510222910217
1628578015000,0.3123307868307693
1628578045000,0.32196050467404674
1628578075000,0.3112525503956178
1628578105000,0.3146556996334759
1628578135000,0.3178744162931557
1628578165000,0.3129111293103448
1628578195000,0.3166176779411765
1628578225000,0.3141008343577136
1628578255000,0.3152440597426471
1628578285000,0.3121018889361702
1628578315000,0.3216962907464528
1628578345000,0.3172307504024768
1628578375000,0.31185774661280297
1628578405000,0.3105451725943971
1628578435000,0.3116321337378641
1628578465000,0.3126473498136646
1628578495000,0.3125798301818182
1628578525000,0.3105411191646192
1628578555000,0.31262158073671503
1628578585000,0.31573292415280346
1628578615000,0.3188849463203463
1628578645000,0.31863656308557153
1628578675000,0.31091309975786924
1628578705000,0.31602155554187195
1628578735000,0.3112829878336437
1628578765000,0.31660578365735115
1628578795000,0.28992220854700856
1628578825000,0.31567635709134617
1628578855000,0.31417898691131496
1628578885000,0.3105978239902081
1628578915000,0.3142190854014599
1628578945000,0.3158784509888752
1628578975000,0.3134898302955665
1628579005000,0.31438086390243897
1628579035000,0.3119445060292326
1628579065000,0.3109026737644905
1628579095000,0.3171721846625767
1628579125000,0.3142706677771048
1628579155000,0.31253332657299937
1628579185000,0.31197751336206897
1628579215000,0.31169992527405604
1628579245000,0.31347649687116563
1628579275000,0.3119405185185185
1628579305000,0.31665813822276323
1628579335000,0.3137294328988206
1628579365000,0.3118692499076923
1628579395000,0.3166700020496894
1628579425000,0.316314869857937
1628579455000,0.3131181015216068
1628579485000,0.3136032060270603
1628579515000,0.3119064545287637
1628579545000,0.3189204394720688
1628579575000,0.3110663344680851
1628579605000,0.31537987821901325
1628579635000,0.3157930186060606
1628579665000,0.3161823531559406
1628579695000,0.31107209009174314
1628579725000,0.31227977350216185
1628579755000,0.31514797741935485
1628579785000,0.3170871731812577
1628579815000,0.31617024785539216
1628579845000,0.3161204512851897
1628579875000,0.3122615543881335
1628579905000,0.3148279155109489
1628579935000,0.3116667874456184
1628579965000,0.31015300712111993
1628579995000,0.31721696035928143
1628580025000,0.3123654345297029
1628580055000,0.30974256851168513
1628580085000,0.31242601776155715
1628580115000,0.311958070388649
1628580145000,0.312151015314216
1628580175000,0.3134851828002414
1628580205000,0.3172403090745192
1628580235000,0.3108120068319226
1628580265000,0.31498901254635353
1628580295000,0.3108243237037037
1628580325000,0.31744631941505913
1628580355000,0.3125781847467968
1628580385000,0.31436041988847585
1628580415000,0.3170176203192143
1628580445000,0.31058911780738946
1628580475000,0.3173412659781288
1628580505000,0.3137938925903245
1628580535000,0.3155302458937198
1628580565000,0.3135874926814268
1628580595000,0.318031890316687
1628580625000,0.3157448832004905
1628580655000,0.3113067672413793
1628580685000,0.3122769801111797
1628580715000,0.31239727815384616
1628580745000,0.3170729947172157
1628580775000,0.3107451954268293
1628580805000,0.3117095581222977
1628580835000,0.3143791871028037
1628580865000,0.3209851013431013
1628580895000,0.3169716072942643
1628580925000,0.3156454759975445
1628580955000,0.312274343730698
1628580985000,0.3206795818348624
1628581015000,0.31642707924984875
1628581045000,0.3116305168689321
1628581075000,0.31155189520590043
1628581105000,0.3130965516990291
1628581135000,0.30953863918022906
1628581165000,0.31449959387019233
1628581195000,0.3148687032258065
1628581225000,0.3123210301461632
1628581255000,0.3152871475379939
1628581285000,0.3151531397902529
1628581315000,0.3111388726769231
1628581345000,0.317110775531269
1628581375000,0.31228394403391885
1628581405000,0.3095959204938272
1628581435000,0.3165301372933252
1628581465000,0.3168707101571947
1628581495000,0.3142080053406998
1628581525000,0.3152223954151177
1628581555000,0.31736066719033235
1628581585000,0.31507811456009915
1628581615000,0.307191256638756
1628581645000,0.3111993782424242
1628581675000,0.3093946131868132
1628581705000,0.312518025
1628581735000,0.3111133733538461
1628581765000,0.312859733250774
1628581795000,0.3125276745207174
1628581825000,0.3117260375380865
1628581855000,0.31226857521058965
1628581885000,0.31624740516516514
1628581915000,0.31844597764127763
1628581945000,0.3167014927733169
1628581975000,0.3113424063752277
1628582005000,0.3169618355733662
1628582035000,0.3101688987218503
1628582065000,0.317690536
1628582095000,0.3181234533700981
1628582125000,0.31539857067714633
1628582155000,0.31549678303626305
1628582185000,0.3132273826140567
1628582215000,0.30956430182260025
1628582245000,0.3096228710799268
1628582275000,0.3117831829981719
1628582305000,0.3161671462940462
1628582335000,0.3161165617313433
1628582365000,0.3125417617343845
1628582395000,0.3113788958003652
1628582425000,0.3197114073849879
1628582455000,0.3197290398192771
1628582485000,0.3128214029684601
1628582515000,0.31185904037151696
1628582545000,0.32023272950920245
1628582575000,0.3126238349693252
1628582605000,0.3159906599250936
1628582635000,0.3147572254589963
1628582665000,0.3166563063921328
1628582695000,0.31092629477566075
1628582725000,0.31194470840895344
1628582755000,0.3097986934545455
1628582785000,0.3141168648125756
1628582815000,0.3157410193606755
1628582845000,0.3150248543412265
1628582875000,0.3144453187878788
1628582905000,0.3125089983415233
1628582935000,0.31653152247397426
1628582965000,0.3201157673088875
1628582995000,0.30866596419902914
1628583025000,0.3171294831781502
1628583055000,0.3108366659876543
1628583085000,0.31141053190564866
1628583115000,0.314173105507956
1628583145000,0.3157855814996927
1628583175000,0.3187513335388409
1628583205000,0.3209403551915946
1628583235000,0.31506173329215564
1628583265000,0.3217419142681427
1628583295000,0.31407685649509803
1628583325000,0.3137902450339297
1628583355000,0.31135038476780186
1628583385000,0.31271272682775714
1628583415000,0.3133136767225326
1628583445000,0.3155255273743017
1628583475000,0.3165645662584201
1628583505000,0.3149889213544844
1628583535000,0.31236840391198045
1628583565000,0.31149766026894865
1628583595000,0.3118253305882353
1628583625000,0.3160474990797546
1628583655000,0.3095029304477612
1628583685000,0.3124289152615385
1628583715000,0.3133051244568591
1628583745000,0.3156860169730392
1628583775000,0.3124260506398537
1628583805000,0.31549450591133005
1628583835000,0.31421428455836936
1628583865000,0.31447155501858737
1628583895000,0.314393651232712
1628583925000,0.3123881116923077
1628583955000,0.31732521863354035
1628583985000,0.3142013193428394
1628584015000,0.30940835506982395
1628584045000,0.31579072489296633
1628584075000,0.31204079896151504
1628584105000,0.3166376908024691
1628584135000,0.3149678235872236
1628584165000,0.3120268894060012
1628584195000,0.3151994293365794
1628584225000,0.3143134172121212
1628584255000,0.3122944090350338
1628584285000,0.3124572587878788
1628584315000,0.3111812193230769
1628584345000,0.31193335110977805
1628584375000,0.3126714166975881
1628584405000,0.3151568085942296
1628584435000,0.3105956842105263
1628584465000,0.3123498114480198
1628584495000,0.3130365661280298
1628584525000,0.3136660810712112
1628584555000,0.3125596639628483
1628584585000,0.31148588795328824
1628584615000,0.3125306807906115
1628584645000,0.3159273901709402
1628584675000,0.3122083527305825
1628584705000,0.30885730671960904
1628584735000,0.321627099330493
1628584765000,0.3169670935985084
1628584795000,0.3113561360645562
1628584825000,0.3175543014084507
1628584855000,0.3170737472772277
1628584885000,0.31223785488029465
1628584915000,0.3137313409259259
1628584945000,0.3197568745972739
1628584975000,0.3126189135582822
1628585005000,0.3119625872353297
1628585035000,0.3109892421149144
1628585065000,0.313642434114744
1628585095000,0.3136480368072289
1628585125000,0.3185642909426987
1628585155000,0.3117241076781327
1628585185000,0.3117987522811344
1628585215000,0.3112995050900062
1628585245000,0.3133739152386781
1628585275000,0.3127036338442673
1628585305000,0.31679102253258845
1628585335000,0.2567873927483242
1628585365000,0.31650402989627824
1628585395000,0.315136168627451
1628585425000,0.3114056827754108
1628585455000,0.3109929420111043
1628585485000,0.3164566315184513
1628585515000,0.3139770873333333
1628585545000,0.31098181014760146
1628585575000,0.320444487112462
1628585605000,0.3122959675108091
1628585635000,0.3140480391891892
1628585665000,0.3149224686893204
1628585695000,0.3116645183252427
1628585725000,0.3174369439114391
1628585755000,0.31249584740378744
1628585785000,0.3119134491054905
1628585815000,0.3140566317989097
1628585845000,0.3112915243707796
1628585875000,0.3194836442002442
1628585905000,0.3203439346976176
1628585935000,0.3164545043990087
1628585965000,0.3130901527520099
1628585995000,0.31701006613102595
1628586025000,0.31832897657492354
1628586055000,0.31282548066298344
1628586085000,0.3192261305521472
1628586115000,0.3159119094859241
1628586145000,0.3098745916971917
1628586175000,0.3122676230392157
1628586205000,0.3132935267477204
1628586235000,0.3170529752891053
1628586265000,0.3137023102803738
1628586295000,0.3137552968427444
1628586325000,0.3167062286063569
1628586355000,0.3111142429181929
1628586385000,0.3105855262048193
1628586415000,0.3120192251382913
1628586445000,0.3130652799393939
1628586475000,0.3110359961094225
1628586505000,0.31672892095588234
1628586535000,0.31165813941427695
1628586565000,0.3179190194805195
1628586595000,0.3145122839108911
1628586625000,0.3142465110285006
1628586655000,0.3178998163252638
1628586685000,0.3178016804570054
1628586715000,0.3166500962825279
1628586745000,0.31320575647980714
1628586775000,0.31672625915841585
1628586805000,0.3176098244080145
1628586835000,0.3110874531385954
1628586865000,0.3110925283464567
1628586895000,0.31304060167701864
1628586925000,0.3159413372799029
1628586955000,0.31398700755064457
1628586985000,0.31294993174311925
1628587015000,0.3115580477466504
1628587045000,0.3152392003699137
1628587075000,0.31265309885265696
1628587105000,0.3155612007850241
1628587135000,0.3139997480567551
1628587165000,0.31230824696132603
1628587195000,0.3118130424522489
1628587225000,0.31889146454767725
1628587255000,0.3125902180158247
1628587285000,0.3166906545454545
1628587315000,0.31657547993883794
1628587345000,0.3109994669330055
1628587375000,0.3143010033561218
1628587405000,0.3175549717496962
1628587435000,0.3103651670516717
1628587465000,0.31414989337871285
1628587495000,0.3130776444512569
1628587525000,0.3150900077681874
1628587555000,0.3125336521212121
1628587585000,0.3122419848039216
1628587615000,0.31034790860927153
1628587645000,0.3200230602714374
1628587675000,0.3208929180135719
1628587705000,0.3182713408754624
1628587735000,0.31227571294400963
1628587765000,0.31171388935912936
1628587795000,0.3179240534440345
1628587825000,0.3163964081707317
1628587855000,0.3075625862553452
1628587885000,0.31116267062807884
1628587915000,0.3158426173170732
1628587945000,0.3170260836870831
1628587975000,0.3120930481617647
1628588005000,0.3153034650676507
1628588035000,0.31389869665634673
1628588065000,0.3123217774630542
1628588095000,0.30950574044253226
1628588125000,0.31870529045257284
1628588155000,0.31303148118148605
1628588185000,0.316395430550402
1628588215000,0.31483401368038744
1628588245000,0.31448254375
1628588275000,0.30982065642727824
1628588305000,0.3172544228675136
1628588335000,0.31204791094407697
1628588365000,0.3119499434542102
1628588395000,0.31470377822878226
1628588425000,0.31206034331713245
1628588455000,0.3134765216068168
1628588485000,0.3178780549627792
1628588515000,0.3125468092834891
1628588545000,0.31714050074165634
1628588575000,0.3122056329826733
1628588605000,0.3159667669305725
1628588635000,0.3161341710037175
1628588665000,0.3172802049636804
1628588695000,0.3132029290582404
1628588725000,0.31532560860681114
1628588755000,0.31898274297164003
1628588785000,0.3148330641809291
1628588815000,0.30911576534713764
1628588845000,0.31612685384615385
1628588875000,0.3166273456880734
1628588905000,0.3126103106765984
1628588935000,0.3122230133660331
1628588965000,0.3165908829615861
1628588995000,0.3186740732472325
1628589025000,0.3121879536900369
1628589055000,0.31280473274818404
1628589085000,0.3122046821232459
1628589115000,0.31465440084951457
1628589145000,0.313298391565534
1628589175000,0.3170434919554456
1628589205000,0.3124008288166769
1628589235000,0.3125428811778992
1628589265000,0.3125694710894705
1628589295000,0.3093885087560386
1628589325000,0.31583243666061706
1628589355000,0.32133774388314057
1628589385000,0.31835974443757725
1628589415000,0.3162869356484327
1628589445000,0.3140160550274223
1628589475000,0.3101425938423645
1628589505000,0.3119518595149254
1628589535000,0.3163695714632665
1628589565000,0.3143314511728395
1628589595000,0.31665056857490864
1628589625000,0.3213794875987842
1628589655000,0.31521371024390243
1628589685000,0.31904993452237
1628589715000,0.31585136774984673
1628589745000,0.2589356668310728
1628589775000,0.3123354842848373
1628589805000,0.3138802414147521
1628589835000,0.3140899730235365
1628589865000,0.3098019980487805
1628589895000,0.3225900869430693
1628589925000,0.3210169647023086
1628589955000,0.3168731336816226
1628589985000,0.3188436966236955
1628590015000,0.3122495294117647
1628590045000,0.3173777947400612
1628590075000,0.3110120065124772
1628590105000,0.3220281613276492
1628590135000,0.3143563884191177
1628590165000,0.31212698662103305
1628590195000,0.31375840308071473
1628590225000,0.31691436654478977
1628590255000,0.3131050606153846
1628590285000,0.3103610037446286
1628590315000,0.31898591378244745
1628590345000,0.3204656816043426
1628590375000,0.31246282342121395
1628590405000,0.3172353374770361
1628590435000,0.31195174545454546
1628590465000,0.31021975743651753
1628590495000,0.3121335962469733
1628590525000,0.3107064628518972
1628590555000,0.3154153477092242
1628590585000,0.3203963438574939
1628590615000,0.3163031010321797
1628590645000,0.3163272363692308
1628590675000,0.31150374443761525
1628590705000,0.3176605525122549
1628590735000,0.3148196648365207
1628590765000,0.3128265585546633
1628590795000,0.314801085940353
1628590825000,0.31206526165739024
1628590855000,0.3121846494464945
1628590885000,0.3176813521362229
1628590915000,0.3112327775198534
1628590945000,0.3173605428037383
1628590975000,0.31635091774094537
1628591005000,0.3155836490496628
1628591035000,0.31786300519877675
1628591065000,0.3150447822028625
1628591095000,0.3134494029411765
1628591125000,0.3182472739130435
1628591155000,0.3153923341269841
1628591185000,0.3233694818960245
1628591215000,0.3172949684592145
1628591245000,0.3142272237775061
1628591275000,0.31236540644963146
1628591305000,0.3232143859605912
1628591335000,0.31280624074299634
1628591365000,0.3146550019076923
1628591395000,0.3160558574324324
1628591425000,0.3110817465230769
1628591455000,0.31572681364764266
1628591485000,0.3121906835089895
1628591515000,0.3141914902836451
1628591545000,0.31047783768382353
1628591575000,0.3157739357798165
1628591605000,0.3185378737775061
1628591635000,0.3107205615242778
1628591665000,0.31145438954767724
1628591695000,0.3158492637707948
1628591725000,0.3133647634793337
1628591755000,0.31267239800498753
1628591785000,0.3115968830097087
1628591815000,0.3175564293544458
1628591845000,0.3181011479217604
1628591875000,0.3181851403454657
1628591905000,0.312191075399754
1628591935000,0.3113812696493349
1628591965000,0.31443727364576995
1628591995000,0.3125767196932515
1628592025000,0.3167231309202454
1628592055000,0.3107678412415489
1628592085000,0.3125260492834891
1628592115000,0.3138344656826568
1628592145000,0.3148727993272171
1628592175000,0.3115534197336562
1628592205000,0.3167210718404908
1628592235000,0.31150338257904525
1628592265000,0.3130530417076167
1628592295000,0.3144882116049383
1628592325000,0.3172843459127228
1628592355000,0.3140395381392483
1628592385000,0.3156859555076923
1628592415000,0.31531477490797544
1628592445000,0.30993472793846155
1628592475000,0.3197657802607076
1628592505000,0.3126359119875776
1628592535000,0.3131990132884262
1628592565000,0.31285689163591635
1628592595000,0.31215643194868664
1628592625000,0.3136738563614013
1628592655000,0.3115724834348356
1628592685000,0.3119480611524164
1628592715000,0.3174357192643392
1628592745000,0.3171604377139364
1628592775000,0.31708335834862383
1628592805000,0.3170789909146716
1628592835000,0.31728358983890953
1628592865000,0.31158268912386705
1628592895000,0.3155974552615385
1628592925000,0.32145005959409595
1628592955000,0.3158339661989017
1628592985000,0.317350520123839
1628593015000,0.31243956207317075
1628593045000,0.3123429101422387
1628593075000,0.31242484547692306
1628593105000,0.31643615496688743
1628593135000,0.3122756877094972
1628593165000,0.3165188662591687
1628593195000,0.3148623565821256
1628593225000,0.31059738445121954
1628593255000,0.31297299401122897
1628593285000,0.3152748505740181
1628593315000,0.31827204795856184
1628593345000,0.31939755587144625
1628593375000,0.3137685966257669
1628593405000,0.31194473051157123
1628593435000,0.3124601405455673
1628593465000,0.3129117839087546
1628593495000,0.31432576103030296
1628593525000,0.3117007314389359
1628593555000,0.3187523351204819
1628593585000,0.3147025367737948
1628593615000,0.3125589078637771
1628593645000,0.3158523152718387
1628593675000,0.3230225113345521
1628593705000,0.31626605462287105
1628593735000,0.3149825085003036
1628593765000,0.3103753792935445
1628593795000,0.3177867073755378
1628593825000,0.3149889804562269
1628593855000,0.31158003154689395
1628593885000,0.31516415970873785
1628593915000,0.3149658909529553
1628593945000,0.31358736691266914
1628593975000,0.3148729962252475
1628594005000,0.3124423062655087
1628594035000,0.3074891753649635
1628594065000,0.3207686413688673
1628594095000,0.3170930348391089
1628594125000,0.3088907734932349
1628594155000,0.3130654503980404
1628594185000,0.3218893818404908
1628594215000,0.3169775518765133
1628594245000,0.31681181540803904
1628594275000,0.31246286358062536
1628594305000,0.3119043868802902
1628594335000,0.3169509417937767
1628594365000,0.3159057660912454
1628594395000,0.312620807820197
1628594425000,0.31582209987871435
1628594455000,0.3134874863157895
1628594485000,0.3156806111862323
1628594515000,0.3162404553903346
1628594545000,0.31249277432762834
1628594575000,0.31912890120918985
1628594605000,0.3141745076363636
1628594635000,0.3126761652495379
1628594665000,0.3109911245145631
1628594695000,0.3192999939766441
1628594725000,0.3151073179564692
1628594755000,0.3177562625379478
1628594785000,0.31680405563035496
1628594815000,0.3131253271437384
1628594845000,0.31700095721212124
1628594875000,0.31088971269554755
1628594905000,0.3121909851102941
1628594935000,0.3171598934234788
1628594965000,0.3113641017512077
1628594995000,0.3109664586018237
1628595025000,0.31195618341463416
1628595055000,0.31650758924862554
1628595085000,0.3116641952063107
1628595115000,0.3191529235767327
1628595145000,0.3113757303604154
1628595175000,0.3189978535867566
1628595205000,0.31408692791563275
1628595235000,0.31737101001228496
1628595265000,0.3112381838118509
1628595295000,0.3081365954189271
1628595325000,0.3128694489204195
1628595355000,0.3123481973945409
1628595385000,0.3182548773284314
1628595415000,0.3144972171723301
1628595445000,0.3120571284916201
1628595475000,0.3153929500605327
1628595505000,0.3194932016574585
1628595535000,0.3140222577017115
1628595565000,0.3159470269446173
1628595595000,0.31133399803439804
1628595625000,0.31450725633293125
1628595655000,0.3225344260895884
1628595685000,0.31351232618900554
1628595715000,0.31222484414135154
1628595745000,0.31605789969567866
1628595775000,0.31114691236923075
1628595805000,0.3155891307926829
1628595835000,0.3126406434596577
1628595865000,0.3113097144009932
1628595895000,0.3136996498757764
1628595925000,0.3215872011677935
1628595955000,0.31518972484737484
1628595985000,0.31315382569832395
1628596015000,0.32039328871763256
1628596045000,0.3176680806769231
1628596075000,0.317653624771202
1628596105000,0.3165374957433683
1628596135000,0.3178455258944815
1628596165000,0.3136283299817185
1628596195000,0.3143657840320592
1628596225000,0.3119389947270472
1628596255000,0.3131650509561999
1628596285000,0.31647224379915306
1628596315000,0.3105607818181818
1628596345000,0.3120614456797583
1628596375000,0.3187180851851852
1628596405000,0.3163323763914373
1628596435000,0.3157490273288094
1628596465000,0.31208340179012345
1628596495000,0.31255896763285024
1628596525000,0.31338196079754604
1628596555000,0.3143707760725076
1628596585000,0.2607917588271605
1628596615000,0.2492351983081571
1628596645000,0.3042910216101695
1628596675000,0.3136676929491109
1628596705000,0.3185959898594991
1628596735000,0.3140530967364532
1628596765000,0.3183567200745805
1628596795000,0.3186105847374847
1628596825000,0.3165871809876543
1628596855000,0.3137675699816961
1628596885000,0.31081138727050184
1628596915000,0.3171189589351285
1628596945000,0.3171991683137739
1628596975000,0.3116843404294479
1628597005000,0.3148074026911315
1628597035000,0.3216044111453202
1628597065000,0.31249459945421465
1628597095000,0.31239096487322204
1628597125000,0.3200789144094001
1628597155000,0.3105401475429975
1628597185000,0.31774865412275266
1628597215000,0.323041645302843
1628597245000,0.3177922502472188
1628597275000,0.3137204250447227
1628597305000,0.320098296393643
1628597335000,0.31089853248330296
1628597365000,0.3112451758282209
1628597395000,0.3114168631288344
1628597425000,0.3166011050216987
1628597455000,0.3107243992565056
1628597485000,0.31539535166256155
1628597515000,0.31134047844827584
1628597545000,0.3148078431203931
1628597575000,0.3177411510493827
1628597605000,0.3209078812883436
1628597635000,0.31559108681454096
1628597665000,0.3131042843462247
1628597695000,0.3150979392169049
1628597725000,0.3180807451090343
1628597755000,0.3120091203523694
1628597785000,0.3139208989240885
1628597815000,0.3152990907178218
1628597845000,0.3197499343883141
1628597875000,0.3149341669914738
1628597905000,0.3169480348484848
1628597935000,0.3112710019323672
1628597965000,0.3197544270156438
1628597995000,0.3128538898096992
1628598025000,0.3138014497840839
1628598055000,0.3116142468392535
1628598085000,0.313574181242236
1628598115000,0.3190171866828087
1628598145000,0.3150904264069264
1628598175000,0.3093143465923172
1628598205000,0.3174152954296161
1628598235000,0.3144565463759213
1628598265000,0.3198394099382716
1628598295000,0.31518612444168737
1628598325000,0.3175387846387371
1628598355000,0.3226053994475138
1628598385000,0.3193072169230769
1628598415000,0.35614489019124
1628598445000,0.31499044948202315
1628598475000,0.3156109404704463
1628598505000,0.3121193382807669
1628598535000,0.31504972134411946
1628598565000,0.3164848594379963
1628598595000,0.32432110245549417
1628598625000,0.31660076881851396
1628598655000,0.31293016063569684
1628598685000,0.3175768226658477
1628598715000,0.3146389168704157
1628598745000,0.31428224418181816
1628598775000,0.31513573689969604
1628598805000,0.3129119630702836
1628598835000,0.31379210606060604
1628598865000,0.3170316932960894
1628598895000,0.31724106697360344
1628598925000,0.3124539702519976
1628598955000,0.3157421920098341
1628598985000,0.3137511991651759
1628599015000,0.3145860106134969
1628599045000,0.3085645240774349
1628599075000,0.31622895738109946
1628599105000,0.312452625950513
1628599135000,0.32211303093480936
1628599165000,0.3189459277812306
1628599195000,0.3155840753525445
1628599225000,0.324379886002445
1628599255000,0.3157058003678725
1628599285000,0.31792481321803584
1628599315000,0.3158492530674847
1628599345000,0.3185585491722869
1628599375000,0.3208377611281422
1628599405000,0.31479125383670964
1628599435000,0.3120439650609756
1628599465000,0.3165743721118012
1628599495000,0.31908108697247706
1628599525000,0.31299177553912505
1628599555000,0.31855071712877386
1628599585000,0.3122817517512077
1628599615000,0.3133736955187231
1628599645000,0.3185340960469425
1628599675000,0.3155785980887793
1628599705000,0.3119485929317763
1628599735000,0.3123804916359164
1628599765000,0.31284766266334785
1628599795000,0.3180356086609337
1628599825000,0.3161147106088005
1628599855000,0.3188739822639225
1628599885000,0.3183683589142505
1628599915000,0.32190835209876545
1628599945000,0.3200400490111249
1628599975000,0.31571059408536584
1628600005000,0.3170971011056511
1628600035000,0.32042049103194103
1628600065000,0.3151313640221402
1628600095000,0.3178052520846297
1628600125000,0.3167440668535825
1628600155000,0.3166498587064677
1628600185000,0.31694855
1628600215000,0.3165406401352182
1628600245000,0.3179829606796116
1628600275000,0.3088868150909091
1628600305000,0.3105020790540541
1628600335000,0.31084999537892793
1628600365000,0.3167559500928793
1628600395000,0.3219048744615385
1628600425000,0.3123087694749695
1628600455000,0.3178698364480198
1628600485000,0.3155039170820669
1628600515000,0.3151605636977887
1628600545000,0.31390277243707804
1628600575000,0.3129967302211302
1628600605000,0.31370423787599755
1628600635000,0.3111350427345187
1628600665000,0.3171778705412054
1628600695000,0.3111806608272506
1628600725000,0.31612777639751555
1628600755000,0.31279921685185186
1628600785000,0.3103196194987775
1628600815000,0.3151433213185459
1628600845000,0.30771717397343
1628600875000,0.31335252524096385
1628600905000,0.3147396011692308
1628600935000,0.31112376409173204
1628600965000,0.31528819638258737
1628600995000,0.3106563849475633
1628601025000,0.32007745789473685
1628601055000,0.3167074688534641
1628601085000,0.3128461277399381
1628601115000,0.31170675189718483
1628601145000,0.31448109737484736
1628601175000,0.3151267296250768
1628601205000,0.31231145843113034
1628601235000,0.3154851552905199
1628601265000,0.3168121071031501
1628601295000,0.31293535866093364
1628601325000,0.3133521007272727
1628601355000,0.3121428524100061
1628601385000,0.3143768435661765
1628601415000,0.3152511372392638
1628601445000,0.3130199142063002
1628601475000,0.31236130496277914
1628601505000,0.3122790322421248
1628601535000,0.3165209732965009
1628601565000,0.3193784223907767
1628601595000,0.3159718035452323
1628601625000,0.318982530702836
1628601655000,0.3127312823891625
1628601685000,0.3198996795930949
1628601715000,0.3151349014285714
1628601745000,0.3139374793776693
1628601775000,0.3158890355900621
1628601805000,0.3116248451810927
1628601835000,0.31563519110298605
1628601865000,0.31339754107031736
1628601895000,0.3122849702903027
1628601925000,0.3169187959319976
1628601955000,0.31735930183710964
1628601985000,0.31370842933657944
1628602015000,0.31166869759556104
1628602045000,0.3178240419950739
1628602075000,0.31724875157575755
1628602105000,0.313447930931677
1628602135000,0.3141773509135201
1628602165000,0.31515626103030303
1628602195000,0.31206655623471885
1628602225000,0.3131809006740196
1628602255000,0.3186183439755352
1628602285000,0.3206748724691358
1628602315000,0.31535772797330097
1628602345000,0.31515803542682924
1628602375000,0.31385560133657353
1628602405000,0.3160777334769231
1628602435000,0.3115432032535298
1628602465000,0.3171125859232176
1628602495000,0.3153713490208078
1628602525000,0.3135518468085106
1628602555000,0.3183958824667473
1628602585000,0.3180033918092909
1628602615000,0.3160653639414277
1628602645000,0.3194470915111379
1628602675000,0.3133808919901417
1628602705000,0.31096140006150064
1628602735000,0.3138020755757576
1628602765000,0.3186457847094801
1628602795000,0.3214134184729064
1628602825000,0.3107822555893074
1628602855000,0.3208863710638298
1628602885000,0.3190928615149664
1628602915000,0.3120020682775713
1628602945000,0.3135399982926829
1628602975000,0.3158240431763285
1628603005000,0.30703949198795183
1628603035000,0.3155494773470624
1628603065000,0.3144656751537515
1628603095000,0.3183051775322284
1628603125000,0.31363230980993256
1628603155000,0.3156341565406076
1628603185000,0.3175257570217917
1628603215000,0.3093069443896424
1628603245000,0.31479778171779144
1628603275000,0.3112727359703337
1628603305000,0.3185443937880633
1628603335000,0.3123157414004914
1628603365000,0.3199017680049413
1628603395000,0.3139965815611555
1628603425000,0.31602184302184466
1628603455000,0.3191799040049291
1628603485000,0.31564095294117644
1628603515000,0.3230411580545229
1628603545000,0.31218242887367764
1628603575000,0.3178753640700483
1628603605000,0.3159698526670754
1628603635000,0.3116393474628713
1628603665000,0.31716609969325155
1628603695000,0.32028422158536585
1628603725000,0.3151571772313297
1628603755000,0.311559716769802
1628603785000,0.3216475558912387
1628603815000,0.31254839895960834
1628603845000,0.316450993135436
1628603875000,0.3104376260315534
1628603905000,0.318648263910682
1628603935000,0.32065777964329645
1628603965000,0.3109203969072165
1628603995000,0.31726400193266835
1628604025000,0.3183694377128954
1628604055000,0.3186965095003085
1628604085000,0.31749050513447435
1628604115000,0.3134153576219512
1628604145000,0.312191232575292
1628604175000,0.314720340623091
1628604205000,0.3146422057230769
1628604235000,0.312784334620098
1628604265000,0.31349250375985444
1628604295000,0.31379528680048663
1628604325000,0.31524681244019137
1628604355000,0.31167000110565113
1628604385000,0.3113417322044335
1628604415000,0.3126090932598039
1628604445000,0.3131722668292683
1628604475000,0.3109491263575351
1628604505000,0.31784320232985896
1628604535000,0.31191071566848155
1628604565000,0.31584380801223244
1628604595000,0.3136870776266996
1628604625000,0.3154073052728387
1628604655000,0.3118929515911873
1628604685000,0.3201241086450031
1628604715000,0.3112688097290641
1628604745000,0.3110688915140415
1628604775000,0.31116336631644004
1628604805000,0.3136698158439976
1628604835000,0.31630288611620794
1628604865000,0.3205912706028589
1628604895000,0.3180860824034335
1628604925000,0.3128418844211823
1628604955000,0.3163678068965517
1628604985000,0.3161122481987578
1628605015000,0.3189527549031477
1628605045000,0.31853019697530865
1628605075000,0.3134140315498155
1628605105000,0.3126046852099817
1628605135000,0.3151810216626213
1628605165000,0.3146361880468269
1628605195000,0.31534826506097563
1628605225000,0.3119125262183837
1628605255000,0.3142760378130727
1628605285000,0.3140626040978593
1628605315000,0.3115639147342995
1628605345000,0.3133095511555278
1628605375000,0.31666971765432106
1628605405000,0.3132228382298709
1628605435000,0.3166968661954517
1628605465000,0.3124918330909091
1628605495000,0.3157106192546584
1628605525000,0.3122098547751078
1628605555000,0.3206467788532676
1628605585000,0.3150404715782984
1628605615000,0.3110271857230392
1628605645000,0.3114526901417129
1628605675000,0.3139900182095006
1628605705000,0.3153688023399015
1628605735000,0.3123375766769231
1628605765000,0.3185144869221411
1628605795000,0.3118529615898058
1628605825000,0.3111367486187845
1628605855000,0.31644441558753
1628605885000,0.31770853907203905
1628605915000,0.31450280079123555
1628605945000,0.3162297993268054
1628605975000,0.3202824529158993
1628606005000,0.31735220451219515
1628606035000,0.3144541401451028
1628606065000,0.3145416959657702
1628606095000,0.3136886573448064
1628606125000,0.3152979292682927
1628606155000,0.31725572607902736
1628606185000,0.31466630648259303
1628606215000,0.3205648147581139
1628606245000,0.3172658447335812
1628606275000,0.3159292655828221
1628606305000,0.3110382694852941
1628606335000,0.3168920110429448
1628606365000,0.3183343146642021
1628606395000,0.31543696524427955
1628606425000,0.3108364144533663
1628606455000,0.31192303698135904
1628606485000,0.318023648053528
1628606515000,0.31256734914320683
1628606545000,0.3117910789473684
1628606575000,0.312630696213532
1628606605000,0.3123516268307692
1628606635000,0.3101182864702345
1628606665000,0.31883007193939394
1628606695000,0.3103585353725015
1628606725000,0.3140790427787934
1628606755000,0.31255444230295565
1628606785000,0.31160510356046656
1628606815000,0.31408824434250765
1628606845000,0.3155513964504284
1628606875000,0.3109586599264706
1628606905000,0.3155626185705559
1628606935000,0.3160721888141809
1628606965000,0.3145603462723352
1628606995000,0.3137587461443553
1628607025000,0.31615782778804685
1628607055000,0.3155345605968332
1628607085000,0.31584865894409936
1628607115000,0.3168621124146493
1628607145000,0.31512522976629764
1628607175000,0.3178187349906774
1628607205000,0.32072788171253824
1628607235000,0.3113039857755978
1628607265000,0.3121861069385271
1628607295000,0.31095836961869616
1628607325000,0.3165407364741641
1628607355000,0.31317767125935164
1628607385000,0.3105824821052632
1628607415000,0.3115736066585956
1628607445000,0.3118978674129353
1628607475000,0.321173260123839
1628607505000,0.2569675004307692
1628607535000,0.3124633908866995
1628607565000,0.3158316157004831
1628607595000,0.312191120320197
1628607625000,0.312700251405868
1628607655000,0.3173517476837554
1628607685000,0.31892599792682924
1628607715000,0.3117339945155393
1628607745000,0.31482323022113023
1628607775000,0.31065666601226993
1628607805000,0.32181408304058146
1628607835000,0.3114953470660147
1628607865000,0.31343535833333336
1628607895000,0.3136568354545455
1628607925000,0.31210388009919404
1628607955000,0.3169745335343788
1628607985000,0.3113224783251232
1628608015000,0.319923057997558
1628608045000,0.31185982955936353
1628608075000,0.3118384366336633
1628608105000,0.3119082246421904
1628608135000,0.3217708567484663
1628608165000,0.3127109420668693
1628608195000,0.31121376400980993
1628608225000,0.3131142066503966
1628608255000,0.3136594560392397
1628608285000,0.3125174844458053
1628608315000,0.3172541781134402
1628608345000,0.3196222169108669
1628608375000,0.3157962692730605
1628608405000,0.3130807958687728
1628608435000,0.3111528936724566
1628608465000,0.31266873975609755
1628608495000,0.3129981505224339
1628608525000,0.317378790764526
1628608555000,0.3150332944512195
1628608585000,0.3248868030845157
1628608615000,0.3142939062233069
1628608645000,0.31435770680564074
1628608675000,0.3136709847560976
1628608705000,0.32198734785276073
1628608735000,0.31854997259167184
1628608765000,0.3126288320121951
1628608795000,0.3124220311373524
1628608825000,0.322469193296433
1628608855000,0.3121148420858896
1628608885000,0.32156461258358665
1628608915000,0.31521895498798075
1628608945000,0.31207790347773035
1628608975000,0.31228085156537755
1628609005000,0.3173702649478207
1628609035000,0.3137269105586249
1628609065000,0.3171526008604794
1628609095000,0.3198381740993789
1628609125000,0.3159051724969097
1628609155000,0.31377486862260656
1628609185000,0.3147582661585366
1628609215000,0.3163341828996283
1628609245000,0.3138595641929499
1628609275000,0.31127736443076925
1628609305000,0.3148874277305825
1628609335000,0.31373655
1628609365000,0.31140464759586123
1628609395000,0.3142034877236274
1628609425000,0.2502946990062112
1628609455000,0.2550087715511956
1628609485000,0.25261443913846154
1628609515000,0.3127819656058752
1628609545000,0.3086675146296296
1628609575000,0.3163181104607721
1628609605000,0.31658046865853656
1628609635000,0.3131604848466258
1628609665000,0.31374425531520395
1628609695000,0.31821736242990656
1628609725000,0.31955948244552057
1628609755000,0.3211987393300248
1628609785000,0.3187967818404908
1628609815000,0.31712935171553336
1628609845000,0.3156156279367012
1628609875000,0.3172946912399753
1628609905000,0.31347286433868976
1628609935000,0.3158976666666667
1628609965000,0.3186460417439703
1628609995000,0.3160105034376918
1628610025000,0.31630512040690506
1628610055000,0.3188332270573566
1628610085000,0.31588432294879704
1628610115000,0.31648733254658384
1628610145000,0.310683925248139
1628610175000,0.3105952811425061
1628610205000,0.3173759360172096
1628610235000,0.31098291783517834
1628610265000,0.3215187223659889
1628610295000,0.31670278614718617
1628610325000,0.3161329718559219
1628610355000,0.318000793603936
1628610385000,0.31237319559633026
1628610415000,0.3159425083484573
1628610445000,0.3117913083898828
1628610475000,0.31586322456140353
1628610505000,0.3166194277093596
1628610535000,0.30928307657492354
1628610565000,0.32019651105651104
1628610595000,0.3170660533126935
1628610625000,0.3176871891640867
1628610655000,0.31196857935323385
1628610685000,0.3167160968769137
1628610715000,0.3132607548029557
1628610745000,0.3120364420440637
1628610775000,0.31034828940600123
1628610805000,0.31974368862937924
1628610835000,0.31694793013530137
1628610865000,0.3123113638871858
1628610895000,0.3091923982402913
1628610925000,0.31388110707317074
1628610955000,0.31161017446286066
1628610985000,0.3125752209975369
1628611015000,0.31396407677141097
1628611045000,0.3145579437844458
1628611075000,0.3210909800863132
1628611105000,0.3126603492168675
1628611135000,0.3097749612745098
1628611165000,0.31627989163568776
1628611195000,0.3123966236842105
1628611225000,0.31655280018226
1628611255000,0.3154598864814815
1628611285000,0.3151763149875622
1628611315000,0.31644495707226683
1628611345000,0.3161908005586592
1628611375000,0.3113943461349693
1628611405000,0.31103175855466336
1628611435000,0.3116399848987109
1628611465000,0.3128052243226972
1628611495000,0.3148582104972376
1628611525000,0.3194732307549505
1628611555000,0.3128637103960396
1628611585000,0.32140292527472525
1628611615000,0.31874470765432106
1628611645000,0.3124055875699192
1628611675000,0.31086238553996337
1628611705000,0.3132315255771567
1628611735000,0.3116496613242574
1628611765000,0.3129510721341464
1628611795000,0.3172823745646766
1628611825000,0.3119501994447872
1628611855000,0.3165918463642013
1628611885000,0.31790389124846996
1628611915000,0.31906747055214724
1628611945000,0.313173554224924
1628611975000,0.31631465835380834
1628612005000,0.31184370461538463
1628612035000,0.31272098469575904
1628612065000,0.31192233053341506
1628612095000,0.3159779655576094
1628612125000,0.3122731649815043
1628612155000,0.31766295584652865
1628612185000,0.3122034164656212
1628612215000,0.3100733343329253
1628612245000,0.31137109193349755
1628612275000,0.3147410076593137
1628612305000,0.31084720086419754
1628612335000,0.3121015112195122
1628612365000,0.3177902899128269
1628612395000,0.31463692621538464
1628612425000,0.31382811295496604
1628612455000,0.315773918401937
1628612485000,0.3197716677339901
1628612515000,0.313403314504284
1628612545000,0.3183152311965812
1628612575000,0.3134332069810165
1628612605000,0.31203038055555554
1628612635000,0.3138578550945699
1628612665000,0.3169415516840172
1628612695000,0.3169858482098765
1628612725000,0.3131349799132052
1628612755000,0.3137055003678725
1628612785000,0.312067560617284
1628612815000,0.310184183931832
1628612845000,0.315335983028083
1628612875000,0.31746320342507645
1628612905000,0.3169514441803778
1628612935000,0.3115504457335789
1628612965000,0.31781264882571075
1628612995000,0.31312463397706697
1628613025000,0.31762468319070897
1628613055000,0.3097106720500596
1628613085000,0.3119759266707169
1628613115000,0.31141572416311625
1628613145000,0.31526063626373624
1628613175000,0.3125147162576687
1628613205000,0.3119596445273632
1628613235000,0.3143800744785276
1628613265000,0.3140214684146341
1628613295000,0.31413977185592185
1628613325000,0.3126688510403917
1628613355000,0.3148385570030581
1628613385000,0.3196588870192308
1628613415000,0.3176323533333333
1628613445000,0.31178261541795665
1628613475000,0.31671397239679605
1628613505000,0.31241741858461536
1628613535000,0.3134058574085555
1628613565000,0.3201677864083641
1628613595000,0.3143089765749236
1628613625000,0.3173422350030175
1628613655000,0.319328490847248
1628613685000,0.3185501177860697
1628613715000,0.3185512295232274
1628613745000,0.3140521793583535
1628613775000,0.3096894373398414
1628613805000,0.31515255273972603
1628613835000,0.3106172011145511
1628613865000,0.3160265809230769
1628613895000,0.31671207392638034
1628613925000,0.3181355748311848
1628613955000,0.3112515909258124
1628613985000,0.3183697643515673
1628614015000,0.31389977741336633
1628614045000,0.3196058228448276
1628614075000,0.3171257052631579
1628614105000,0.31801332021924483
1628614135000,0.3143928987257282
1628614165000,0.31668530367601244
1628614195000,0.3128234273514852
1628614225000,0.3150761283866995
1628614255000,0.3113600219211823
1628614285000,0.3130845902068127
1628614315000,0.3138694552038953
1628614345000,0.3128071340785499
1628614375000,0.3110570606227106
1628614405000,0.31456076822948803
1628614435000,0.3122586317401961
1628614465000,0.3199642670870871
1628614495000,0.3184811383950617
1628614525000,0.3182253307926829
1628614555000,0.3156008316728167
1628614585000,0.3181089565934066
1628614615000,0.3113903604166667
1628614645000,0.3137205085454545
1628614675000,0.31253691323891625
1628614705000,0.3138187831208257
1628614735000,0.3166503093577981
1628614765000,0.30445274672029704
1628614795000,0.3140442722704715
1628614825000,0.3129444469724771
1628614855000,0.3139376800735745
1628614885000,0.3172934643521389
1628614915000,0.31090839728395064
1628614945000,0.31167166547330105
1628614975000,0.3102013343558282
1628615005000,0.3111515472540736
1628615035000,0.31883098194528875
1628615065000,0.31254865683229816
1628615095000,0.32298307149041433
1628615125000,0.3212373578624079
1628615155000,0.3195635081445193
1628615185000,0.31211630759338643
1628615215000,0.3108112100243013
1628615245000,0.3160475723821188
1628615275000,0.31107025612431444
1628615305000,0.31967528439628484
1628615335000,0.3185481530127815
1628615365000,0.32176331716012085
1628615395000,0.3122326744029394
1628615425000,0.31385882285714284
1628615455000,0.3121264684567901
1628615485000,0.3111696749698432
1628615515000,0.31147533985463355
1628615545000,0.3105461161609907
1628615575000,0.3108862458485959
1628615605000,0.3131957042435424
1628615635000,0.3161160094468614
1628615665000,0.3098619207331731
1628615695000,0.3127429551724138
1628615725000,0.31238752588454377
1628615755000,0.3123375231008717
1628615785000,0.3137998378328173
1628615815000,0.3176575638118215
1628615845000,0.3121715069385271
1628615875000,0.3105302881114551
1628615905000,0.3127762736297199
1628615935000,0.3146151960195958
1628615965000,0.3207829839393939
1628615995000,0.3167988961841308
1628616025000,0.3208727278153846
1628616055000,0.3146016645833333
1628616085000,0.3177576704199635
1628616115000,0.3131445236419753
1628616145000,0.31659861401468786
1628616175000,0.3123684676923077
1628616205000,0.3116109502469136
1628616235000,0.3129520808043876
1628616265000,0.31133233201970445
1628616295000,0.3113110980840544
1628616325000,0.3139597400859423
1628616355000,0.3120762576852419
1628616385000,0.3152700821514423
1628616415000,0.3195031331689273
1628616445000,0.3187314721986675
1628616475000,0.316736358488228
1628616505000,0.3119434864551556
1628616535000,0.31308368808227466
1628616565000,0.31209679001814883
1628616595000,0.3180636620947631
1628616625000,0.3168103658858859
1628616655000,0.31408693445273633
1628616685000,0.31796927689486554
1628616715000,0.3103267243712575
1628616745000,0.3191748418632789
1628616775000,0.3106151657279808
1628616805000,0.31535333214505223
1628616835000,0.31368688418114143
1628616865000,0.3092230207706201
1628616895000,0.3166910495721271
1628616925000,0.31274779636475664
1628616955000,0.31086354644808745
1628616985000,0.3118929830085262
1628617015000,0.31727512721712536
1628617045000,0.2501717484146341
1628617075000,0.25072468013406457
1628617105000,0.3128288349331713
1628617135000,0.2551272348438457
1628617165000,0.31133990424876845
1628617195000,0.31259662836275104
1628617225000,0.3148266220706757
1628617255000,0.3147041266585514
1628617285000,0.32134298894993896
1628617315000,0.3140950908359133
1628617345000,0.3157397101041029
1628617375000,0.3149420659653465
1628617405000,0.3149320778869779
1628617435000,0.31056325659104844
1628617465000,0.3160095696581197
1628617495000,0.3191390073006135
1628617525000,0.3110800393162393
1628617555000,0.3154924227412416
1628617585000,0.31491922754601226
1628617615000,0.3184388530349479
1628617645000,0.3134815410790926
1628617675000,0.31226767538747674
1628617705000,0.3167920121212121
1628617735000,0.3158926353651177
1628617765000,0.3120592487955528
1628617795000,0.31389685595092026
1628617825000,0.3121139437461867
1628617855000,0.3118727702786377
1628617885000,0.3117375338573156
1628617915000,0.3104580748623853
1628617945000,0.31243897988963826
1628617975000,0.2530138644825475
1628618005000,0.2556608729563614
1628618035000,0.31046568360957644
1628618065000,0.2529421964242424
1628618095000,0.3120075058389674
1628618125000,0.3103642590632603
1628618155000,0.3184837248029109
1628618185000,0.31890723271604937
1628618215000,0.3147525007416564
1628618245000,0.3117667440749698
1628618275000,0.3111155985347985
1628618305000,0.31034524809667674
1628618335000,0.31496398057422115
1628618365000,0.3122889396541075
1628618395000,0.3130000300982801
1628618425000,0.32452657471980073
1628618455000,0.3172744709338281
1628618485000,0.31741869919504645
1628618515000,0.31298358303626306
1628618545000,0.3122494930147059
1628618575000,0.31229485342804203
1628618605000,0.31656189907692306
1628618635000,0.3119663608536585
1628618665000,0.3143913354090354
1628618695000,0.3108721029393754
1628618725000,0.31434280930232555
1628618755000,0.31241168933169833
1628618785000,0.3173480921164342
1628618815000,0.31868493129539954
1628618845000,0.3139196927217125
1628618875000,0.3147619856797583
1628618905000,0.3181413116923077
1628618935000,0.3230020848093481
1628618965000,0.3122246786732796
1628618995000,0.3141094917833232
1628619025000,0.3104445398284314
1628619055000,0.3119437963122311
1628619085000,0.3124049943592888
1628619115000,0.3108264642162819
1628619145000,0.31337660477964
1628619175000,0.3185845001838235
1628619205000,0.3119067016918429
1628619235000,0.3173014534355828
1628619265000,0.3162025272286234
1628619295000,0.3114628356215213
1628619325000,0.3127903353448276
1628619355000,0.3117251134438306
1628619385000,0.3122129304692261
1628619415000,0.3216445668681983
1628619445000,0.31153768601355514
1628619475000,0.3166595336191059
1628619505000,0.3155746186419753
1628619535000,0.3175784293645897
1628619565000,0.3156148294512195
1628619595000,0.3177217534869618
1628619625000,0.31076360898131405
1628619655000,0.3168309477356181
1628619685000,0.3120615874691358
1628619715000,0.3122277395885287
1628619745000,0.3128522178415471
1628619775000,0.3176642257481297
1628619805000,0.3154754263480392
1628619835000,0.3148056409175449
1628619865000,0.3121045686394143
1628619895000,0.3119351674275139
1628619925000,0.314676087245841
1628619955000,0.3177548264339152
1628619985000,0.3144399970861748
1628620015000,0.31238903554616776
1628620045000,0.3115501905998763
1628620075000,0.31284199585652445
1628620105000,0.31264566086427265
1628620135000,0.3139293887804878
1628620165000,0.3180326084411583
1628620195000,0.3115909797305573
1628620225000,0.3148660898159509
1628620255000,0.31152173768292685
1628620285000,0.31287557726723103
1628620315000,0.3153274863803681
1628620345000,0.3176636130141191
1628620375000,0.305657786333534
1628620405000,0.3126127557275542
1628620435000,0.3141136266993264
1628620465000,0.31834758597673
1628620495000,0.31218890327471194
1628620525000,0.313052799252802
1628620555000,0.31100392951022937
1628620585000,0.31764014286581665
1628620615000,0.31400102411042946
1628620645000,0.3127179884474328
1628620675000,0.3207698077399381
1628620705000,0.3100350274521531
1628620735000,0.3105010951911221
1628620765000,0.3119582551070336
1628620795000,0.31720279259036144
1628620825000,0.3150013327828746
1628620855000,0.31686533121921184
1628620885000,0.3123883849230769
1628620915000,0.31528442414004915
1628620945000,0.3178718988997555
1628620975000,0.31768733427172585
1628621005000,0.3115951141190915
1628621035000,0.3108082157959435
1628621065000,0.3165618684822521
1628621095000,0.31060836996941904
1628621125000,0.316552502008521
1628621155000,0.31066378733170136
1628621185000,0.3114353426160337
1628621215000,0.3177979380981595
1628621245000,0.31577039273060475
1628621275000,0.31139841679853925
1628621305000,0.3135317261166253
1628621335000,0.3197676996973365
1628621365000,0.3173987161073826
1628621395000,0.3178565380719951
1628621425000,0.31114399443084456
1628621455000,0.31753168445820434
1628621485000,0.31574851308933005
1628621515000,0.3212606265738499
1628621545000,0.31341088971393793
1628621575000,0.3121589238475722
1628621605000,0.3130737737905695
1628621635000,0.3146571715442092
1628621665000,0.31431380036518564
1628621695000,0.3178110680469716
1628621725000,0.3111973754962779
1628621755000,0.3157834340399002
1628621785000,0.3138946545289855
1628621815000,0.31139735921133704
1628621845000,0.3199340305385557
1628621875000,0.3139680513546798
1628621905000,0.3136038056269113
1628621935000,0.31387831397849464
1628621965000,0.31174763131935884
1628621995000,0.31613568560930805
1628622025000,0.3156525184567901
1628622055000,0.31926618656716416
1628622085000,0.31929455611246943
1628622115000,0.31555548271227857
1628622145000,0.31554301154313485
1628622175000,0.31616621323438465
1628622205000,0.3171476290322581
1628622235000,0.3192490103277675
1628622265000,0.31298504149577805
1628622295000,0.3217896108303249
1628622325000,0.3105636806933652
1628622355000,0.31410242412935324
1628622385000,0.3144412877160494
1628622415000,0.3216052586889301
1628622445000,0.3133385823091248
1628622475000,0.3181397328784119
1628622505000,0.3152637004273504
1628622535000,0.3150087915264423
1628622565000,0.3131583543530834
1628622595000,0.3123062546699876
1628622625000,0.3259201053406998
1628622655000,0.3185341854268293
1628622685000,0.3742540696341464
1628622715000,0.3748176149026764
1628622745000,0.3745219522269677
1628622775000,0.3746061392436454
1628622805000,0.3760699665220087
1628622835000,0.3123570286678944
1628622865000,0.3131331929056138
1628622895000,0.3107282637484587
1628622925000,0.3146882407790627
1628622955000,0.3171610907521578
1628622985000,0.3154372208
1628623015000,0.3092558797698365
1628623045000,0.3178185828029376
1628623075000,0.3161663855143031
1628623105000,0.3150136849044978
1628623135000,0.3210007104715248
1628623165000,0.3190281569306931
1628623195000,0.3159154346674877
1628623225000,0.317069132985258
1628623255000,0.3235152384138786
1628623285000,0.3145241297066015
1628623315000,0.3141467421344849
1628623345000,0.3129445786106033
1628623375000,0.313306246567718
1628623405000,0.3113391738300493
1628623435000,0.3175195041488713
1628623465000,0.3173859394947628
1628623495000,0.3162492521978022
1628623525000,0.3172207539033457
1628623555000,0.317512407050889
1628623585000,0.3141781772503083
1628623615000,0.3134675946854001
1628623645000,0.31172948568796066
1628623675000,0.3150510301529052
1628623705000,0.2513666160493827
1628623735000,0.3138239652837096
1628623765000,0.3157418439877301
1628623795000,0.3198440963570128
1628623825000,0.3170604979025293
1628623855000,0.317758229843562
1628623885000,0.31257129519704435
1628623915000,0.3145755985714286
1628623945000,0.3154069395024272
1628623975000,0.31464004419615144
1628624005000,0.3142522583178726
1628624035000,0.3168426231196054
1628624065000,0.3189373664238008
1628624095000,0.31127186585514305
1628624125000,0.31895535225885224
1628624155000,0.3127624748036254
1628624185000,0.315594578057775
1628624215000,0.3176625855063675
1628624245000,0.3159881666257669
1628624275000,0.3157852113207547
1628624305000,0.31826593579335793
1628624335000,0.32195592506203474
1628624365000,0.3084705862385321
1628624395000,0.3129418685592186
1628624425000,0.3157399711750306
1628624455000,0.3110104646808511
1628624485000,0.31614911039360394
1628624515000,0.3169530924400737
1628624545000,0.3168900679187192
1628624575000,0.3126488737068965
1628624605000,0.3107878823565324
1628624635000,0.3217218324754902
1628624665000,0.3121015135168196
1628624695000,0.3123985719182201
1628624725000,0.3125089098381071
1628624755000,0.3127331289944479
1628624785000,0.3140496913655848
1628624815000,0.3118408900244798
1628624845000,0.31861816253041364
1628624875000,0.3194053635869565
1628624905000,0.3163352473520249
1628624935000,0.3096591668515096
1628624965000,0.3153213640415141
1628624995000,0.3126464257594168
1628625025000,0.3132573514373089
1628625055000,0.31125563921808186
1628625085000,0.3131774798159509
1628625115000,0.3186208398546336
1628625145000,0.3145838021485574
1628625175000,0.3128218148371532
1628625205000,0.31682293477188656
1628625235000,0.3198006881303813
1628625265000,0.3154036613553113
1628625295000,0.3137169280487805
1628625325000,0.3064656259756098
1628625355000,0.31221510068322983
1628625385000,0.31443409640243897
1628625415000,0.3133905076302729
1628625445000,0.31814519847374845
1628625475000,0.3205203298202108
1628625505000,0.3123379271062271
1628625535000,0.3135523875462392
1628625565000,0.3142475890886547
1628625595000,0.3111066163904236
1628625625000,0.31383112191528545
1628625655000,0.31119732360515023
1628625685000,0.31707360952380953
1628625715000,0.31222055896969697
1628625745000,0.3171306441031941
1628625775000,0.31216544406883834
1628625805000,0.3145957317224288
1628625835000,0.31530567470769233
1628625865000,0.31197078295524217
1628625895000,0.3115419350180505
1628625925000,0.3109435498154981
1628625955000,0.3190121611042945
1628625985000,0.3166379550920245
1628626015000,0.3188164158153846
1628626045000,0.3114396842717258
1628626075000,0.3112997554802956
1628626105000,0.3139973596923077
1628626135000,0.3202194562765313
1628626165000,0.3127540716646267
1628626195000,0.3121476789670193
1628626225000,0.3190572107442977
1628626255000,0.3209054277511962
1628626285000,0.3170389751824817
1628626315000,0.3149720238878733
1628626345000,0.3146474085748792
1628626375000,0.3114960980060423
1628626405000,0.3136875748466258
1628626435000,0.315626115590743
1628626465000,0.3146365953293413
1628626495000,0.31415268345724906
1628626525000,0.3187337461305925
1628626555000,0.3145605981016534
1628626585000,0.3141534502786378
1628626615000,0.3109268989583333
1628626645000,0.31739038444444445
1628626675000,0.31742431230207063
1628626705000,0.3177954000611995
1628626735000,0.3122235674219229
1628626765000,0.3134382001221001
1628626795000,0.3114091003050641
1628626825000,0.3138777493946731
1628626855000,0.3123023386658431
1628626885000,0.30775555642118074
1628626915000,0.31048444464831804
1628626945000,0.3158329883101151
1628626975000,0.31183325300245096
1628627005000,0.3110014840098401
1628627035000,0.3223507329447853
1628627065000,0.3141849986494782
1628627095000,0.3142505482543641
1628627125000,0.32102911017052377
1628627155000,0.3168449245657568
1628627185000,0.3124918995095033
1628627215000,0.31725034581005584
1628627245000,0.31604035643382355
1628627275000,0.3108909812002449
1628627305000,0.31258956873846155
1628627335000,0.31320516995760145
1628627365000,0.31716295603184325
1628627395000,0.31605976505803296
1628627425000,0.3177450638400969
1628627455000,0.31432533378712874
1628627485000,0.3123137685731857
1628627515000,0.3157801260197775
1628627545000,0.3122599689172749
1628627575000,0.3174031614399024
1628627605000,0.3208645118397085
1628627635000,0.31108245051173994
1628627665000,0.31468799706959705
1628627695000,0.3135540665843113
1628627725000,0.3175988133084577
1628627755000,0.3130742188854489
1628627785000,0.3166364057020233
1628627815000,0.3101126334769231
1628627845000,0.3182958104385423
1628627875000,0.3112569410583942
1628627905000,0.3169364090686275
1628627935000,0.3165614885185185
1628627965000,0.317951356736712
1628627995000,0.31257074484029485
1628628025000,0.3143043787297783
1628628055000,0.3135745080745342
1628628085000,0.3118695677615572
1628628115000,0.3160900370642202
1628628145000,0.3123277330904675
1628628175000,0.3101375581325301
1628628205000,0.31857291512195124
1628628235000,0.3131068170595533
1628628265000,0.3115563969604863
1628628295000,0.31109780266021764
1628628325000,0.3190158368291178
1628628355000,0.3119610045232274
1628628385000,0.3202999905752754
1628628415000,0.3174371269607843
1628628445000,0.3164100875156055
1628628475000,0.314882311965812
1628628505000,0.3124194907542579
1628628535000,0.31131111979230297
1628628565000,0.3123807883995037
1628628595000,0.3163819550401979
1628628625000,0.3113346580049261
1628628655000,0.3126543944579781
1628628685000,0.3156784173488088
1628628715000,0.3133199993865031
1628628745000,0.3105957560798548
1628628775000,0.3108635748026715
1628628805000,0.3169988835185185
1628628835000,0.3103993830477356
1628628865000,0.317674567625459
1628628895000,0.32144250168434185
1628628925000,0.3120031477300613
1628628955000,0.3130546386432465
1628628985000,0.3139791819478908
1628629015000,0.3128823378694581
1628629045000,0.3114146271165644
1628629075000,0.3117233105003088
1628629105000,0.3221214284210526
1628629135000,0.31625967624847745
1628629165000,0.314388435199005
1628629195000,0.31771607421922843
1628629225000,0.313676296629902
1628629255000,0.3100668211722488
1628629285000,0.31421460294294296
1628629315000,0.31279368383084577
1628629345000,0.30775318538647345
1628629375000,0.31182643149939543
1628629405000,0.3113514542383292
1628629435000,0.3187595022113022
1628629465000,0.3108468082107843
1628629495000,0.31369473494492045
1628629525000,0.312928019297164
1628629555000,0.3143947245527452
1628629585000,0.3107322222968845
1628629615000,0.31351924604537096
1628629645000,0.3125601883004926
1628629675000,0.31515161664634145
1628629705000,0.3123866607843137
1628629735000,0.31776513540145984
1628629765000,0.3181825107891492
1628629795000,0.3219525950123153
1628629825000,0.3159471066422913
1628629855000,0.3132484529736358
1628629885000,0.3133313632880099
1628629915000,0.31952898248447203
1628629945000,0.3116463774273346
1628629975000,0.3112853529375765
1628630005000,0.311144964587156
1628630035000,0.32063390018416205
1628630065000,0.3130947690634441
1628630095000,0.3125535100794136
1628630125000,0.31429834804469275
1628630155000,0.3133232573088685
1628630185000,0.3116722180428135
1628630215000,0.3120052141818182
1628630245000,0.315336345271507
1628630275000,0.3126912736196319
1628630305000,0.3165854484384568
1628630335000,0.31782547911818737
1628630365000,0.3131795622860636
1628630395000,0.31493568531038724
1628630425000,0.3112037036307692
1628630455000,0.31219968259532593
1628630485000,0.3116058436551305
1628630515000,0.3183343810960591
1628630545000,0.3122749528014616
1628630575000,0.31606926406633906
1628630605000,0.3074114923839009
1628630635000,0.30650535866910866
1628630665000,0.3106484930783242
1628630695000,0.31695080376775786
1628630725000,0.31261103612982244
1628630755000,0.31802863844754403
1628630785000,0.31645142903030304
1628630815000,0.3095871347564642
1628630845000,0.31077218775260257
1628630875000,0.31035728545119706
1628630905000,0.3165615117216117
1628630935000,0.3142686347213717
1628630965000,0.3118211343366093
1628630995000,0.3123118901618929
1628631025000,0.31576205861229456
1628631055000,0.31179529299754305
1628631085000,0.3156190177696078
1628631115000,0.3145000697897898
1628631145000,0.31191936536822884
1628631175000,0.310762580086048
1628631205000,0.3170735872470877
1628631235000,0.3116051993193069
1628631265000,0.31531948673965937
1628631295000,0.31196358835365856
1628631325000,0.3099885693349754
1628631355000,0.3107500045731708
1628631385000,0.3141658555147059
1628631415000,0.3172601164910105
1628631445000,0.3120107592364532
1628631475000,0.3156491763447433
1628631505000,0.3171476897483119
1628631535000,0.31088330273722625
1628631565000,0.3137628938912645
1628631595000,0.31361846909871244
1628631625000,0.31573361417274937
1628631655000,0.3163118948511166
1628631685000,0.3154015936615385
1628631715000,0.3223619677498467
1628631745000,0.3122556459926017
1628631775000,0.3163630002486016
1628631805000,0.3166968578532444
1628631835000,0.31321752723404256
1628631865000,0.317431971679806
1628631895000,0.3135057367017979
1628631925000,0.3126051993913573
1628631955000,0.31144573759168703
1628631985000,0.3124113114040466
1628632015000,0.3203770251069029
1628632045000,0.3157427552503053
1628632075000,0.3122339587009804
1628632105000,0.3136064135185185
1628632135000,0.31481182888482634
1628632165000,0.3112805050909091
1628632195000,0.3157749759155804
1628632225000,0.3104509988379205
1628632255000,0.31208655555555553
1628632285000,0.3122717439338235
1628632315000,0.3136280133623369
1628632345000,0.3177777036085627
1628632375000,0.3124686771853689
1628632405000,0.3159531205487805
1628632435000,0.3106177655108359
1628632465000,0.3144942554473524
1628632495000,0.3217856132522796
1628632525000,0.3106193760641579
1628632555000,0.31168249660912456
1628632585000,0.3153539622167789
1628632615000,0.3187516878824969
1628632645000,0.3217896345388788
1628632675000,0.3160734217258262
1628632705000,0.3142310313487241
1628632735000,0.3116028416820135
1628632765000,0.31767005846153845
1628632795000,0.31174232249844624
1628632825000,0.3101357560781918
1628632855000,0.3146770825721154
1628632885000,0.311364205752754
1628632915000,0.31715478269704434
1628632945000,0.3174718079926785
1628632975000,0.3187624795817958
1628633005000,0.31390933525046383
1628633035000,0.3147977805352798
1628633065000,0.31103213858267714
1628633095000,0.3180254343516209
1628633125000,0.3099750132317073
1628633155000,0.3104974507050889
1628633185000,0.3173396586650337
1628633215000,0.3203774861349693
1628633245000,0.3164056119827054
1628633275000,0.3135659071211199
1628633305000,0.3134833414664202
1628633335000,0.3091893221680877
1628633365000,0.3202916770311546
1628633395000,0.3181751240786241
1628633425000,0.31237053177177176
1628633455000,0.31769058086153845
1628633485000,0.3130081784756097
1628633515000,0.30838920590717306
1628633545000,0.3161169119164619
1628633575000,0.3119941882674772
1628633605000,0.3105641945331695
1628633635000,0.31109999414604705
1628633665000,0.31674144938650306
1628633695000,0.3121143939597316
1628633725000,0.317646396004917
1628633755000,0.31393827026022303
1628633785000,0.3147460805421687
1628633815000,0.31461398573200994
1628633845000,0.3104119374381188
1628633875000,0.3127697631675875
1628633905000,0.3122957887204366
1628633935000,0.3122236730316181
1628633965000,0.3126236191004313
1628633995000,0.31119132024242424
1628634025000,0.31227452267477196
1628634055000,0.3137385991368681
1628634085000,0.3204764455891425
1628634115000,0.3108972219035997
1628634145000,0.31661549635701275
1628634175000,0.31509503992740473
1628634205000,0.3170128021618283
1628634235000,0.31467010911872706
1628634265000,0.31955582990074444
1628634295000,0.3175581332307693
1628634325000,0.3160462511070111
1628634355000,0.3128532641089109
1628634385000,0.3148995183571873
1628634415000,0.3115999430693069
1628634445000,0.3189240518404908
1628634475000,0.31546202986453203
1628634505000,0.3181108688604509
1628634535000,0.3119247173966687
1628634565000,0.31694564714548806
1628634595000,0.31150497200489
1628634625000,0.31554085367781154
1628634655000,0.32111552726711906
1628634685000,0.30975663465045594
1628634715000,0.32068538203076924
1628634745000,0.32074124291845496
1628634775000,0.31609790503376306
1628634805000,0.32241771513480394
1628634835000,0.3120809736682809
1628634865000,0.31467330752105893
1628634895000,0.32080956569297703
1628634925000,0.3227189375615764
1628634955000,0.316615325441266
1628634985000,0.3172949482737361
1628635015000,0.3132648940207444
1628635045000,0.311073875169858
1628635075000,0.3174307392048929
1628635105000,0.3132720261481935
1628635135000,0.3167686653495441
1628635165000,0.3161846860869565
1628635195000,0.3208933143995098
1628635225000,0.3125466708411215
1628635255000,0.3135461552806276
1628635285000,0.31124329337829554
1628635315000,0.31509388378212977
1628635345000,0.31308702072727274
1628635375000,0.3154164532031727
1628635405000,0.3171628983606557
1628635435000,0.3170491599755202
1628635465000,0.3151157185139319
1628635495000,0.3155740111042945
1628635525000,0.31011762413793104
1628635555000,0.3139890170475602
1628635585000,0.31738587087141984
1628635615000,0.32031779154501216
1628635645000,0.31097851580905145
1628635675000,0.322078948494161
1628635705000,0.3182137321515893
1628635735000,0.31643589277331685
1628635765000,0.3192737158566221
1628635795000,0.31154513536660505
1628635825000,0.3169333667075414
1628635855000,0.31633229060402684
1628635885000,0.3129353056091677
1628635915000,0.31270966573729864
1628635945000,0.31553747861942577
1628635975000,0.3130034709517923
1628636005000,0.3121199647671569
1628636035000,0.3117621488544892
1628636065000,0.312661354551008
1628636095000,0.3191184128078818
1628636125000,0.3208264350400987
1628636155000,0.3163976129032258
1628636185000,0.3124863491325898
1628636215000,0.31261143422693266
1628636245000,0.3200820605072464
1628636275000,0.3132831613196126
1628636305000,0.3161436268218004
1628636335000,0.3112764059222702
1628636365000,0.31586609232658075
1628636395000,0.3119416246323529
1628636425000,0.31697385241336634
1628636455000,0.3142149282938677
1628636485000,0.3166183210558253
1628636515000,0.3084986851051051
1628636545000,0.31691352651561544
1628636575000,0.3118155932068544
1628636605000,0.3147766987132353
1628636635000,0.32358102110705594
1628636665000,0.3121362298962782
1628636695000,0.3134474500924214
1628636725000,0.3106341013855421
1628636755000,0.3116498373143564
1628636785000,0.31470814410507025
1628636815000,0.3139418135644769
1628636845000,0.3077500516247701
1628636875000,0.3158118903205919
1628636905000,0.3148918436144578
1628636935000,0.31849989518941674
1628636965000,0.318691975946276
1628636995000,0.3113921984783932
1628637025000,0.3129705449754902
1628637055000,0.3170503813882064
1628637085000,0.312511993271028
1628637115000,0.3147777007893139
1628637145000,0.3188557964351567
1628637175000,0.3123300031610942
1628637205000,0.3136080766666667
1628637235000,0.3164238762660159
1628637265000,0.32114529435435435
1628637295000,0.313410472293578
1628637325000,0.3094213732926829
1628637355000,0.31042322521578297
1628637385000,0.3150892266791045
1628637415000,0.30946177314074985
1628637445000,0.3116592175857843
1628637475000,0.3131138798636927
1628637505000,0.3193292470948012
1628637535000,0.3153376308266004
1628637565000,0.31950938870967743
1628637595000,0.31466583830445544
1628637625000,0.32135157039106144
1628637655000,0.3145845558859223
1628637685000,0.3103725700986437
1628637715000,0.3112300784181484
1628637745000,0.2578797407659049
1628637775000,0.2573391679104477
1628637805000,0.316734187732342
1628637835000,0.3110380391037446
1628637865000,0.3135949716501241
1628637895000,0.3138249130801688
1628637925000,0.3092835045703839
1628637955000,0.31164767300802965
1628637985000,0.3169084167887668
1628638015000,0.3185127017052375
1628638045000,0.3214002228413962
1628638075000,0.3178889931943593
1628638105000,0.3139176210430564
1628638135000,0.3159295168719212
1628638165000,0.3160587974753695
1628638195000,0.3081427512254902
1628638225000,0.31253268974514564
1628638255000,0.31504687055214725
1628638285000,0.312153082566586
1628638315000,0.3114196836116265
1628638345000,0.3124515115455101
1628638375000,0.31382760487353484
1628638405000,0.3180457435613062
1628638435000,0.31578103962848303
1628638465000,0.31588483167777104
1628638495000,0.3165633262832406
1628638525000,0.3139484258578432
1628638555000,0.3134135887096774
1628638585000,0.3134536853553921
1628638615000,0.3105634135135135
1628638645000,0.310813995223515
1628638675000,0.3162345399628253
1628638705000,0.3145848329813665
1628638735000,0.31855738108108106
1628638765000,0.3190640370658683
1628638795000,0.30992533474065137
1628638825000,0.31189750395305743
1628638855000,0.3121229960048426
1628638885000,0.31139044287439616
1628638915000,0.3141743592980296
1628638945000,0.3131966584756097
1628638975000,0.3129530982370821
1628639005000,0.3113270564242424
1628639035000,0.3140407071604938
1628639065000,0.3184163893120393
1628639095000,0.3106899414912808
1628639125000,0.315776506773399
1628639155000,0.3115543006157636
1628639185000,0.3185575729863693
1628639215000,0.31071771098901096
1628639245000,0.3169239090965732
1628639275000,0.3115381895504253
1628639305000,0.3111465065270936
1628639335000,0.31396975603184324
1628639365000,0.3121910032218845
1628639395000,0.32093229176904176
1628639425000,0.3145042741241549
1628639455000,0.310840581016534
1628639485000,0.3199591902153846
1628639515000,0.3157960722222222
1628639545000,0.31275077253694583
1628639575000,0.31492149958158994
1628639605000,0.3152908093333333
1628639635000,0.3179381750153846
1628639665000,0.30773664052567234
1628639695000,0.31632096219362743
1628639725000,0.3125541955963303
1628639755000,0.3121257277777777
1628639785000,0.3133628807384615
1628639815000,0.31309148996904024
1628639845000,0.3149417324091189
1628639875000,0.3127639043638599
1628639905000,0.3146247044757817
1628639935000,0.31126620296662544
1628639965000,0.3123184790161893
1628639995000,0.3119593869458128
1628640025000,0.31135835009163104
1628640055000,0.31469944471896233
1628640085000,0.3158407365254757
1628640115000,0.3230770493259804
1628640145000,0.3204819307924985
1628640175000,0.3141137527372263
1628640205000,0.3137104461916462
1628640235000,0.3152518735511714
1628640265000,0.31692027242236026
1628640295000,0.3167983392769608
1628640325000,0.3243668093939394
1628640355000,0.31621188587291793
1628640385000,0.31750699281326783
1628640415000,0.3172152216646267
1628640445000,0.3112729479393939
1628640475000,0.3160997264044944
1628640505000,0.3173100081595092
1628640535000,0.31713147696526506
1628640565000,0.31897823238213396
1628640595000,0.32095330043316833
1628640625000,0.314483062745098
1628640655000,0.3173429449054301
1628640685000,0.3163891583640837
1628640715000,0.3127210724031961
1628640745000,0.3181826087252475
1628640775000,0.31595525677498465
1628640805000,0.3112587490111248
1628640835000,0.31084212173913045
1628640865000,0.3201665311616472
1628640895000,0.31401473805471125
1628640925000,0.3095690016274865
1628640955000,0.3163604240295749
1628640985000,0.3156268184549356
1628641015000,0.3169639065110565
1628641045000,0.3120949432151589
1628641075000,0.31566741371463714
1628641105000,0.31222650655737705
1628641135000,0.3114305245169082
1628641165000,0.31689734176434303
1628641195000,0.3156031450123153
1628641225000,0.3128298467080745
1628641255000,0.3195916463144963
1628641285000,0.3182192470297029
1628641315000,0.31588951736453197
1628641345000,0.3211432862996942
1628641375000,0.3131590279169212
1628641405000,0.3194194792997543
1628641435000,0.3163532793393393
1628641465000,0.3139585313580247
1628641495000,0.3150726661989018
1628641525000,0.3167956704531347
1628641555000,0.3119037054446461
1628641585000,0.3116282534213686
1628641615000,0.3119227642196175
1628641645000,0.3119719905347265
1628641675000,0.31243655658867
1628641705000,0.31184302040816325
1628641735000,0.3158989414664202
1628641765000,0.31301412941896023
1628641795000,0.31145802013341417
1628641825000,0.31526508566243194
1628641855000,0.312146045106383
1628641885000,0.31343186917067306
1628641915000,0.3142040960518199
1628641945000,0.31300212002457
1628641975000,0.3112889564039409
1628642005000,0.3139047921197312
1628642035000,0.3126150879406308
1628642065000,0.31287279472087376
1628642095000,0.3148573414004914
1628642125000,0.3115093480639213
1628642155000,0.3216219241935484
1628642185000,0.3194940301992528
1628642215000,0.3112103320148331
1628642245000,0.3153481591961023
1628642275000,0.31331828016119034
1628642305000,0.31633301936854885
1628642335000,0.31268099539877303
1628642365000,0.31382671489757913
1628642395000,0.31600071001236096
1628642425000,0.3136040906403941
1628642455000,0.3130959540772532
1628642485000,0.3141991118008605
1628642515000,0.3148647721130221
1628642545000,0.2893032601494396
1628642575000,0.3128135112952732
1628642605000,0.3175620284132841
1628642635000,0.3134387499082569
1628642665000,0.3189673953431372
1628642695000,0.3174414908698334
1628642725000,0.316576363546798
1628642755000,0.3160277926678989
1628642785000,0.3123464407222914
1628642815000,0.3190026756386293
1628642845000,0.3184614482208589
1628642875000,0.3181869629081947
1628642905000,0.3130365799254195
1628642935000,0.3157974462769231
1628642965000,0.3153499651636813
1628642995000,0.31520122619631896
1628643025000,0.31383960279156325
1628643055000,0.316167343446602
1628643085000,0.3134740417837508
1628643115000,0.3164975244555072
1628643145000,0.3111178611922141
1628643175000,0.3120299508557457
1628643205000,0.3136524643920596
1628643235000,0.3113472163103237
1628643265000,0.31717584505761065
1628643295000,0.3147540874006116
1628643325000,0.3143736447543966
1628643355000,0.3123676355076923
1628643385000,0.31563656541074736
1628643415000,0.3161490925427873
1628643445000,0.3146175154938272
1628643475000,0.31242396826568264
1628643505000,0.31594708992058645
1628643535000,0.31143645199508896
1628643565000,0.3156389440906308
1628643595000,0.3175597666049383
1628643625000,0.31093070731556105
1628643655000,0.31286007431930696
1628643685000,0.31910223879310345
1628643715000,0.3129486146674953
1628643745000,0.3111880405717762
1628643775000,0.3130556957798165
1628643805000,0.3160969612590799
1628643835000,0.3152182883636364
1628643865000,0.31606656098765434
1628643895000,0.3141402642900302
1628643925000,0.311927659030303
1628643955000,0.3157067666872301
1628643985000,0.3167515503303303
1628644015000,0.3136741865890998
1628644045000,0.3145729404046597
1628644075000,0.3121647676311031
1628644105000,0.3171871092081031
1628644135000,0.3153321948547215
1628644165000,0.31780831191067
1628644195000,0.31225644689781024
1628644225000,0.3213513020208206
1628644255000,0.31843246196395275
1628644285000,0.3147889910091743
1628644315000,0.3120940230863441
1628644345000,0.3176930037331701
1628644375000,0.31654708522316044
1628644405000,0.3168375544457978
1628644435000,0.3159405596534653
1628644465000,0.3111349940606061
1628644495000,0.31965361922841395
1628644525000,0.3127433622128174
1628644555000,0.3109433555421687
1628644585000,0.31813512425712553
1628644615000,0.31408501822112417
1628644645000,0.31241728065716057
1628644675000,0.3126755963840399
1628644705000,0.31683150972906404
1628644735000,0.3105116739827374
1628644765000,0.32169020867692305
1628644795000,0.3102153403834261
1628644825000,0.3130098853227771
1628644855000,0.3183629224276032
1628644885000,0.3136840993909866
1628644915000,0.3114475845113706
1628644945000,0.31524334389642417
1628644975000,0.31381374965859715
1628645005000,0.3161101216718266
1628645035000,0.3099160154461538
1628645065000,0.31812779425925924
1628645095000,0.31218755681124005
1628645125000,0.3115722410942249
1628645155000,0.3192748937538273
1628645185000,0.3156889006769231
1628645215000,0.3208384645219483
1628645245000,0.3123419082191781
1628645275000,0.31156989741219965
1628645305000,0.3151140330241187
1628645335000,0.3158211164518109
1628645365000,0.31843374852498496
1628645395000,0.32243044333740833
1628645425000,0.3168828041614907
1628645455000,0.3165668828834356
1628645485000,0.3113804433557869
1628645515000,0.31204556356399266
1628645545000,0.31536862
1628645575000,0.3135588286678944
1628645605000,0.31173339170305675
1628645635000,0.3147123724433558
1628645665000,0.3206682499382716
1628645695000,0.3137984248179612
1628645725000,0.3118543528519417
1628645755000,0.3106441925336597
1628645785000,0.3100454664461816
1628645815000,0.3127030410571604
1628645845000,0.3173222592892768
1628645875000,0.3153143384662577
1628645905000,0.3178647738109944
1628645935000,0.31268034161032576
1628645965000,0.31545783554735546
1628645995000,0.3126893221148036
1628646025000,0.3139049034696406
1628646055000,0.3120666773088685
1628646085000,0.3156907236842105
1628646115000,0.31143670164333537
1628646145000,0.3119845033557047
1628646175000,0.3114592057761733
1628646205000,0.3116338877702285
1628646235000,0.3122248827963526
1628646265000,0.3156784525091799
1628646295000,0.31849610533010303
1628646325000,0.3128508623188406
1628646355000,0.31448158866995074
1628646385000,0.3167168434089516
1628646415000,0.3179411174340086
1628646445000,0.31245883721643164
1628646475000,0.3107079245742093
1628646505000,0.3143030385793019
1628646535000,0.31214175973072217
1628646565000,0.3168650165030675
1628646595000,0.3134411818570556
1628646625000,0.3143744637877853
1628646655000,0.31873247067901234
1628646685000,0.3122369390410959
1628646715000,0.3125948344171779
1628646745000,0.3100472098208771
1628646775000,0.3097321080389769
1628646805000,0.3127245837821297
1628646835000,0.31253219283088235
1628646865000,0.3176939673594132
1628646895000,0.31070098199753393
1628646925000,0.3138043270104359
1628646955000,0.3127803769562538
1628646985000,0.3163938166053922
1628647015000,0.3155885719384615
1628647045000,0.3102934878361858
1628647075000,0.3140223539692308
1628647105000,0.3120257989621489
1628647135000,0.3111040150122549
1628647165000,0.3171319229386237
1628647195000,0.3151576316533497
1628647225000,0.31503614006060604
1628647255000,0.3099806881386861
1628647285000,0.3158029986980781
1628647315000,0.3157049829919305
1628647345000,0.3138538468032278
1628647375000,0.3181699109673444
1628647405000,0.3111483706812652
1628647435000,0.3078651140794224
1628647465000,0.31455459651376144
1628647495000,0.3153512740649908
1628647525000,0.3130128702075702
1628647555000,0.3137109028933092
1628647585000,0.31210370196560194
1628647615000,0.31216010865800864
1628647645000,0.31260107280487803
1628647675000,0.31903197607476635
1628647705000,0.31104806348039216
1628647735000,0.31176012264957265
1628647765000,0.3177961476102941
1628647795000,0.3117318216882317
1628647825000,0.3120756832823025
1628647855000,0.3123633556485356
1628647885000,0.3203012265220012
1628647915000,0.3135259466625842
1628647945000,0.3174269061087355
1628647975000,0.31202317786633965
1628648005000,0.3129603409623689
1628648035000,0.31232085885225885
1628648065000,0.3147215212636695
1628648095000,0.31324731659496
1628648125000,0.30755412009803923
1628648155000,0.31234326676810714
1628648185000,0.31004602086903305
1628648215000,0.307986327953715
1628648245000,0.31621486286585365
1628648275000,0.3162941911872705
1628648305000,0.3170420607771706
1628648335000,0.3146880878453039
1628648365000,0.31535594800735745
1628648395000,0.319343744499382
1628648425000,0.31219969495694955
1628648455000,0.3202000043585021
1628648485000,0.3149760752469136
1628648515000,0.3167913265861027
1628648545000,0.3155393986001217
1628648575000,0.3122447542927733
1628648605000,0.3083908133933934
1628648635000,0.3186918100737101
1628648665000,0.31179967227300426
1628648695000,0.3093478640663391
1628648725000,0.31225849458966565
1628648755000,0.3122929808536585
1628648785000,0.31168271577970297
1628648815000,0.31273703651376145
1628648845000,0.3082946392747388
1628648875000,0.3111961559854897
1628648905000,0.31309784611111113
1628648935000,0.31734592875857764
1628648965000,0.3110084631806931
1628648995000,0.3158557460975609
1628649025000,0.31588429566831683
1628649055000,0.31601397730627306
1628649085000,0.3177286936380482
1628649115000,0.3122907801448401
1628649145000,0.3146649424574209
1628649175000,0.31125845129789864
1628649205000,0.3103734218538981
1628649235000,0.31149199834254143
1628649265000,0.3123766073185732
1628649295000,0.3123806592660551
1628649325000,0.2597305018023617
1628649355000,0.31464366224677714
1628649385000,0.31104895147239264
1628649415000,0.3194018098676293
1628649445000,0.3172964693333333
1628649475000,0.31424896984520123
1628649505000,0.316592246007371
1628649535000,0.3104771559831629
1628649565000,0.31528814327272725
1628649595000,0.3109948747863248
1628649625000,0.3137877298159509
1628649655000,0.31214590000000003
1628649685000,0.3166920939001848
1628649715000,0.3195430754353234
1628649745000,0.3136998964543269
1628649775000,0.3129341040317654
1628649805000,0.31700859094269873
1628649835000,0.3222145756425949
1628649865000,0.3173290565483476
1628649895000,0.32048507109233554
1628649925000,0.3119957351384615
1628649955000,0.31231215410747376
1628649985000,0.31529799277403553
1628650015000,0.3109078958179582
1628650045000,0.3126055541666667
1628650075000,0.3125698901038485
1628650105000,0.3188569623910336
1628650135000,0.31647623591635915
1628650165000,0.31902964009720536
1628650195000,0.3199605934315531
1628650225000,0.3162673246831623
1628650255000,0.3113313233073697
1628650285000,0.3158313696538937
1628650315000,0.3164473386821233
1628650345000,0.3136894662031439
1628650375000,0.31864389873341376
1628650405000,0.31749112039191674
1628650435000,0.3175583980463981
1628650465000,0.3109608424649176
1628650495000,0.31571822665036675
1628650525000,0.31245169239659365
1628650555000,0.3154680164433617
1628650585000,0.31215854698195394
1628650615000,0.31536979646125685
1628650645000,0.31863876189889023
1628650675000,0.3175591971830986
1628650705000,0.31694571033639146
1628650735000,0.3155840811320755
1628650765000,0.3115097485330073
1628650795000,0.3208323012285012
1628650825000,0.31327917323420074
1628650855000,0.3174741581155015
1628650885000,0.3147566257769653
1628650915000,0.3158780179031269
1628650945000,0.3153012198417529
1628650975000,0.32189290626139816
1628651005000,0.31691728319950585
1628651035000,0.3127523134556575
1628651065000,0.31163306699029125
1628651095000,0.3125233548029557
1628651125000,0.3163498231389578
1628651155000,0.3134601444650588
1628651185000,0.3127173916410572
1628651215000,0.3179686259574468
1628651245000,0.3187467203806016
1628651275000,0.31282910542021924
1628651305000,0.3166639527173913
1628651335000,0.3172301716945996
1628651365000,0.3160257170265268
1628651395000,0.3153814687956205
1628651425000,0.30994786501854144
1628651455000,0.3144510906036092
1628651485000,0.3145551199259716
1628651515000,0.3124043929280397
1628651545000,0.3186042514162561
1628651575000,0.3120851618018018
1628651605000,0.3178637555153707
1628651635000,0.3133358254380665
1628651665000,0.3174813232572486
1628651695000,0.3118849270501836
1628651725000,0.3158822537093807
1628651755000,0.31238363396923075
1628651785000,0.316116171393643
1628651815000,0.3126606651205937
1628651845000,0.31190393703256936
1628651875000,0.31270056375464683
1628651905000,0.3180155759384615
1628651935000,0.3122189342314758
1628651965000,0.32255893480697384
1628651995000,0.3152569250612745
1628652025000,0.3127060017323776
1628652055000,0.31786157971985385
1628652085000,0.3179648123941959
1628652115000,0.3172349637592138
1628652145000,0.31586332370149256
1628652175000,0.3161508235186317
1628652205000,0.316124261594644
1628652235000,0.32231181625674865
1628652265000,0.31747974221260816
1628652295000,0.31401531216216216
1628652325000,0.3121903757275542
1628652355000,0.3162720621323529
1628652385000,0.31648747281612705
1628652415000,0.312396528314746
1628652445000,0.3176960659574468
1628652475000,0.3135895112883436
1628652505000,0.32215943676742753
1628652535000,0.3115078531403941
1628652565000,0.3168695409836065
1628652595000,0.31045943831370115
1628652625000,0.3133307580110497
1628652655000,0.315904810210396
1628652685000,0.3177560615757576
1628652715000,0.31540898692493946
1628652745000,0.31544118948350963
1628652775000,0.31114686750924786
1628652805000,0.3149887685082873
1628652835000,0.3182027017305315
1628652865000,0.3104934281741233
1628652895000,0.32168776050523723
1628652925000,0.3159514328867235
1628652955000,0.3154782457320872
1628652985000,0.312853097328476
1628653015000,0.3169074875466999
1628653045000,0.31470424927797835
1628653075000,0.3114779056029233
1628653105000,0.31405693355828224
1628653135000,0.3184380972793229
1628653165000,0.3197906093389933
1628653195000,0.3112377870437956
1628653225000,0.31285828059610704
1628653255000,0.3176902087622549
1628653285000,0.3161031396273292
1628653315000,0.3126704755716005
1628653345000,0.3149632200849515
1628653375000,0.3166251731692308
1628653405000,0.3152007103130755
1628653435000,0.3121773889913899
1628653465000,0.3157899910692588
1628653495000,0.3152461473391089
1628653525000,0.3185131506142506
1628653555000,0.31413717294626314
1628653585000,0.3194309373545622
1628653615000,0.3132263134803921
1628653645000,0.3194421582619339
1628653675000,0.31785564224830143
1628653705000,0.31542928892288863
1628653735000,0.3162127134401973
1628653765000,0.3152066918354819
1628653795000,0.31168120556574924
1628653825000,0.3118114812383901
1628653855000,0.3126534967841682
1628653885000,0.3123361457298607
1628653915000,0.3171192786885246
1628653945000,0.31656889361179363
1628653975000,0.3128686327194598
1628654005000,0.31927816440149626
1628654035000,0.3108685369314736
1628654065000,0.3135079927667269
1628654095000,0.3139707729513247
1628654125000,0.3147452618072289
1628654155000,0.31053096489945153
1628654185000,0.3127827437691835
1628654215000,0.3121552665838509
1628654245000,0.31045315773700305
1628654275000,0.3148879691640867
1628654305000,0.3138360529484792
1628654335000,0.3134679467912773
1628654365000,0.3177671707138499
1628654395000,0.3109841856004902
1628654425000,0.3208089929060361
1628654455000,0.3242091208668731
1628654485000,0.3122568639781686
1628654515000,0.3150085967623702
1628654545000,0.31572827492260064
1628654575000,0.3120354535315985
1628654605000,0.3143023873549176
1628654635000,0.3122379125227964
1628654665000,0.3103417552795031
1628654695000,0.3134529726052471
1628654725000,0.3215512524953789
1628654755000,0.3171828140557276
1628654785000,0.3152608919525889
1628654815000,0.3203669619951041
1628654845000,0.3125714024630542
1628654875000,0.3129902608317815
1628654905000,0.315051643021148
1628654935000,0.3156660280472637
1628654965000,0.31119125170316303
1628654995000,0.3163802647310513
1628655025000,0.3109618134838316
1628655055000,0.323558769740099
1628655085000,0.3159694160365853
1628655115000,0.31600175328376706
1628655145000,0.3170395136919316
1628655175000,0.31718402512135924
1628655205000,0.3118604514687883
1628655235000,0.3077499908868502
1628655265000,0.3110577801729463
1628655295000,0.3172432147810219
1628655325000,0.3162513069318867
1628655355000,0.31831563753041364
1628655385000,0.3110186605392157
1628655415000,0.3144840841590214
1628655445000,0.3163964296452195
1628655475000,0.3172234487053021
1628655505000,0.3163715346107056
1628655535000,0.31158939537149816
1628655565000,0.31528186886446885
1628655595000,0.31399804176829266
1628655625000,0.3131662680487805
1628655655000,0.3111226063275434
1628655685000,0.3113797459826947
1628655715000,0.3149365775746496
1628655745000,0.3117335791846819
1628655775000,0.3175197022741242
1628655805000,0.3175784423886139
1628655835000,0.31349746757425745
1628655865000,0.31415535890243895
1628655895000,0.3173937985696517
1628655925000,0.3168183069264069
1628655955000,0.3114429377967133
1628655985000,0.3155421961846154
1628656015000,0.3168286290931223
1628656045000,0.3125691567848411
1628656075000,0.3122521334558824
1628656105000,0.31700858817794025
1628656135000,0.3118435613398894
1628656165000,0.317665645641345
1628656195000,0.31294550631451123
1628656225000,0.31232551308933004
1628656255000,0.3082846409975669
1628656285000,0.3117546741935484
1628656315000,0.3133288763692308
1628656345000,0.3133633810709838
1628656375000,0.3113245198655257
1628656405000,0.3120962274233129
1628656435000,0.3118503029375765
1628656465000,0.31679055189088656
1628656495000,0.3123800498467198
1628656525000,0.3185801625996321
1628656555000,0.31253642487775063
1628656585000,0.31152500523721505
1628656615000,0.3175159363914373
1628656645000,0.3163424809141445
1628656675000,0.32126239347958563
1628656705000,0.3114958701711492
1628656735000,0.3178732000611621
1628656765000,0.3091777694275274
1628656795000,0.3126128052760736
1628656825000,0.3150554415394013
1628656855000,0.3159809210850801
1628656885000,0.3124261795012165
1628656915000,0.3120889592684439
1628656945000,0.3180566733742332
1628656975000,0.31903735603184324
1628657005000,0.31230435384615385
1628657035000,0.3168494887867647
1628657065000,0.3129568685288641
1628657095000,0.31123542605294824
1628657125000,0.31231351703296706
1628657155000,0.3132950594759293
1628657185000,0.31155644630086315
1628657215000,0.31289145960832315
1628657245000,0.3114219931886679
1628657275000,0.31276592782555285
1628657305000,0.31627544746600744
1628657335000,0.31175347924176505
1628657365000,0.3135928626528117
1628657395000,0.3140962009840099
1628657425000,0.3129769047531993
1628657455000,0.3135745802671524
1628657485000,0.31568725083281923
1628657515000,0.3171699427339901
1628657545000,0.3179727268156425
1628657575000,0.31838842944099377
1628657605000,0.31219462458307595
1628657635000,0.31788102230215826
1628657665000,0.31606261225247523
1628657695000,0.31728188463444856
1628657725000,0.3161804493538461
1628657755000,0.3127980350182704
1628657785000,0.3161466082274652
1628657815000,0.3127464871305419
1628657845000,0.3171430507016473
1628657875000,0.32099002811735944
1628657905000,0.3166881058240397
1628657935000,0.3218271442156269
1628657965000,0.3117799617755857
1628657995000,0.3132956247734139
1628658025000,0.3170416556441718
1628658055000,0.3131865321384425
1628658085000,0.3205678752163165
1628658115000,0.3130689018983466
1628658145000,0.3129941049098819
1628658175000,0.3154507353553921
1628658205000,0.3184816412091301
1628658235000,0.3190251961681088
1628658265000,0.3125672093596059
1628658295000,0.3190221526993865
1628658325000,0.3151137728
1628658355000,0.3129129526348039
1628658385000,0.3144777148508825
1628658415000,0.3152727151291513
1628658445000,0.3196523242065961
1628658475000,0.3162753719504644
1628658505000,0.31257363200977395
1628658535000,0.319636245758514
1628658565000,0.3122489054972205
1628658595000,0.3134872189272503
1628658625000,0.3129804546008532
1628658655000,0.31422350656934306
1628658685000,0.3157264489570552
1628658715000,0.3163062663420572
1628658745000,0.3159051496067756
1628658775000,0.31586469657072874
1628658805000,0.3111355740942029
1628658835000,0.31250876108404385
1628658865000,0.3133166843923504
1628658895000,0.310458689684466
1628658925000,0.3162874333534379
1628658955000,0.3141062604079184
1628658985000,0.322252404476709
1628659015000,0.31863721618004864
1628659045000,0.31762725739500913
1628659075000,0.3130296809141445
1628659105000,0.3124018656024096
1628659135000,0.3181268648466258
1628659165000,0.31356698232415897
1628659195000,0.3117228801242236
1628659225000,0.3175403825602968
1628659255000,0.3109526282208589
1628659285000,0.3202650524831392
1628659315000,0.3106146452337584
1628659345000,0.3109338790012034
1628659375000,0.3125575359404097
1628659405000,0.31716226889570553
1628659435000,0.3112149152667075
1628659465000,0.31156108516717324
1628659495000,0.31134358109605914
1628659525000,0.3161720525215252
1628659555000,0.31140340895156343
1628659585000,0.3213805613341569
1628659615000,0.3141785056476366
1628659645000,0.31893420355174523
1628659675000,0.313859676567255
1628659705000,0.3135981031400966
1628659735000,0.3191684119076549
1628659765000,0.31120622925790753
1628659795000,0.3102401327628362
1628659825000,0.3102508456151035
1628659855000,0.3113664471018914
1628659885000,0.3124834573902288
1628659915000,0.3165640595978062
1628659945000,0.3132310177627535
1628659975000,0.3123619543209877
1628660005000,0.3169751009773977
1628660035000,0.3157719033992584
1628660065000,0.3110507079061149
1628660095000,0.3150724036483253
1628660125000,0.3104226565403423
1628660155000,0.3132109304862843
1628660185000,0.3114252155245603
1628660215000,0.3124992309712889
1628660245000,0.31431652699275364
1628660275000,0.3169572657542579
1628660305000,0.3158079369221411
1628660335000,0.3134192585498489
1628660365000,0.3121380816728167
1628660395000,0.31442212565829764
1628660425000,0.31285217585995084
1628660455000,0.3160566824357405
1628660485000,0.31200201376767056
1628660515000,0.3136364303781773
1628660545000,0.3120257033804548
1628660575000,0.31543251646341464
1628660605000,0.31098241866088033
1628660635000,0.31206670235878337
1628660665000,0.32106063031591736
1628660695000,0.3164663243558282
1628660725000,0.3194629661280298
1628660755000,0.3096129907172996
1628660785000,0.31179976421686745
1628660815000,0.3124855923987539
1628660845000,0.3117453574520717
1628660875000,0.3143985770996979
1628660905000,0.3186643698461539
1628660935000,0.3171357588998764
1628660965000,0.3124135300248139
1628660995000,0.3113025291256158
1628661025000,0.3193688799630086
1628661055000,0.310743335
1628661085000,0.3131254278481013
1628661115000,0.3116700368388684
1628661145000,0.31847790141277643
1628661175000,0.3112948934396076
1628661205000,0.3107532096518021
1628661235000,0.3159938683497537
1628661265000,0.3184929133333333
1628661295000,0.3124172028571429
1628661325000,0.3141435597680098
1628661355000,0.3128593936771025
1628661385000,0.2551759133911965
1628661415000,0.31327486824324324
1628661445000,0.3152818191185599
1628661475000,0.3163518147900183
1628661505000,0.311840174017199
1628661535000,0.31486079174937964
1628661565000,0.3132141530902349
1628661595000,0.31530101670746635
1628661625000,0.3137233696594427
1628661655000,0.3116219950759879
1628661685000,0.3169985521551724
1628661715000,0.3135599283353733
1628661745000,0.318484936307311
1628661775000,0.313141920257038
1628661805000,0.3121231198667474
1628661835000,0.3185833030193237
1628661865000,0.3204009117791411
1628661895000,0.3107250744101633
1628661925000,0.3165139640149161
1628661955000,0.311965804671174
1628661985000,0.3119373090123457
1628662015000,0.3169184207024029
1628662045000,0.3120566194547708
1628662075000,0.312422347788162
1628662105000,0.3121448515078408
1628662135000,0.3147185475786925
1628662165000,0.3118987858560794
1628662195000,0.3143513984765387
1628662225000,0.3107488582926829
1628662255000,0.3114963413202934
1628662285000,0.3189052381530984
1628662315000,0.31266799228855724
1628662345000,0.3128025209430496
1628662375000,0.3127270976499691
1628662405000,0.3110618619018405
1628662435000,0.3114670104968944
1628662465000,0.31444950995055626
1628662495000,0.32709443825873696
1628662525000,0.3174722089506173
1628662555000,0.3107659526121697
1628662585000,0.3141169086744044
1628662615000,0.3173927850496278
1628662645000,0.3149897098574085
1628662675000,0.3103897500606796
1628662705000,0.3177217835205993
1628662735000,0.3118241993857494
1628662765000,0.3173307067931457
1628662795000,0.3145554670566503
1628662825000,0.315596310712112
1628662855000,0.3157332349784084
1628662885000,0.31283598360957643
1628662915000,0.3167506385600976
1628662945000,0.31100681642156863
1628662975000,0.3151897708180708
1628663005000,0.3154112341596131
1628663035000,0.3119271027363184
1628663065000,0.3166336035098522
1628663095000,0.3189223513230769
1628663125000,0.3117940208009564
1628663155000,0.31273336246209826
1628663185000,0.3234395892748324
1628663215000,0.3170480777509069
1628663245000,0.3117340334981459
1628663275000,0.31538665543945915
1628663305000,0.31993900170523754
1628663335000,0.3165774893093093
1628663365000,0.31631205718730554
1628663395000,0.3093443576477757
1628663425000,0.31016262866707245
1628663455000,0.3104465303363914
1628663485000,0.31441300967741936
1628663515000,0.31725584499389503
1628663545000,0.31204670836431225
1628663575000,0.31710675473427
1628663605000,0.31880484441732765
1628663635000,0.31364735210918115
1628663665000,0.31592735488997553
1628663695000,0.3121146734184915
1628663725000,0.31869309999999995
1628663755000,0.3189589777846535
1628663785000,0.31875941833952914
1628663815000,0.3136666836126629
1628663845000,0.31826488598765434
1628663875000,0.3125983363799283
1628663905000,0.3181869391916718
1628663935000,0.3124555506781751
1628663965000,0.31593267072289155
1628663995000,0.30906691731234864
1628664025000,0.316236379397294
1628664055000,0.3143396008573178
1628664085000,0.3159885395420792
1628664115000,0.31309294501547985
1628664145000,0.31293838028083026
1628664175000,0.3113090660074166
1628664205000,0.31987900265060243
1628664235000,0.3160421678724709
1628664265000,0.3189402289783282
1628664295000,0.31736875459592845
1628664325000,0.3130277250154416
1628664355000,0.31379572937273825
1628664385000,0.3121909705918243
1628664415000,0.3153759750767342
1628664445000,0.3168021818350899
1628664475000,0.3167642217846154
1628664505000,0.3123999605651105
1628664535000,0.31883606419374616
1628664565000,0.3204201786148238
1628664595000,0.3120094764925373
1628664625000,0.3202287565644172
1628664655000,0.31477553
1628664685000,0.3158015842201835
1628664715000,0.31345271783281736
1628664745000,0.3139451146252285
1628664775000,0.31772861233045624
1628664805000,0.3166037583995113
1628664835000,0.3112916187270502
1628664865000,0.3110355976615385
1628664895000,0.3185646775956284
1628664925000,0.3120201916113458
1628664955000,0.3120664313677812
1628664985000,0.31799296729483284
1628665015000,0.319860282447466
1628665045000,0.3124024557326793
1628665075000,0.31311345088902515
1628665105000,0.31931476587009805
1628665135000,0.3114415984097859
1628665165000,0.31154053869377696
1628665195000,0.3173212812154696
1628665225000,0.31093867831912303
1628665255000,0.3170121675508945
1628665285000,0.3122355388686132
1628665315000,0.3175720083384054
1628665345000,0.3113582386156649
1628665375000,0.3174196990165949
1628665405000,0.31260418435820897
1628665435000,0.3126699865182437
1628665465000,0.31612252305854244
1628665495000,0.3115636504968944
1628665525000,0.3140570086638194
1628665555000,0.3120863630246913
1628665585000,0.3156469832515337
1628665615000,0.3130712868340478
1628665645000,0.320574326142596
1628665675000,0.3134641736745887
1628665705000,0.3181276059913527
1628665735000,0.3209007240147783
1628665765000,0.3165110576291793
1628665795000,0.31260247903422983
1628665825000,0.3153823256914567
1628665855000,0.3146173245248314
1628665885000,0.3117353452991453
1628665915000,0.3107875923172243
1628665945000,0.3158484700365408
1628665975000,0.3112412284301607
1628666005000,0.3126927902055623
1628666035000,0.3156056618259804
1628666065000,0.31569898079510705
1628666095000,0.31599942709876544
1628666125000,0.3124984170940171
1628666155000,0.3131345771128933
1628666185000,0.3099233657451923
1628666215000,0.32123572356923075
1628666245000,0.31632665998755444
1628666275000,0.31476314922887105
1628666305000,0.3132171638804149
1628666335000,0.3167942904235728
1628666365000,0.3150700952264382
1628666395000,0.31365474605659244
1628666425000,0.3173794257492355
1628666455000,0.3205394438618137
1628666485000,0.31798315456774984
1628666515000,0.31678773062462096
1628666545000,0.3146578072127139
1628666575000,0.3134114812076402
1628666605000,0.3141062086072923
1628666635000,0.3149456902336729
1628666665000,0.3129397616093366
1628666695000,0.3132844272447725
1628666725000,0.3164508987218503
1628666755000,0.3115004605651105
1628666785000,0.31200460073755376
1628666815000,0.3186733683323299
1628666845000,0.3124930469761759
1628666875000,0.31785947986494784
1628666905000,0.31477572867602194
1628666935000,0.3171015617842073
1628666965000,0.31888502840562005
1628666995000,0.3184424780669145
1628667025000,0.322177945157385
1628667055000,0.3163304781076067
1628667085000,0.3169357357053683
1628667115000,0.31105341000617664
1628667145000,0.3168590230910201
1628667175000,0.3149941813193588
1628667205000,0.31936691950920243
1628667235000,0.31309227955801106
1628667265000,0.3111988179141104
1628667295000,0.3130300281818182
1628667325000,0.3114122717964072
1628667355000,0.3142182636864666
1628667385000,0.3112724105009053
1628667415000,0.3153763335185185
1628667445000,0.3113186367975831
1628667475000,0.3118313647844566
1628667505000,0.31068780529164164
1628667535000,0.3160743046780073
1628667565000,0.318206232133995
1628667595000,0.3108704347590361
1628667625000,0.31288696150550793
1628667655000,0.314144392203806
1628667685000,0.31371400201588273
1628667715000,0.31456638276904475
1628667745000,0.30928918052825555
1628667775000,0.3121514837009804
1628667805000,0.31482186061538464
1628667835000,0.31558152911854104
1628667865000,0.3178482725060827
1628667895000,0.32050766705027256
1628667925000,0.31990138027295284
1628667955000,0.3121547467330429
1628667985000,0.3153809004904966
1628668015000,0.31806682697044336
1628668045000,0.31135598408536586
1628668075000,0.3210272114914425
1628668105000,0.3172630304453936
1628668135000,0.31176735581962217
1628668165000,0.3129792399029715
1628668195000,0.3201947302140673
1628668225000,0.3155334526986052
1628668255000,0.31060379975669106
1628668285000,0.31619032738814995
1628668315000,0.3198767438381361
1628668345000,0.3156620172371638
1628668375000,0.3117297474815725
1628668405000,0.3136448310176721
1628668435000,0.3155188657813465
1628668465000,0.3122642281846154
1628668495000,0.31469946397058823
1628668525000,0.3171281585530349
1628668555000,0.3167831957134109
1628668585000,0.3175315715680293
1628668615000,0.3126629888820639
1628668645000,0.3161373254658385
1628668675000,0.3184616647530864
1628668705000,0.3118607627620222
1628668735000,0.3128303289440994
1628668765000,0.3122141870427774
1628668795000,0.3214920328029376
1628668825000,0.3179436138565297
1628668855000,0.3126441465260546
1628668885000,0.3109789230953809
1628668915000,0.31424540594299577
1628668945000,0.3150685288532676
1628668975000,0.31126687527812114
1628669005000,0.3131365074800736
1628669035000,0.31344044469931803
1628669065000,0.3117685909036145
1628669095000,0.31132508700738915
1628669125000,0.3118725275397797
1628669155000,0.3163764295593635
1628669185000,0.31079362309597525
1628669215000,0.3122353751842752
1628669245000,0.31240336518563605
1628669275000,0.3106728268111455
1628669305000,0.31003825809922303
1628669335000,0.31174300744615385
1628669365000,0.3165948476979742
1628669395000,0.3178752847314424
1628669425000,0.31445497840632597
1628669455000,0.3170163373929009
1628669485000,0.3154568484165652
1628669515000,0.3185584936341162
1628669545000,0.3170637827522936
1628669575000,0.31899808398555085
1628669605000,0.31174855876923074
1628669635000,0.3151583968137255
1628669665000,0.31456170403669725
1628669695000,0.3131991076875769
1628669725000,0.3178743182769231
1628669755000,0.31622663939766443
1628669785000,0.3169322400859423
1628669815000,0.3157910342609771
1628669845000,0.31105756118220595
1628669875000,0.3161795500612745
1628669905000,0.32485391613707165
1628669935000,0.3158433191594561
1628669965000,0.3130389208230958
1628669995000,0.316436521694089
1628670025000,0.3174000856088561
1628670055000,0.31646990852760737
1628670085000,0.315002771233726
1628670115000,0.3120587900185989
1628670145000,0.3150749711352657
1628670175000,0.3137494796536797
1628670205000,0.3133691532070861
1628670235000,0.31386482217391304
1628670265000,0.3147033745145631
1628670295000,0.31726058840490795
1628670325000,0.3204486172181373
1628670355000,0.3164174727161997
1628670385000,0.32062513670115644
1628670415000,0.3226428501840491
1628670445000,0.31621939140577043
1628670475000,0.3144613599143207
1628670505000,0.3121129115012107
1628670535000,0.3156166551533742
1628670565000,0.3173787712394705
1628670595000,0.31274717695652177
1628670625000,0.3174609374301676
1628670655000,0.3096777054315027
1628670685000,0.312269043504902
1628670715000,0.316226371242236
1628670745000,0.3119519994447872
1628670775000,0.3160561680243161
1628670805000,0.3104649464241677
1628670835000,0.31582028758409786
1628670865000,0.3164099610148515
1628670895000,0.31413759601959584
1628670925000,0.3172629672049689
1628670955000,0.3121137947563233
1628670985000,0.31984167615012105
1628671015000,0.31616764453366275
1628671045000,0.316624104715248
1628671075000,0.3124371029776675
1628671105000,0.3126158334141904
1628671135000,0.3124755780696396
1628671165000,0.3165349838807786
1628671195000,0.3158203556853104
1628671225000,0.3130665845724907
1628671255000,0.312278075
1628671285000,0.3166611673053152
1628671315000,0.3167144544457978
1628671345000,0.3146836106832298
1628671375000,0.3183012727383121
1628671405000,0.31945263038130384
1628671435000,0.3133327620108368
1628671465000,0.3148422118988903
1628671495000,0.312331347011208
1628671525000,0.3171591314599878
1628671555000,0.3161662519206939
1628671585000,0.3125617033742331
1628671615000,0.3176620847892486
1628671645000,0.3128135503052503
1628671675000,0.31671130387931035
1628671705000,0.3146663594017094
1628671735000,0.3127436040640394
1628671765000,0.3143738014643075
1628671795000,0.31199807760000003
1628671825000,0.3139623402200489
1628671855000,0.3130730280885065
1628671885000,0.31580914209558825
1628671915000,0.3146946219963032
1628671945000,0.3146881866998135
1628671975000,0.31210927691358026
1628672005000,0.3134299583640837
1628672035000,0.3116241022811344
1628672065000,0.31676035012330456
1628672095000,0.31647536560392403
1628672125000,0.31464353998771505
1628672155000,0.315478967613293
1628672185000,0.32011637646348823
1628672215000,0.3131521239358421
1628672245000,0.3172898654623392
1628672275000,0.31866700277777776
1628672305000,0.31966286356399265
1628672335000,0.3134631149068323
1628672365000,0.3163046295232274
1628672395000,0.31840240185070945
1628672425000,0.3193953238587949
1628672455000,0.31973006364749085
1628672485000,0.3173835587666264
1628672515000,0.3121709891925466
1628672545000,0.31897057621359226
1628672575000,0.319214578729963
1628672605000,0.31672532744733584
1628672635000,0.31605175758495146
1628672665000,0.3149084156707317
1628672695000,0.3224888843137255
1628672725000,0.3167940679049939
1628672755000,0.3121663700303952
1628672785000,0.3196067259987708
1628672815000,0.3184877907033639
1628672845000,0.3163012752
1628672875000,0.31510606945454545
1628672905000,0.312987717167382
1628672935000,0.31256351673767496
1628672965000,0.3166423778319123
1628672995000,0.3135891842457421
1628673025000,0.3114549827351485
1628673055000,0.3205324491609696
1628673085000,0.31057395006157634
1628673115000,0.3184790140394089
1628673145000,0.3149070413284133
1628673175000,0.3118914505142166
1628673205000,0.3161489552311436
1628673235000,0.3120897450704225
1628673265000,0.31582474225352114
1628673295000,0.3121689128536285
1628673325000,0.3112625001230769
1628673355000,0.3121312567871962
1628673385000,0.3213253037423313
1628673415000,0.31092899403444035
1628673445000,0.3131785208024692
1628673475000,0.3181510924698795
1628673505000,0.3135739676237019
1628673535000,0.3115115860135552
1628673565000,0.3141274386049309
1628673595000,0.3105943452012384
1628673625000,0.3117997359133127
1628673655000,0.314687217243473
1628673685000,0.3159109786106033
1628673715000,0.3160979400859423
1628673745000,0.3155685073800738
1628673775000,0.3223297840978593
1628673805000,0.32106354460297765
1628673835000,0.3129408229104029
1628673865000,0.3157339316697474
1628673895000,0.3117413963907903
1628673925000,0.3133020199261993
1628673955000,0.31158431435643563
1628673985000,0.3112569670769231
1628674015000,0.31861879207616706
1628674045000,0.31525471363914376
1628674075000,0.3117924151664612
1628674105000,0.3124980408949658
1628674135000,0.322424369449598
1628674165000,0.3119585827122785
1628674195000,0.3188024104945717
1628674225000,0.3119332163116251
1628674255000,0.31215968195395144
1628674285000,0.3124256878228782
1628674315000,0.31696589939357184
1628674345000,0.3142880105327618
1628674375000,0.3121696689279225
1628674405000,0.31200501124769514
1628674435000,0.3173719834149327
1628674465000,0.3165629237277744
1628674495000,0.3125796272063299
1628674525000,0.32240093964131106
1628674555000,0.3151055908868501
1628674585000,0.31568158941896024
1628674615000,0.31543911470404984
1628674645000,0.3103470740490797
1628674675000,0.314111107571169
1628674705000,0.3145916696287279
1628674735000,0.317358185270846
1628674765000,0.3156315955528104
1628674795000,0.3165206889969605
1628674825000,0.3100629492974954
1628674855000,0.3123416736874237
1628674885000,0.3161527117936118
1628674915000,0.31596213083076924
1628674945000,0.31340785667692306
1628674975000,0.3180736606284658
1628675005000,0.3138900406364749
1628675035000,0.3150139478527607
1628675065000,0.3150694227410552
1628675095000,0.3140408973570989
1628675125000,0.3150194511543135
1628675155000,0.31196079908536584
1628675185000,0.3177032340098401
1628675215000,0.3223889702970297
1628675245000,0.31766140503685497
1628675275000,0.3101842559342666
1628675305000,0.31409832233250623
1628675335000,0.3126186941104295
1628675365000,0.3107726415913201
1628675395000,0.3151781397908979
1628675425000,0.3136787251379522
1628675455000,0.3117686411657559
1628675485000,0.3190402947688564
1628675515000,0.31290416752293576
1628675545000,0.3111972605968331
1628675575000,0.3157798197016781
1628675605000,0.31742424805352804
1628675635000,0.3121054685661765
1628675665000,0.3105305593692022
1628675695000,0.3118283696108709
1628675725000,0.3134715021937843
1628675755000,0.31473005511083746
1628675785000,0.31016949151921896
1628675815000,0.3145455636586863
1628675845000,0.310952990098401
1628675875000,0.3109940989460632
1628675905000,0.3180899726010863
1628675935000,0.31432118588807784
1628675965000,0.3145202399026764
1628675995000,0.3141844836442786
1628676025000,0.3133582690062112
1628676055000,0.3159086689508793
1628676085000,0.31789717116195065
1628676115000,0.31345788515769946
1628676145000,0.31633774972205064
1628676175000,0.25020151587878786
1628676205000,0.31497195124223604
1628676235000,0.3123900968615385
1628676265000,0.31344718289067325
1628676295000,0.3101456863055386
1628676325000,0.3178570838729383
1628676355000,0.32048424866873065
1628676385000,0.3126894659600998
1628676415000,0.3123796571960298
1628676445000,0.31520585183150185
1628676475000,0.3215247657673861
1628676505000,0.3124682781729001
1628676535000,0.3096653572654813
1628676565000,0.31523415096333124
1628676595000,0.3128484215469613
1628676625000,0.316409624439054
1628676655000,0.3170116681481481
1628676685000,0.3156197064927184
1628676715000,0.3123263074481075
1628676745000,0.3165610819925743
1628676775000,0.31174780163142
1628676805000,0.3113301512315271
1628676835000,0.31357981079580505
1628676865000,0.31190188215818515
1628676895000,0.31358771266829866
1628676925000,0.3113505206896552
1628676955000,0.3124972627244582
1628676985000,0.3115391549599507
1628677015000,0.3134001245248314
1628677045000,0.3160966827017115
1628677075000,0.3157252500927644
1628677105000,0.3146077823492853
1628677135000,0.3125690619788425
1628677165000,0.3134839253703704
1628677195000,0.3165728717177914
1628677225000,0.3170655218271
1628677255000,0.3178365633620689
1628677285000,0.3163459485609308
1628677315000,0.3158179452309538
1628677345000,0.31311044657282744
1628677375000,0.3162034134146341
1628677405000,0.3168492330269608
1628677435000,0.31856659865030673
1628677465000,0.3125807744615385
1628677495000,0.3144411065030675
1628677525000,0.3156087185434516
1628677555000,0.3155591991935484
1628677585000,0.3191869107579462
1628677615000,0.3156619606115108
1628677645000,0.3124439978855721
1628677675000,0.3171702265970516
1628677705000,0.31380930249391725
1628677735000,0.31571965755706355
1628677765000,0.3140932382566586
1628677795000,0.3114137557055215
1628677825000,0.3118660911477412
1628677855000,0.311193048783455
1628677885000,0.3153563683692308
1628677915000,0.31976417181538463
1628677945000,0.31218040996309965
1628677975000,0.30797226906044284
1628678005000,0.3218808886253041
1628678035000,0.3163111497234173
1628678065000,0.3135768769470405
1628678095000,0.3159689455665025
1628678125000,0.3153365197538461
1628678155000,0.3179300784301607
1628678185000,0.3128775783036263
1628678215000,0.3118525546385542
1628678245000,0.3110918427350428
1628678275000,0.31155048462484625
1628678305000,0.31170320402684565
1628678335000,0.2526746112068965
1628678365000,0.3167143444581281
1628678395000,0.3100582947464875
1628678425000,0.31212547509113003
1628678455000,0.31655532045735474
1628678485000,0.3173878911673873
1628678515000,0.3130838818181818
1628678545000,0.3110303358570563
1628678575000,0.31283649435236344
1628678605000,0.3175717964805825
1628678635000,0.3166471122025625
1628678665000,0.3170686449635922
1628678695000,0.3172129125535824
1628678725000,0.3160138643472906
1628678755000,0.31617510627329193
1628678785000,0.3156889375154512
1628678815000,0.3124345457544289
1628678845000,0.31297021715686274
1628678875000,0.3131693111728395
1628678905000,0.3123038924205379
1628678935000,0.3130594736972705
1628678965000,0.3134933141712877
1628678995000,0.3186717072039072
1628679025000,0.31690163286066586
1628679055000,0.31441600998766955
1628679085000,0.3111475287384615
1628679115000,0.31089846580565805
1628679145000,0.3187167079207921
1628679175000,0.31263210444170264
1628679205000,0.3169004554601227
1628679235000,0.32172083043213634
1628679265000,0.3129304042865891
1628679295000,0.3115378158308157
1628679325000,0.31111959474969475
1628679355000,0.3145651651364764
1628679385000,0.3113070713759214
1628679415000,0.3134926104294479
1628679445000,0.310446044587156
1628679475000,0.3114140287399131
1628679505000,0.3167629852813853
1628679535000,0.31546622107843136
1628679565000,0.3151019290362185
1628679595000,0.3127750110840439
1628679625000,0.3126022982864137
1628679655000,0.3118188082158185
1628679685000,0.31595003485221673
1628679715000,0.31181659811778994
1628679745000,0.3131412049969531
1628679775000,0.311222315142338
1628679805000,0.3110273066100667
1628679835000,0.3148224183610598
1628679865000,0.3125129480246914
1628679895000,0.3105552281716418
1628679925000,0.31226776632218844
1628679955000,0.3147741760882894
1628679985000,0.3136586856965174
1628680015000,0.3113446107692308
1628680045000,0.32024317923832923
1628680075000,0.31302245495767833
1628680105000,0.3129908451393189
1628680135000,0.3164931700797057
1628680165000,0.3189199083692308
1628680195000,0.3137736044785276
1628680225000,0.3115743482282282
1628680255000,0.3164068718440594
1628680285000,0.3156351985515993
1628680315000,0.31497609708436725
1628680345000,0.31281720527950313
1628680375000,0.3132639635913313
1628680405000,0.3131645645616186
1628680435000,0.31217227151589244
1628680465000,0.31720695846059865
1628680495000,0.3134976850496278
1628680525000,0.3127006755377996
1628680555000,0.3196710906862745
1628680585000,0.3114244879754601
1628680615000,0.3130305962392109
1628680645000,0.31589080086687304
1628680675000,0.3200315593345656
1628680705000,0.31612722503030305
1628680735000,0.31677217578558226
1628680765000,0.3109882270959903
1628680795000,0.3137961332125604
1628680825000,0.3123366263580247
1628680855000,0.3175643407019704
1628680885000,0.31758607042755344
1628680915000,0.31680018
1628680945000,0.32017869829890644
1628680975000,0.31079751319702603
1628681005000,0.31545307475669104
1628681035000,0.31292546059502124
1628681065000,0.3136454038390093
1628681095000,0.3123606439338235
1628681125000,0.31601201072088725
1628681155000,0.3206407230583986
1628681185000,0.3181032924539877
1628681215000,0.3198028310067943
1628681245000,0.3179489071819841
1628681275000,0.31156405948434623
1628681305000,0.3209349617163725
1628681335000,0.3162301284409257
1628681365000,0.31301897872470874
1628681395000,0.3137682672445821
1628681425000,0.3117181467324291
1628681455000,0.31309372504626776
1628681485000,0.3219164915233415
1628681515000,0.3118651761645493
1628681545000,0.31882761025324274
1628681575000,0.3125794638787879
1628681605000,0.31629831002444986
1628681635000,0.3109607268757688
1628681665000,0.3135741808615385
1628681695000,0.31272576533251234
1628681725000,0.3160450784550392
1628681755000,0.3178299572999389
1628681785000,0.3149269805777505
1628681815000,0.3109352360585723
1628681845000,0.3143056338062924
1628681875000,0.3177644177831913
1628681905000,0.3216335171990172
1628681935000,0.3121728644540943
1628681965000,0.3122336048170732
1628681995000,0.3171532217578365
1628682025000,0.31290214919852033
1628682055000,0.31044322587155965
1628682085000,0.31668590810643565
1628682115000,0.3115817857490865
1628682145000,0.31617113770794825
1628682175000,0.31558325437616386
1628682205000,0.31509225678330266
1628682235000,0.31250904239802224
1628682265000,0.3142256154904306
1628682295000,0.3114033038508557
1628682325000,0.3134033523114355
1628682355000,0.31774930185070943
1628682385000,0.31212048866171005
1628682415000,0.31145747830130194
1628682445000,0.3207716345230769
1628682475000,0.3163904821559074
1628682505000,0.2745090173194614
1628682535000,0.3108603437844458
1628682565000,0.31187563294832826
1628682595000,0.3134557032
1628682625000,0.3103343434570907
1628682655000,0.3128801424150485
1628682685000,0.3148143835802469
1628682715000,0.3129744718978102
1628682745000,0.31163299399271843
1628682775000,0.3154677394348894
1628682805000,0.31452208459657693
1628682835000,0.3121182032043531
1628682865000,0.31254327606679033
1628682895000,0.3108150103469641
1628682925000,0.3160693911728395
1628682955000,0.3118689646878825
1628682985000,0.3121070452294686
1628683015000,0.3121233306790123
1628683045000,0.3166887605932203
1628683075000,0.3121245354484441
1628683105000,0.3169274833025262
1628683135000,0.3125906624235006
1628683165000,0.31204332296387016
1628683195000,0.31356270653983354
1628683225000,0.31030980375302664
1628683255000,0.313170396993865
1628683285000,0.3129858803485577
1628683315000,0.3153230915398661
1628683345000,0.31504519397076736
1628683375000,0.31281558199257425
1628683405000,0.31375074597560976
1628683435000,0.31938472848335386
1628683465000,0.3148548735767327
1628683495000,0.3110367411151961
1628683525000,0.3153066352
1628683555000,0.31298542776082977
1628683585000,0.30963598734177217
1628683615000,0.30949721718088324
1628683645000,0.3160402957264957
1628683675000,0.31228637402285025
1628683705000,0.3151330366727383
1628683735000,0.3173645336402701
1628683765000,0.3120631465592065
1628683795000,0.3119255132589839
1628683825000,0.3170915128528529
1628683855000,0.31337461230207064
1628683885000,0.31285849247572817
1628683915000,0.31236499003076923
1628683945000,0.3119138890998163
1628683975000,0.3164431935779817
1628684005000,0.3134257577439025
1628684035000,0.31361223865598026
1628684065000,0.3209149837837838
1628684095000,0.3117111317509248
1628684125000,0.3120836438083385
1628684155000,0.3176330788156288
1628684185000,0.3166349813275434
1628684215000,0.3122529037149817
1628684245000,0.3180504107253565
1628684275000,0.3131244039263804
1628684305000,0.31597817648470305
1628684335000,0.3139227232360097
1628684365000,0.3135327221945137
1628684395000,0.3140702180267966
1628684425000,0.31321926050878257
1628684455000,0.3136068858809085
1628684485000,0.3135319654149001
1628684515000,0.31430745837937385
1628684545000,0.314968210591133
1628684575000,0.3107239176470588
1628684605000,0.3050591419883041
1628684635000,0.3162681784265519
1628684665000,0.3153195190948543
1628684695000,0.31127605951792336
1628684725000,0.3169442554748941
1628684755000,0.3117531911639244
1628684785000,0.321791428009828
1628684815000,0.3120656053888549
1628684845000,0.31642486562115624
1628684875000,0.3121342520522388
1628684905000,0.3182828101116625
1628684935000,0.3176903797240552
1628684965000,0.3144381387730061
1628684995000,0.316289845308642
1628685025000,0.3164733008024692
1628685055000,0.31069579737003056
1628685085000,0.3160077636809816
1628685115000,0.3136898812311406
1628685145000,0.3121907583229814
1628685175000,0.3142283934032059
1628685205000,0.31090426266015864
1628685235000,0.25655741174661745
1628685265000,0.2516002251545117
1628685295000,0.24934981417177915
1628685325000,0.25585225815822005
1628685355000,0.31089169731543626
1628685385000,0.3152598170835876
1628685415000,0.3115459801461632
1628685445000,0.3163390652146857
1628685475000,0.31497215009030705
1628685505000,0.3155868212400246
1628685535000,0.3152696728989038
1628685565000,0.3104824444781553
1628685595000,0.31819083783783786
1628685625000,0.3142682743243243
1628685655000,0.3128133810408922
1628685685000,0.31404969106280195
1628685715000,0.31075291229256297
1628685745000,0.3125220493218249
1628685775000,0.31608756955445544
1628685805000,0.3120332184354154
1628685835000,0.3120527848466257
1628685865000,0.3177914312538604
1628685895000,0.3108463563992652
1628685925000,0.3121240939788951
1628685955000,0.3086799804307692
1628685985000,0.3101900546391753
1628686015000,0.3134438006203474
1628686045000,0.31282152254299755
1628686075000,0.2500208963958461
1628686105000,0.3143237109957239
1628686135000,0.3117017906774394
1628686165000,0.31094286750306
1628686195000,0.3113824534996957
1628686225000,0.3119269899690402
1628686255000,0.31177286222088113
1628686285000,0.3156251031559406
1628686315000,0.31216095922746784
1628686345000,0.3162713025656689
1628686375000,0.3128587131017672
1628686405000,0.31224968620275945
1628686435000,0.3121351576993305
1628686465000,0.3121330075483092
1628686495000,0.3116004911509901
1628686525000,0.3106061328029376
1628686555000,0.31277523191230205
1628686585000,0.3198888225165563
1628686615000,0.31226152665441176
1628686645000,0.3131855358513932
1628686675000,0.3184621996917386
1628686705000,0.3124878358513932
1628686735000,0.3124560257000622
1628686765000,0.31491896775184275
1628686795000,0.315790580195599
1628686825000,0.313556845617284
1628686855000,0.3176623710769231
1628686885000,0.3149398346650277
1628686915000,0.3172644234299517
1628686945000,0.31293334486785496
1628686975000,0.3196255498440424
1628687005000,0.3114811264185479
1628687035000,0.3149408126465145
1628687065000,0.3115957441358025
1628687095000,0.31094131128737035
1628687125000,0.3218999918491484
1628687155000,0.32159440470006184
1628687185000,0.3196678105716042
1628687215000,0.3173923367844093
1628687245000,0.3122162226312613
1628687275000,0.3225600511398645
1628687305000,0.32108789673846155
1628687335000,0.3120416176069436
1628687365000,0.3129833250462677
1628687395000,0.31429516641791044
1628687425000,0.3115563252618608
1628687455000,0.3117103372093023
1628687485000,0.3103625231425091
1628687515000,0.3165898869858809
1628687545000,0.3145427222964763
1628687575000,0.3144494730091185
1628687605000,0.31459913079732205
1628687635000,0.3105743271785497
1628687665000,0.3177490282960199
1628687695000,0.3123155889902676
1628687725000,0.3211799406573341
1628687755000,0.3165194470300061
1628687785000,0.3155677110294118
1628687815000,0.3132069106690777
1628687845000,0.31266132371638145
1628687875000,0.3130054282890673
1628687905000,0.3201737688615385
1628687935000,0.3092277040048544
1628687965000,0.3170318369578497
1628687995000,0.31130469532019706
1628688025000,0.3183465067724222
1628688055000,0.3153686918554807
1628688085000,0.3177458428660436
1628688115000,0.3103399957798165
1628688145000,0.3182524069069069
1628688175000,0.3078613478549849
1628688205000,0.3184276308968059
1628688235000,0.3128366396435157
1628688265000,0.3136270197560976
1628688295000,0.3171835380664653
1628688325000,0.3128598907692308
1628688355000,0.3190889793660287
1628688385000,0.3197811083898828
1628688415000,0.3129671602091021
1628688445000,0.3152132085995086
1628688475000,0.3168383929682638
1628688505000,0.3102937375379017
1628688535000,0.3120447966442953
1628688565000,0.3147722968921389
1628688595000,0.3118985450154799
1628688625000,0.3128911277305825
1628688655000,0.3122642781153131
1628688685000,0.3179797012315271
1628688715000,0.30793629848942605
1628688745000,0.322472089381068
1628688775000,0.3182706628501827
1628688805000,0.3115180305623472
1628688835000,0.3121711656441718
1628688865000,0.313446406633602
1628688895000,0.3161215761040532
1628688925000,0.3148207739427861
1628688955000,0.32031482350813745
1628688985000,0.3149762251234568
1628689015000,0.3168194705378973
1628689045000,0.3137230337181045
1628689075000,0.31452457147239266
1628689105000,0.3111492613538461
1628689135000,0.3187505180086048
1628689165000,0.3210213963942308
1628689195000,0.31651662087980176
1628689225000,0.3135221316766467
1628689255000,0.3147157563946407
1628689285000,0.3173107042604991
1628689315000,0.3115319807574832
1628689345000,0.3172848195958359
1628689375000,0.3132949306060606
1628689405000,0.31640547988963824
1628689435000,0.3118422650573325
1628689465000,0.3112957954015941
1628689495000,0.3165608265230769
1628689525000,0.31178205535603715
1628689555000,0.3151551433778858
1628689585000,0.3198513287399131
1628689615000,0.3151659214987715
1628689645000,0.3148660948255114
1628689675000,0.31392358770642204
1628689705000,0.31399064500616525
1628689735000,0.3128638014660965
1628689765000,0.3118949871262965
1628689795000,0.3135463227848101
1628689825000,0.3143569506469501
1628689855000,0.3219217411290323
1628689885000,0.31674422959558823
1628689915000,0.31206293700248755
1628689945000,0.31209698616891063
1628689975000,0.3190433275862069
1628690005000,0.31383061814214464
1628690035000,0.31192792952208104
1628690065000,0.31579241074328546
1628690095000,0.3124215676307692
1628690125000,0.3185261101116625
1628690155000,0.312453523091133
1628690185000,0.3178632712615385
1628690215000,0.31670962601726266
1628690245000,0.3185502098002497
1628690275000,0.3160257139364303
1628690305000,0.3104548254401943
1628690335000,0.3115056697473814
1628690365000,0.31134132697044337
1628690395000,0.3193881602469136
1628690425000,0.3113563934782609
1628690455000,0.3137622268111455
1628690485000,0.3118725984088127
1628690515000,0.31288662595561034
1628690545000,0.3154889405156538
1628690575000,0.3137397542487685
1628690605000,0.3112645328725961
1628690635000,0.310992397282273
1628690665000,0.3160071992565056
1628690695000,0.311077653002451
1628690725000,0.32191190235585865
1628690755000,0.3125564213399504
1628690785000,0.2541444429102167
1628690815000,0.3167215797429621
1628690845000,0.31610091366687004
1628690875000,0.31328221386377336
1628690905000,0.3146968037469288
1628690935000,0.316110418147918
1628690965000,0.3110216064854849
1628690995000,0.3153983437888199
1628691025000,0.3175795380601596
1628691055000,0.3140722236552567
1628691085000,0.3140869752080856
1628691115000,0.3115816140577041
1628691145000,0.3144844909866017
1628691175000,0.31345465592064475
1628691205000,0.3130049347509113
1628691235000,0.3172562229508197
1628691265000,0.3154580949969861
1628691295000,0.3156732352513628
1628691325000,0.3183339163834951
1628691355000,0.3127458945163278
1628691385000,0.3179099683271833
1628691415000,0.31838587046439626
1628691445000,0.3137431617753623
1628691475000,0.31347845917992656
1628691505000,0.3117644583075973
1628691535000,0.31225635857843137
1628691565000,0.3142737904675167
1628691595000,0.3155893315009265
1628691625000,0.313576006105919
1628691655000,0.3179524806153846
1628691685000,0.31426353433109344
1628691715000,0.31444521522533503
1628691745000,0.31207368322106555
1628691775000,0.31949588097560977
1628691805000,0.3125663574879227
1628691835000,0.3122907737484737
1628691865000,0.3162963309259259
1628691895000,0.3169620508934073
1628691925000,0.3125004411764706
1628691955000,0.31554549657320874
1628691985000,0.3183714123533045
1628692015000,0.3155201480024969
1628692045000,0.31568401410967345
1628692075000,0.3136657145151328
1628692105000,0.3112826548036254
1628692135000,0.3133827840799032
1628692165000,0.31794941529411763
1628692195000,0.31833297098133656
1628692225000,0.31758263270745
1628692255000,0.3102602640586797
1628692285000,0.3131740172670807
1628692315000,0.3168972122276029
1628692345000,0.32004220497203234
1628692375000,0.3149786255214724
1628692405000,0.31160283529772864
1628692435000,0.3139582773259396
1628692465000,0.3151554695950156
1628692495000,0.3116306587546239
1628692525000,0.3103835665855143
1628692555000,0.31455381587982834
1628692585000,0.3122552672794118
1628692615000,0.3134008841092489
1628692645000,0.31096646026490066
1628692675000,0.3206917268923077
1628692705000,0.3166029620478234
1628692735000,0.31700730140672784
1628692765000,0.3163681220481928
1628692795000,0.31650172886977884
1628692825000,0.3172775629139073
1628692855000,0.31644380689444784
1628692885000,0.31808636824615383
1628692915000,0.3189931967344424
1628692945000,0.3120365
1628692975000,0.31148275642424245
1628693005000,0.3213732369391518
1628693035000,0.3107155379434757
1628693065000,0.31583651234567894
1628693095000,0.31898706666666665
1628693125000,0.31181957252141984
1628693155000,0.3169596446965052
1628693185000,0.3111698579076923
1628693215000,0.31922027435424355
1628693245000,0.3157123630395137
1628693275000,0.3123413198007472
1628693305000,0.3164490285537701
1628693335000,0.3155924187915408
1628693365000,0.3143463369524985
1628693395000,0.3171490340256567
1628693425000,0.31580814762784964
1628693455000,0.31180168396805896
1628693485000,0.3211724186813187
1628693515000,0.3144362182549505
1628693545000,0.3167832004878049
1628693575000,0.31471900883435583
1628693605000,0.3148222199020208
1628693635000,0.31197088620689656
1628693665000,0.3110550816451811
1628693695000,0.3205949392350401
1628693725000,0.3154923999386503
1628693755000,0.31054923270858525
1628693785000,0.3165660782262997
1628693815000,0.3156236886068112
1628693845000,0.31450926142857144
1628693875000,0.3104834174283973
1628693905000,0.3140311968769137
1628693935000,0.3158982263975155
1628693965000,0.3132160727767695
1628693995000,0.3134763001851852
1628694025000,0.317052493225606
1628694055000,0.3175977756276791
1628694085000,0.3164176648564295
1628694115000,0.3166647620958084
1628694145000,0.3112197261557177
1628694175000,0.3167478669082125
1628694205000,0.3132440645669292
1628694235000,0.3123463446716233
1628694265000,0.30687409404761906
1628694295000,0.3165927485472155
1628694325000,0.3147748822070676
1628694355000,0.3176027558769231
1628694385000,0.3120637618638872
1628694415000,0.3117678380835381
1628694445000,0.31111109074410165
1628694475000,0.3129248003046923
1628694505000,0.31067505256014805
1628694535000,0.31522489628048783
1628694565000,0.3096996686843731
1628694595000,0.31567548125770656
1628694625000,0.3165023378063725
1628694655000,0.3155413985802469
1628694685000,0.31881748147223954
1628694715000,0.3116863864083641
1628694745000,0.3122820232230392
1628694775000,0.312624320194057
1628694805000,0.3108279487654321
1628694835000,0.3178056783600493
1628694865000,0.3184561990074441
1628694895000,0.3161318262899263
1628694925000,0.3115420640682095
1628694955000,0.3181148349907919
1628694985000,0.3122893374614911
1628695015000,0.3174454219330855
1628695045000,0.3112903481593241
1628695075000,0.3137706811297331
1628695105000,0.3180329938074801
1628695135000,0.31585568271679804
1628695165000,0.3113496673793525
1628695195000,0.3109524038414634
1628695225000,0.3128674820995145
1628695255000,0.30864413841911764
1628695285000,0.3138688561735941
1628695315000,0.3112830092241906
1628695345000,0.3167446317676144
1628695375000,0.3121482026006192
1628695405000,0.3162889631931749
1628695435000,0.31421587954264524
1628695465000,0.3120214257125155
1628695495000,0.3119584741463415
1628695525000,0.3182426463519313
1628695555000,0.3131043253382534
1628695585000,0.3108662813146683
1628695615000,0.3110552733452594
1628695645000,0.31707436650093224
1628695675000,0.31597000726708074
1628695705000,0.3113080457532548
1628695735000,0.311990593159204
1628695765000,0.3116825696054254
1628695795000,0.3107268295774648
1628695825000,0.3122684355500311
1628695855000,0.31854753386897405
1628695885000,0.32106193705080543
1628695915000,0.3172991608074534
1628695945000,0.3208643404923077
1628695975000,0.31263047239263797
1628696005000,0.32179307264325324
1628696035000,0.3135239483476132
1628696065000,0.31299021519607845
1628696095000,0.31436013563148263
1628696125000,0.3119698153658537
1628696155000,0.31573594709876546
1628696185000,0.3118177775397797
1628696215000,0.3157978488428745
1628696245000,0.3169764527360193
1628696275000,0.31695422985723154
1628696305000,0.317058042865891
1628696335000,0.3116259338837921
1628696365000,0.3173627810794421
1628696395000,0.3160776229548229
1628696425000,0.3162327197546012
1628696455000,0.3157911417937767
1628696485000,0.3139138513664596
1628696515000,0.32003760018450184
1628696545000,0.31405125934065936
1628696575000,0.31235925285359806
1628696605000,0.3128784987068965
1628696635000,0.3159747470263642
1628696665000,0.2878941708613317
1628696695000,0.3139798731076923
1628696725000,0.3160485814312153
1628696755000,0.31632586852540273
1628696785000,0.31581697699275363
1628696815000,0.3162186308787129
1628696845000,0.3114602349390244
1628696875000,0.31718636215568863
1628696905000,0.3129741781326781
1628696935000,0.31541706513647644
1628696965000,0.3126975348736907
1628696995000,0.3168274143382353
1628697025000,0.3166450733211233
1628697055000,0.31660103227189224
1628697085000,0.3107001357186921
1628697115000,0.3114756308695652
1628697145000,0.3145107129051988
1628697175000,0.3177534639506173
1628697205000,0.3175465983990148
1628697235000,0.3198130402717727
1628697265000,0.3106218746022032
1628697295000,0.3192011496577474
1628697325000,0.3126721401589242
1628697355000,0.31444258343558285
1628697385000,0.318214889158086
1628697415000,0.31630831196792103
1628697445000,0.3164020908206687
1628697475000,0.3169881480122324
1628697505000,0.3211933692542787
1628697535000,0.3146594951324707
1628697565000,0.3123695462060457
1628697595000,0.3137272298765432
1628697625000,0.32250463080714725
1628697655000,0.3136388069839308
1628697685000,0.3128801994478528
1628697715000,0.3159841299878345
1628697745000,0.3156717093463653
1628697775000,0.3189758392
1628697805000,0.31388814147968463
1628697835000,0.3133074935503686
1628697865000,0.3141040367537313
1628697895000,0.31233495982905984
1628697925000,0.3169254967153285
1628697955000,0.3099358068633353
1628697985000,0.31079803870177586
1628698015000,0.3116335453276699
1628698045000,0.3178209793357933
1628698075000,0.3167960177615572
1628698105000,0.3185625932549505
1628698135000,0.3187594108630054
1628698165000,0.3201676046884639
1628698195000,0.31902005944272444
1628698225000,0.3111598411192214
1628698255000,0.31606514872572816
1628698285000,0.3181189435819071
1628698315000,0.3160367301167793
1628698345000,0.3161896369896405
1628698375000,0.31133579374616804
1628698405000,0.3142828366342649
1628698435000,0.31587803241252305
1628698465000,0.3132632685483871
1628698495000,0.31583162645794965
1628698525000,0.3104211462686567
1628698555000,0.3155979780357143
1628698585000,0.31673966697360345
1628698615000,0.3119598147560976
1628698645000,0.3124982496029322
1628698675000,0.31718165492260064
1628698705000,0.316053537363305
1628698735000,0.3104855865443425
1628698765000,0.3182279969128329
1628698795000,0.3161904455104551
1628698825000,0.3119510535447761
1628698855000,0.31284180644567217
1628698885000,0.3143060761732852
1628698915000,0.3115870275151515
1628698945000,0.3175818945510836
1628698975000,0.3179830572845629
1628699005000,0.3168393303758472
1628699035000,0.31437540724370777
1628699065000,0.31971868737745096
1628699095000,0.3104793084463625
1628699125000,0.31856819735547354
1628699155000,0.3199350562653563
1628699185000,0.3133016410287814
1628699215000,0.3098250753658537
1628699245000,0.31577378079552515
1628699275000,0.3174396458966565
1628699305000,0.3130370632121212
1628699335000,0.3146923888821752
1628699365000,0.31248995298780485
1628699395000,0.3097573991621783
1628699425000,0.3122788463829787
1628699455000,0.3157408743136059
1628699485000,0.3132745377230769
1628699515000,0.31228909458281445
1628699545000,0.31272994120947634
1628699575000,0.3151897813538462
1628699605000,0.31166304850152904
1628699635000,0.3135785844720497
1628699665000,0.3127880927922471
1628699695000,0.3134399378279439
1628699725000,0.3121369958179582
1628699755000,0.3136818044539353
1628699785000,0.3208105888821385
1628699815000,0.3107186254456054
1628699845000,0.31594031952698604
1628699875000,0.3108971320904645
1628699905000,0.3153437779276517
1628699935000,0.3204650033908755
1628699965000,0.3126161815642458
1628699995000,0.31809693484662577
1628700025000,0.3132501286059143
1628700055000,0.31736585009242146
1628700085000,0.3172162134474328
1628700115000,0.3143473384896468
1628700145000,0.3109115032589017
1628700175000,0.31727398923267325
1628700205000,0.31595897746650425
1628700235000,0.31621218660110634
1628700265000,0.3166804898199876
1628700295000,0.31580385006150063
1628700325000,0.3119132065483476
1628700355000,0.3176322339692308
1628700385000,0.31439485975609754
1628700415000,0.31785153502755664
1628700445000,0.3211171439877301
1628700475000,0.3164115882571075
1628700505000,0.31711526
1628700535000,0.3112236801348865
1628700565000,0.3219462751065125
1628700595000,0.31243676520681263
1628700625000,0.32228627075879085
1628700655000,0.3119577755992625
1628700685000,0.31343358487598305
1628700715000,0.3104542507398273
1628700745000,0.3133717302567237
1628700775000,0.3125465037700865
1628700805000,0.31552038498480245
1628700835000,0.3152301359876543
1628700865000,0.3112960048029557
1628700895000,0.3130607812117503
1628700925000,0.3131399406094527
1628700955000,0.31160790895249696
1628700985000,0.3126779436007349
1628701015000,0.317341209135201
1628701045000,0.3148544806234719
1628701075000,0.31754854053217824
1628701105000,0.3140457491206792
1628701135000,0.3177626486486487
1628701165000,0.31143956355828223
1628701195000,0.3144246690987125
1628701225000,0.3126048290502793
1628701255000,0.31826644457459924
1628701285000,0.31553765776818743
1628701315000,0.3151809248161765
1628701345000,0.3138428202678028
1628701375000,0.3176822886029412
1628701405000,0.3182934377860235
1628701435000,0.31495386264543784
1628701465000,0.3206330042952208
1628701495000,0.3117827539672925
1628701525000,0.3131781175783651
1628701555000,0.3117137380368098
1628701585000,0.3125133481818182
1628701615000,0.31335091244635194
1628701645000,0.3172047377010125
1628701675000,0.3115756754658385
1628701705000,0.31112242898284315
1628701735000,0.31644977578752315
1628701765000,0.31161882629310345
1628701795000,0.3151873645909646
1628701825000,0.3197342851102941
1628701855000,0.3147985152173913
1628701885000,0.3123772795482295
1628701915000,0.3145123181762546
1628701945000,0.3134051139877301
1628701975000,0.3184777277203648
1628702005000,0.312565508430055
1628702035000,0.3145553136167591
1628702065000,0.3135749043236566
1628702095000,0.3114769303604154
1628702125000,0.3161872986650485
1628702155000,0.3118132860805861
1628702185000,0.316386212960688
1628702215000,0.3125299794545455
1628702245000,0.3110079761875761
1628702275000,0.3136472156923077
1628702305000,0.3158200395249696
1628702335000,0.31877271960784315
1628702365000,0.3167214012915129
1628702395000,0.3177641130407911
1628702425000,0.31425677283272285
1628702455000,0.3157147825367647
1628702485000,0.3132573182860591
1628702515000,0.3127604539081886
1628702545000,0.3129979852528946
1628702575000,0.3086463725015142
1628702605000,0.3117691660539216
1628702635000,0.3151538563118812
1628702665000,0.3158351883076923
1628702695000,0.3143334887077295
1628702725000,0.3132294103300733
1628702755000,0.3156179598791541
1628702785000,0.3138761001850709
1628702815000,0.3116840824464832
1628702845000,0.31126208624242424
1628702875000,0.3168824673872761
1628702905000,0.3188772341358025
1628702935000,0.3073759475379939
1628702965000,0.31785845109034266
1628702995000,0.31163178573163325
1628703025000,0.31569430631389056
1628703055000,0.31231301864615385
1628703085000,0.3139683574705517
1628703115000,0.3126443879975505
1628703145000,0.3124680356223176
1628703175000,0.3183727708845209
1628703205000,0.3109715371323529
1628703235000,0.3180581888550548
1628703265000,0.3152430354282193
1628703295000,0.31262531626319057
1628703325000,0.31220577693738377
1628703355000,0.3135203927784578
1628703385000,0.3107048359654534
1628703415000,0.3118751532004831
1628703445000,0.3137023776064158
1628703475000,0.3151341163692308
1628703505000,0.3117130418348624
1628703535000,0.312037991681736
1628703565000,0.3175736991320521
1628703595000,0.3123104023156612
1628703625000,0.3130956325308642
1628703655000,0.3122738659380692
1628703685000,0.3140408030883261
1628703715000,0.3136605250459277
1628703745000,0.3168562595076923
1628703775000,0.3152882764455265
1628703805000,0.3155388726161369
1628703835000,0.3089071305555556
1628703865000,0.3148673809435133
1628703895000,0.31870010501858737
1628703925000,0.3174645177039275
1628703955000,0.314750410797546
1628703985000,0.3128542442354369
1628704015000,0.3236254336989641
1628704045000,0.31356652721088435
1628704075000,0.31107295687462144
1628704105000,0.3123579525538461
1628704135000,0.316153850308642
1628704165000,0.3133824188191882
1628704195000,0.3184761230722154
1628704225000,0.3129136573700306
1628704255000,0.31231657044181704
1628704285000,0.30940476989640464
1628704315000,0.31209214449152545
1628704345000,0.3114316858895705
1628704375000,0.312185958400496
1628704405000,0.3125504127725857
1628704435000,0.32073475078076197
1628704465000,0.31512895211180125
1628704495000,0.32379502262773724
1628704525000,0.31649074836116264
1628704555000,0.3111145255045872
1628704585000,0.3125238704337202
1628704615000,0.3177559133988937
1628704645000,0.3139082494743352
1628704675000,0.3191302167279412
1628704705000,0.3177751037966932
1628704735000,0.31663715892748323
1628704765000,0.312000878313989
1628704795000,0.3183709171199011
1628704825000,0.31594362362537765
1628704855000,0.3214710004959702
1628704885000,0.3213900013513514
1628704915000,0.3165622354090354
1628704945000,0.3155847576187539
1628704975000,0.31940669164067376
1628705005000,0.3115046023413432
1628705035000,0.3129758510480888
1628705065000,0.3127932002455494
1628705095000,0.3131365807715491
1628705125000,0.316242473088685
1628705155000,0.3133110054601227
1628705185000,0.3154409901364764
1628705215000,0.3189225495037221
1628705245000,0.3119866693827161
1628705275000,0.3184293628891656
1628705305000,0.31330832122871044
1628705335000,0.31230087515451177
1628705365000,0.3124414344765343
1628705395000,0.31291664764237603
1628705425000,0.3158278592682927
1628705455000,0.3143738216363636
1628705485000,0.3217225967584098
1628705515000,0.3147943392405063
1628705545000,0.3189272069738481
1628705575000,0.31290457313523345
1628705605000,0.29096426177199497
1628705635000,0.3176205527777778
1628705665000,0.3190248373243739
1628705695000,0.3170770193272171
1628705725000,0.3102517410024155
1628705755000,0.3101167231325301
1628705785000,0.3115293810271904
1628705815000,0.31705272796352585
1628705845000,0.3122048028968015
1628705875000,0.31431486567901235
1628705905000,0.3134089412128713
1628705935000,0.3161288980781153
1628705965000,0.3134671616229408
1628705995000,0.3138301875152999
1628706025000,0.31470286084262705
1628706055000,0.3152759219660194
1628706085000,0.3160686633879781
1628706115000,0.3165876695273632
1628706145000,0.312973300990099
1628706175000,0.31322777936802976
1628706205000,0.31124721442542785
1628706235000,0.32053498634146343
1628706265000,0.3124531336835599
1628706295000,0.31353505394417475
1628706325000,0.3198535572749692
1628706355000,0.3224762613691932
1628706385000,0.312033662155542
1628706415000,0.3211479262195122
1628706445000,0.31086558314814816
1628706475000,0.3128824443139679
1628706505000,0.3129381762340037
1628706535000,0.3138759331488315
1628706565000,0.31175682458512605
1628706595000,0.3143924798440312
1628706625000,0.3125866401840491
1628706655000,0.3169678294369645
1628706685000,0.31423370682237245
1628706715000,0.3120230441140025
1628706745000,0.3150276052890529
1628706775000,0.31288575805084745
1628706805000,0.3110456125
1628706835000,0.3174118606900801
1628706865000,0.3112876234239802
1628706895000,0.31273445199754146
1628706925000,0.3172178541868932
1628706955000,0.31651679405637256
1628706985000,0.3135766544457978
1628707015000,0.3164017775522755
1628707045000,0.3122636693627451
1628707075000,0.3157110655867971
1628707105000,0.3152081491217444
1628707135000,0.3162556597069597
1628707165000,0.3191751575199509
1628707195000,0.31376673209417594
1628707225000,0.3159077024539877
1628707255000,0.31305299455445545
1628707285000,0.31440910437956204
1628707315000,0.3154536731030228
1628707345000,0.3124979007330483
1628707375000,0.31512309502125074
1628707405000,0.3170082096577017
1628707435000,0.3172929630740968
1628707465000,0.3129081017369727
1628707495000,0.31368822422960724
1628707525000,0.3113690285800241
1628707555000,0.31445242527607364
1628707585000,0.31150377795468465
1628707615000,0.3162394931776276
1628707645000,0.31742770527622594
1628707675000,0.3131686587740385
1628707705000,0.3188434442033478
1628707735000,0.316509857960199
1628707765000,0.31679237045735475
1628707795000,0.3188795457943925
1628707825000,0.31595797506082723
1628707855000,0.31562166513480394
1628707885000,0.3151761527927928
1628707915000,0.3135986822412737
1628707945000,0.3138333185006046
1628707975000,0.3132161827774409
1628708005000,0.3106697345701917
1628708035000,0.3107630934085511
1628708065000,0.3153018123931624
1628708095000,0.3151810030693677
1628708125000,0.31302442837754474
1628708155000,0.317381756680903
1628708185000,0.31108723762254903
1628708215000,0.3129149790998767
1628708245000,0.31245106322115385
1628708275000,0.31818416808379546
1628708305000,0.31298927958083833
1628708335000,0.3162523590458488
1628708365000,0.3108999107520199
1628708395000,0.3152146171865444
1628708425000,0.3120822729051988
1628708455000,0.3121358322757779
1628708485000,0.3164358866707617
1628708515000,0.3205100333333333
1628708545000,0.31340617222562844
1628708575000,0.3143899168587023
1628708605000,0.3148228638940234
1628708635000,0.3188156851538926
1628708665000,0.3116285003683241
1628708695000,0.3181478243425077
1628708725000,0.3160685414436839
1628708755000,0.31820000733944953
1628708785000,0.3193417048977061
1628708815000,0.3103136929143561
1628708845000,0.31558473446396124
1628708875000,0.3158803859085291
1628708905000,0.3170111423718345
1628708935000,0.3126694435850215
1628708965000,0.3160179218920558
1628708995000,0.31451227560521416
1628709025000,0.3229018616180049
1628709055000,0.3210695909426987
1628709085000,0.3736000531901839
1628709115000,0.3743271620024876
1628709145000,0.3728385106567534
1628709175000,0.3749772759057971
1628709205000,0.3752508542645241
1628709235000,0.3132626121157324
1628709265000,0.3123501296044499
1628709295000,0.31131141893234016
1628709325000,0.3213333513597033
1628709355000,0.3139502632004981
1628709385000,0.3156153869565217
1628709415000,0.3106992632942628
1628709445000,0.3163621932757557
1628709475000,0.3123817632504548
1628709505000,0.3112223250766401
1628709535000,0.3162952126065773
1628709565000,0.31524419030265594
1628709595000,0.3132837006199628
1628709625000,0.31691455070250457
1628709655000,0.3115517134651019
1628709685000,0.31113439421538464
1628709715000,0.3145577140198511
1628709745000,0.31594743997524755
1628709775000,0.3180315322640345
1628709805000,0.3127011512599877
1628709835000,0.3183542569060773
1628709865000,0.3143049778863775
1628709895000,0.3130111945443273
1628709925000,0.3129755958488228
1628709955000,0.31148680460885386
1628709985000,0.31481277612584824
1628710015000,0.31440586871165643
1628710045000,0.309112341366687
1628710075000,0.31386771424186616
1628710105000,0.3110010683894231
1628710135000,0.31222479234042555
1628710165000,0.3154028527811366
1628710195000,0.3155704955719557
1628710225000,0.3154960510116493
1628710255000,0.3121485667074663
1628710285000,0.3168950169857937
1628710315000,0.3168065032973621
1628710345000,0.315089416827503
1628710375000,0.31065589307787395
1628710405000,0.3115389769183922
1628710435000,0.31464466804441704
1628710465000,0.31574860177805025
1628710495000,0.3177709062043796
1628710525000,0.3121806689398636
1628710555000,0.3109131515809052
1628710585000,0.3160594725875845
1628710615000,0.310226135868893
1628710645000,0.3125195695838433
1628710675000,0.3144748230816452
1628710705000,0.3148416943765281
1628710735000,0.31627151075599264
1628710765000,0.3175461004901961
1628710795000,0.3093084154126214
1628710825000,0.3112968958845209
1628710855000,0.31414755330882355
1628710885000,0.31681279248768474
1628710915000,0.310295977818854
1628710945000,0.3121665561500615
1628710975000,0.3183306659090909
1628711005000,0.31233487624615386
1628711035000,0.3114171642196175
1628711065000,0.315256647223917
1628711095000,0.3113472964848485
1628711125000,0.3188974555896806
1628711155000,0.3103782776615385
1628711185000,0.3148430640149161
1628711215000,0.3181129372333943
1628711245000,0.3143633074645281
1628711275000,0.312660397840839
1628711305000,0.3178066168298654
1628711335000,0.3121635856447689
1628711365000,0.3161243794420861
1628711395000,0.3117824777027027
1628711425000,0.31146883563569683
1628711455000,0.31380061022031824
1628711485000,0.3154963416202845
1628711515000,0.3135447898694841
1628711545000,0.3152560063354037
1628711575000,0.3132916734061931
1628711605000,0.3076081649696969
1628711635000,0.3128182740196078
1628711665000,0.31647287312156386
1628711695000,0.3110650838942308
1628711725000,0.31105820735021616
1628711755000,0.31379949802712703
1628711785000,0.3162021532387415
1628711815000,0.32146035487654323
1628711845000,0.3138950376231527
1628711875000,0.31691492481389577
1628711905000,0.3138380768072289
1628711935000,0.31170353948811697
1628711965000,0.31434914904143474
1628711995000,0.3107401607430341
1628712025000,0.3156259676434676
1628712055000,0.31037422838509315
1628712085000,0.31309679564684245
1628712115000,0.3127885684567901
1628712145000,0.31789481990261714
1628712175000,0.31187517924297925
1628712205000,0.31292413229166666
1628712235000,0.3116482182436611
1628712265000,0.3200193148170366
1628712295000,0.3171691450968523
1628712325000,0.3159329745689655
1628712355000,0.3122704153374233
1628712385000,0.3193679436585366
1628712415000,0.3143442755338621
1628712445000,0.3139653287279367
1628712475000,0.312096683570105
1628712505000,0.3194024744954129
1628712535000,0.3173104610055181
1628712565000,0.3125533508879363
1628712595000,0.3103492915407855
1628712625000,0.3168865232643118
1628712655000,0.31479739346082664
1628712685000,0.3111557365538461
1628712715000,0.31250979732087225
1628712745000,0.3161982284217016
1628712775000,0.3174391552745219
1628712805000,0.3177428033495737
1628712835000,0.31387934775936155
1628712865000,0.3189538702285361
1628712895000,0.31289312951732673
1628712925000,0.31304674594594595
1628712955000,0.3135538486654252
1628712985000,0.3152795944341373
1628713015000,0.3170564998182919
1628713045000,0.31285272208663817
1628713075000,0.3098279770156438
1628713105000,0.3118786966319657
1628713135000,0.3168011567436209
1628713165000,0.3150844258895705
1628713195000,0.3159260707541386
1628713225000,0.3129810701678061
1628713255000,0.3107847876703841
1628713285000,0.31972671053268764
1628713315000,0.3117368600967352
1628713345000,0.3168946882783883
1628713375000,0.3118020529555149
1628713405000,0.3118349759133127
1628713435000,0.3125045105810397
1628713465000,0.3109162785287081
1628713495000,0.32194660807038833
1628713525000,0.3102832367593712
1628713555000,0.306967372859745
1628713585000,0.3114966693259122
1628713615000,0.31388438546691405
1628713645000,0.3162440627535341
1628713675000,0.3119054648331273
1628713705000,0.3123450348680172
1628713735000,0.31253204836561743
1628713765000,0.31340076371463715
1628713795000,0.31202935675675675
1628713825000,0.3130327633250312
1628713855000,0.3130176750614251
1628713885000,0.31226279336175394
1628713915000,0.3110155736519608
1628713945000,0.3171710166358595
1628713975000,0.314474614390692
1628714005000,0.3136521300923077
1628714035000,0.31583935703883503
1628714065000,0.31172857105423524
1628714095000,0.3185159284825871
1628714125000,0.3151322298470948
1628714155000,0.31326709070473874
1628714185000,0.3136953600367197
1628714215000,0.3125775718692165
1628714245000,0.3165794825230769
1628714275000,0.3140636576899696
1628714305000,0.31665482864228145
1628714335000,0.3123706522249691
1628714365000,0.3169818309023486
1628714395000,0.3140251005511329
1628714425000,0.31850407403076925
1628714455000,0.31251847747584544
1628714485000,0.3163063237831177
1628714515000,0.3187443641818182
1628714545000,0.31941700697247705
1628714575000,0.3125068688463911
1628714605000,0.31186504647887325
1628714635000,0.3177577455719557
1628714665000,0.3154675010942249
1628714695000,0.3159056599878567
1628714725000,0.31044331974009903
1628714755000,0.3143908401594114
1628714785000,0.3137722566749073
1628714815000,0.3139586330024814
1628714845000,0.3209928203358209
1628714875000,0.3125968142857143
1628714905000,0.3152616326289621
1628714935000,0.3120969571690055
1628714965000,0.31398322150668284
1628714995000,0.3147218243738546
1628715025000,0.3160752207002457
1628715055000,0.3114563346437346
1628715085000,0.3125930187538941
1628715115000,0.3114911307320024
1628715145000,0.3127576303712721
1628715175000,0.31825071622291023
1628715205000,0.3160519902906617
1628715235000,0.3190642694563225
1628715265000,0.3116578622018349
1628715295000,0.3180412075584883
1628715325000,0.3120893789506173
1628715355000,0.3153692273873874
1628715385000,0.3081037717444717
1628715415000,0.3121154101422387
1628715445000,0.3186332809993831
1628715475000,0.3166775024434942
1628715505000,0.3161746927339901
1628715535000,0.3136396272558715
1628715565000,0.3163965460687961
1628715595000,0.3163594572670808
1628715625000,0.3126347626468769
1628715655000,0.3152310394736842
1628715685000,0.3173430846798324
1628715715000,0.31930044753390874
1628715745000,0.3134107246958637
1628715775000,0.31265455712538226
1628715805000,0.31613963110838944
1628715835000,0.3162706236119585
1628715865000,0.3112530511825349
1628715895000,0.3120558568651276
1628715925000,0.3129089485559567
1628715955000,0.3155150625076453
1628715985000,0.3180852836307692
1628716015000,0.31307626719706244
1628716045000,0.3145307748768473
1628716075000,0.3154375459826947
1628716105000,0.318448009901599
1628716135000,0.3158210779765577
1628716165000,0.31175013872976337
1628716195000,0.3184955693815064
1628716225000,0.316552056703567
1628716255000,0.3138637175470553
1628716285000,0.3181562184662577
1628716315000,0.31407707031438936
1628716345000,0.3125746964634146
1628716375000,0.31365832735618115
1628716405000,0.3121136725925926
1628716435000,0.3114446939357186
1628716465000,0.3121024586461538
1628716495000,0.3097193792787286
1628716525000,0.3202014370347395
1628716555000,0.31488957189623223
1628716585000,0.3173100568627451
1628716615000,0.3111518840615385
1628716645000,0.3117274574004975
1628716675000,0.3218396215613383
1628716705000,0.31347534794604537
1628716735000,0.3218924023170732
1628716765000,0.3174209345208845
1628716795000,0.3125274293572312
1628716825000,0.3158710929056138
1628716855000,0.3157198165534281
1628716885000,0.3140290597568389
1628716915000,0.32007169316502465
1628716945000,0.3203726815837937
1628716975000,0.31542898619631904
1628717005000,0.3175544759800871
1628717035000,0.31117376052311435
1628717065000,0.315683527146312
1628717095000,0.31915672293349906
1628717125000,0.3167247489608802
1628717155000,0.3163836053204353
1628717185000,0.3181001623910336
1628717215000,0.3176055572319202
1628717245000,0.31168255614678897
1628717275000,0.3178349426987061
1628717305000,0.3164606956976029
1628717335000,0.315138580173482
1628717365000,0.3122121331495098
1628717395000,0.3188192220410628
1628717425000,0.3127374515281174
1628717455000,0.3126985925382263
1628717485000,0.3131400183281734
1628717515000,0.31708936142945165
1628717545000,0.3145111898336414
1628717575000,0.317168386654479
1628717605000,0.3112913789090909
1628717635000,0.3152120565217391
1628717665000,0.312693799329677
1628717695000,0.3126821240740741
1628717725000,0.3123457836923077
1628717755000,0.32090581116594696
1628717785000,0.31905618585425605
1628717815000,0.3103987812195122
1628717845000,0.31612300715158925
1628717875000,0.31765447414965986
1628717905000,0.31669856591048434
1628717935000,0.31903239920489296
1628717965000,0.3150570267449043
1628717995000,0.3166529236650485
1628718025000,0.31815388034398034
1628718055000,0.3175608927623643
1628718085000,0.31389202178398057
1628718115000,0.3172821208461067
1628718145000,0.31760186982864136
1628718175000,0.318403223133868
1628718205000,0.3173523047326368
1628718235000,0.31609735628448804
1628718265000,0.32109611264579496
1628718295000,0.3123763987364621
1628718325000,0.3109305794587946
1628718355000,0.3114856438042131
1628718385000,0.3186072381660471
1628718415000,0.3174901490135635
1628718445000,0.3166260445945946
1628718475000,0.3107980389674247
1628718505000,0.2546564613455657
1628718535000,0.3178310914893617
1628718565000,0.3151166753168377
1628718595000,0.31500526130592504
1628718625000,0.3143886161349693
1628718655000,0.31586830055282555
1628718685000,0.3193957949060036
1628718715000,0.31693661023427866
1628718745000,0.3158930560781918
1628718775000,0.32286093498145857
1628718805000,0.31613646756097563
1628718835000,0.3125856471744472
1628718865000,0.3125924852369381
1628718895000,0.31151396394557823
1628718925000,0.3197169564978645
1628718955000,0.310516053088685
1628718985000,0.3175803648159701
1628719015000,0.3126754360148515
1628719045000,0.31594614074074073
1628719075000,0.31611651195121954
1628719105000,0.3098970464805825
1628719135000,0.3115786175925926
1628719165000,0.3107869985915493
1628719195000,0.31305128679361177
1628719225000,0.3196186987819732
1628719255000,0.3114405866748166
1628719285000,0.3118773306110103
1628719315000,0.3092716276299879
1628719345000,0.3123692045510455
1628719375000,0.3107461522560976
1628719405000,0.3147617250922509
1628719435000,0.3123149251522533
1628719465000,0.3090160607317073
1628719495000,0.3140974756457565
1628719525000,0.3122096360343769
1628719555000,0.31364311680981594
1628719585000,0.31244176782393057
1628719615000,0.3203723135862913
1628719645000,0.3103398573993808
1628719675000,0.3122070480319803
1628719705000,0.3172108458996328
1628719735000,0.31603813857493857
1628719765000,0.3116315502752294
1628719795000,0.3138299958488228
1628719825000,0.3189139721680877
1628719855000,0.3158180213003096
1628719885000,0.31916754172794115
1628719915000,0.3177606399503722
1628719945000,0.3124749191900312
1628719975000,0.3153668476821192
1628720005000,0.3139483596813725
1628720035000,0.3162035900371287
1628720065000,0.3121751150676507
1628720095000,0.31886304657282744
1628720125000,0.3163436982790412
1628720155000,0.3237167227747084
1628720185000,0.3142633991706161
1628720215000,0.3147080837353123
1628720245000,0.31315357524813897
1628720275000,0.311989791569945
1628720305000,0.31956339341061624
1628720335000,0.31549875837438424
1628720365000,0.31126188527272725
1628720395000,0.31530132975106256
1628720425000,0.3136250067692308
1628720455000,0.31636574734594264
1628720485000,0.3126092105263158
1628720515000,0.31212903532641856
1628720545000,0.31292841119266057
1628720575000,0.3167483290942928
1628720605000,0.31330109576014536
1628720635000,0.31472404523375835
1628720665000,0.27248743787696017
1628720695000,0.3188073033495737
1628720725000,0.31313592196175205
1628720755000,0.3132712565829761
1628720785000,0.3147136846296296
1628720815000,0.3111206361846154
1628720845000,0.316465242013261
1628720875000,0.3115493847204969
1628720905000,0.3188026130327363
1628720935000,0.3171001199004975
1628720965000,0.3122768131740196
1628720995000,0.3126572448361163
1628721025000,0.3180680477593616
1628721055000,0.31209257594627593
1628721085000,0.3188753941031941
1628721115000,0.3120648942128189
1628721145000,0.3140260043343653
1628721175000,0.30953419174256225
1628721205000,0.318401110519802
1628721235000,0.3168883480170836
1628721265000,0.3155556749239197
1628721295000,0.3163586471059113
1628721325000,0.3120248578066914
1628721355000,0.31630360086633663
1628721385000,0.3113211702166065
1628721415000,0.3189141206581353
1628721445000,0.3124599322501533
1628721475000,0.3153129821644498
1628721505000,0.317208638490099
1628721535000,0.3191074610253243
1628721565000,0.3154113656363636
1628721595000,0.3148814782741738
1628721625000,0.3166283891506509
1628721655000,0.3172034284431138
1628721685000,0.3167743786198398
1628721715000,0.3164591336029869
1628721745000,0.3185889233861145
1628721775000,0.315011360995086
1628721805000,0.3114773862697449
1628721835000,0.3140358098901099
1628721865000,0.3154176810271903
1628721895000,0.3131311199144777
1628721925000,0.31124390812807884
1628721955000,0.31248058423980224
1628721985000,0.3146101146115906
1628722015000,0.31124599785407725
1628722045000,0.3157684870769231
1628722075000,0.3136456213414634
1628722105000,0.31210749095354523
1628722135000,0.3118713976744186
1628722165000,0.3117200268187423
1628722195000,0.3169163039106145
1628722225000,0.31127388204031764
1628722255000,0.3126946359176257
1628722285000,0.31125652262773723
1628722315000,0.3129130653225806
1628722345000,0.31183044318322023
1628722375000,0.3128091163354037
1628722405000,0.3160942770884521
1628722435000,0.31567661667696106
1628722465000,0.3121332222086638
1628722495000,0.3148408252116082
1628722525000,0.31373186670680314
1628722555000,0.3143827843958713
1628722585000,0.31356845409339
1628722615000,0.31302027358834245
1628722645000,0.3197160344
1628722675000,0.3114990871638142
1628722705000,0.3142851952410383
1628722735000,0.3115268391682185
1628722765000,0.31665203325092706
1628722795000,0.31235846691131497
1628722825000,0.3166458478314746
1628722855000,0.31712750530536704
1628722885000,0.3131440458975941
1628722915000,0.3126190270401949
1628722945000,0.3157924163614164
1628722975000,0.3115239142420538
1628723005000,0.3175615201988813
1628723035000,0.3180718179851669
1628723065000,0.3154199487669544
1628723095000,0.3124076473939394
1628723125000,0.3168232010500309
1628723155000,0.3140323476961395
1628723185000,0.3124682137824475
1628723215000,0.31320325058246473
1628723245000,0.31583992615955475
1628723275000,0.3078913499398315
1628723305000,0.3154922825552825
1628723335000,0.3165242679176756
1628723365000,0.31286170779619393
1628723395000,0.3106670761609907
1628723425000,0.3104540682568807
1628723455000,0.3138328811425061
1628723485000,0.3125397053517739
1628723515000,0.32206221036585364
1628723545000,0.3156439921580547
1628723575000,0.3135754552451893
1628723605000,0.3126688226380368
1628723635000,0.3122154951414514
1628723665000,0.3167542272058824
1628723695000,0.3160995664433617
1628723725000,0.31529117701149423
1628723755000,0.31463127545899633
1628723785000,0.3155034516707921
1628723815000,0.31742341014851483
1628723845000,0.31169003057953143
1628723875000,0.3132432019692308
1628723905000,0.3106396339404979
1628723935000,0.3119699482317073
1628723965000,0.31592458055723804
1628723995000,0.3130850915640394
1628724025000,0.3175978923598275
1628724055000,0.3109190496973366
1628724085000,0.31649252347826085
1628724115000,0.312717180195599
1628724145000,0.3104270370054778
1628724175000,0.3132649560885609
1628724205000,0.31286890205562273
1628724235000,0.3165330049170252
1628724265000,0.3129962800613497
1628724295000,0.31583426896135264
1628724325000,0.31418696279212793
1628724355000,0.3100674569689592
1628724385000,0.3135365831280788
1628724415000,0.3155956292100429
1628724445000,0.3224531551786796
1628724475000,0.31114029183548186
1628724505000,0.3160415814565484
1628724535000,0.3128406963190184
1628724565000,0.3080456462241169
1628724595000,0.31810769261744964
1628724625000,0.32273505997544505
1628724655000,0.3160528358328211
1628724685000,0.3180692626838235
1628724715000,0.3130220088054187
1628724745000,0.3119871256299939
1628724775000,0.3137565862153846
1628724805000,0.3220098064259486
1628724835000,0.3176404663625304
1628724865000,0.3123029600244499
1628724895000,0.3169789267241379
1628724925000,0.3131750031908489
1628724955000,0.31813534223602485
1628724985000,0.3168436428140097
1628725015000,0.31306350469512195
1628725045000,0.3109867485714285
1628725075000,0.31997319260843005
1628725105000,0.3118069675609756
1628725135000,0.3131262507050889
1628725165000,0.313615988289393
1628725195000,0.31192848600493217
1628725225000,0.3119124332317073
1628725255000,0.3176266760747664
1628725285000,0.31189763408536586
1628725315000,0.30775375472727273
1628725345000,0.31593785992601725
1628725375000,0.3149070272951325
1628725405000,0.31350573386996905
1628725435000,0.31507716132190944
1628725465000,0.31213704331909703
1628725495000,0.3129466905256724
1628725525000,0.3113506849137931
1628725555000,0.3106733467682927
1628725585000,0.312268290502451
1628725615000,0.3118823430844553
1628725645000,0.3152641152573529
1628725675000,0.3154192615384616
1628725705000,0.3200938105552166
1628725735000,0.3140918200611621
1628725765000,0.31381855165847666
1628725795000,0.311945471579602
1628725825000,0.3161666095443349
1628725855000,0.3175789617466175
1628725885000,0.30773368519174044
1628725915000,0.3122427238713667
1628725945000,0.31021260293219305
1628725975000,0.3093828467811159
1628726005000,0.31311348723010485
1628726035000,0.3153847036429873
1628726065000,0.31978418502772643
1628726095000,0.3127714216918429
1628726125000,0.3187307205405405
1628726155000,0.3122515652200868
1628726185000,0.31657589305896805
1628726215000,0.3125354373188406
1628726245000,0.3148976472981178
1628726275000,0.31381592786683105
1628726305000,0.3169060655045872
1628726335000,0.31423886940160395
1628726365000,0.3161463437996335
1628726395000,0.3165096620455945
1628726425000,0.3208650262896209
1628726455000,0.31222758083282304
1628726485000,0.31144222777093594
1628726515000,0.3154114854345165
1628726545000,0.3139210382317073
1628726575000,0.3175171485524729
1628726605000,0.31245856026977314
1628726635000,0.3115705581222977
1628726665000,0.3112504863274065
1628726695000,0.31632539356617645
1628726725000,0.3152514257230769
1628726755000,0.31148539111801243
1628726785000,0.31591386790953546
1628726815000,0.3150132666869671
1628726845000,0.31101394510638297
1628726875000,0.31241313864615383
1628726905000,0.3213664180307692
1628726935000,0.3159562248929664
1628726965000,0.31076081263736266
1628726995000,0.31598441031746033
1628727025000,0.318310602404439
1628727055000,0.3121472151105651
1628727085000,0.3111780071686747
1628727115000,0.319859051784634
1628727145000,0.3182006396796057
1628727175000,0.3126881023690773
1628727205000,0.317085233065513
1628727235000,0.31164306856269114
1628727265000,0.3118666420096852
1628727295000,0.31479678399014777
1628727325000,0.3170841797421731
1628727355000,0.31552262364080635
1628727385000,0.31490478608433736
1628727415000,0.3118904111383109
1628727445000,0.3152512639213276
1628727475000,0.3173809479831427
1628727505000,0.3108489916718075
1628727535000,0.3164179222625529
1628727565000,0.3110676129527317
1628727595000,0.32019630307314073
1628727625000,0.31023617026203537
1628727655000,0.3166398897139379
1628727685000,0.3115884808968059
1628727715000,0.3158808610468655
1628727745000,0.2500448150885767
1628727775000,0.3139867772392638
1628727805000,0.315266113072694
1628727835000,0.3129888819803198
1628727865000,0.3186244963870178
1628727895000,0.31354853731971155
1628727925000,0.3109845264452645
1628727955000,0.3157164794762485
1628727985000,0.31721326761258484
1628728015000,0.3171962550982801
1628728045000,0.31398600704225355
1628728075000,0.3155702673469388
1628728105000,0.3149889140577041
1628728135000,0.3179477036407767
1628728165000,0.3176208822580645
1628728195000,0.31556286640243897
1628728225000,0.3129957250460405
1628728255000,0.3167868745398773
1628728285000,0.3128315249238269
1628728315000,0.3109201948749237
1628728345000,0.3176414417892157
1628728375000,0.3126688841212121
1628728405000,0.3166555612369871
1628728435000,0.319798847001224
1628728465000,0.31406511324340897
1628728495000,0.31591813156596793
1628728525000,0.31279733126131565
1628728555000,0.3162624933333333
1628728585000,0.3123480383995037
1628728615000,0.31210842507701786
1628728645000,0.3149256374166161
1628728675000,0.3129616016780609
1628728705000,0.3156466339739616
1628728735000,0.3153602587982833
1628728765000,0.3133276295774648
1628728795000,0.31483999551435404
1628728825000,0.3249574448853069
1628728855000,0.32037979938080496
1628728885000,0.3160487791896869
1628728915000,0.31624416325153376
1628728945000,0.3170248048855906
1628728975000,0.3184100660606061
1628729005000,0.3127833832722833
1628729035000,0.3128955692307692
1628729065000,0.3179247689106487
1628729095000,0.3179872993909866
1628729125000,0.3121930059938838
1628729155000,0.3122390180992736
1628729185000,0.31260853240223463
1628729215000,0.3155032070457355
1628729245000,0.313033145421903
1628729275000,0.3120112868974042
1628729305000,0.31206357555555553
1628729335000,0.3136167766810611
1628729365000,0.31251941803582456
1628729395000,0.3153793064894932
1628729425000,0.317104170436386
1628729455000,0.31178235313267816
1628729485000,0.3134028661407767
1628729515000,0.3122822663215591
1628729545000,0.3185272915744157
1628729575000,0.3174924637091805
1628729605000,0.31772478420413125
1628729635000,0.313378370739157
1628729665000,0.3144649002463054
1628729695000,0.31482716678989525
1628729725000,0.25390422960048425
1628729755000,0.3135403282661783
1628729785000,0.31800638895781635
1628729815000,0.3173328393251534
1628729845000,0.3127516635365853
1628729875000,0.3148599753333333
1628729905000,0.3143482167878788
1628729935000,0.3189366517835178
1628729965000,0.3124592633230769
1628729995000,0.3109715205521472
1628730025000,0.3178174344786016
1628730055000,0.3183228159901599
1628730085000,0.3160294704878049
1628730115000,0.3123867452095808
1628730145000,0.3139471397803539
1628730175000,0.31755715261519296
1628730205000,0.3159734772228989
1628730235000,0.3132128936053593
1628730265000,0.31241652420343136
1628730295000,0.3164723473781617
1628730325000,0.3170021120171674
1628730355000,0.3093883525835866
1628730385000,0.3123393220958084
1628730415000,0.3101897074800736
1628730445000,0.3165462109113453
1628730475000,0.31526645251973284
1628730505000,0.31229976074481075
1628730535000,0.31082954191763984
1628730565000,0.3114643409616555
1628730595000,0.3111750643934822
1628730625000,0.3146112721948212
1628730655000,0.31685387637941725
1628730685000,0.3179805695069994
1628730715000,0.31285196482164823
1628730745000,0.3114287920858896
1628730775000,0.31309200636864665
1628730805000,0.3113354794208256
1628730835000,0.3115351345846154
1628730865000,0.3163723137037037
1628730895000,0.31720628690549724
1628730925000,0.31497208125376736
1628730955000,0.3161278776628119
1628730985000,0.3132640098420413
1628731015000,0.32109598038247994
1628731045000,0.31365787304832715
1628731075000,0.3107423585740627
1628731105000,0.31084641156670745
1628731135000,0.25241509712538224
1628731165000,0.25406911835599505
1628731195000,0.2533638995686999
1628731225000,0.2540750454434251
1628731255000,0.2552959159509203
1628731285000,0.25270631283292977
1628731315000,0.24996445477941176
1628731345000,0.2507557572044335
1628731375000,0.25280058868274585
1628731405000,0.2593614263513513
1628731435000,0.25011132133251834
1628731465000,0.2541107811567164
1628731495000,0.2533551826431181
1628731525000,0.2498795788140828
1628731555000,0.25111369571773223
1628731585000,0.25405087311960545
1628731615000,0.25374345237215035
1628731645000,0.2553738675308642
1628731675000,0.2535402370036101
1628731705000,0.1872633766441303
1628731735000,0.1898859380633374
1628731765000,0.19005131629450814
1628731795000,0.18752678838630807
1628731825000,0.18698843620049505
1628731855000,0.1862082774491682
1628731885000,0.19102389513846155
1628731915000,0.18713050667880995
1628731945000,0.19655295089450955
1628731975000,0.192312886318408
1628732005000,0.19142661466992664
1628732035000,0.19179967323076924
1628732065000,0.19283173779963125
1628732095000,0.1866303901098901
1628732125000,0.1887805172136223
1628732155000,0.1913889662804878
1628732185000,0.1962860043557169
1628732215000,0.19334251840490804
1628732245000,0.1908565389913899
1628732275000,0.1902702919879518
1628732305000,0.18508814581072933
1628732335000,0.1931414043583535
1628732365000,0.1879269028151775
1628732395000,0.18799925557620814
1628732425000,0.19053792313253007
1628732455000,0.18694662981366456
1628732485000,0.19140799771039604
1628732515000,0.1956235688667497
1628732545000,0.1907914493276284
1628732575000,0.1926826235582822
1628732605000,0.1904864879708384
1628732635000,0.19134621485148515
1628732665000,0.1919449837477259
1628732695000,0.19305954559457794
1628732725000,0.19039347175245094
1628732755000,0.1869989062268804
1628732785000,0.19208194816849816
1628732815000,0.18755757098540146
1628732845000,0.18777542116207951
1628732875000,0.188945265152458
1628732905000,0.18685427366828086
1628732935000,0.1929368307120743
1628732965000,0.18882671024390246
1628732995000,0.1909334880722892
1628733025000,0.19216178192473785
1628733055000,0.18984229335384611
1628733085000,0.1926191304054054
1628733115000,0.1874128373923739
1628733145000,0.18678566808379546
1628733175000,0.1875914006134969
1628733205000,0.1927028689676617
1628733235000,0.19208460636195185
1628733265000,0.1887604684723068
1628733295000,0.19015807242424246
1628733325000,0.19370375754017305
1628733355000,0.18735259126691267
1628733385000,0.1901537100241546
1628733415000,0.18657716944444444
1628733445000,0.19057140606811146
1628733475000,0.1866900570722668
1628733505000,0.1912453698780488
1628733535000,0.18652587578692492
1628733565000,0.19007087768240344
1628733595000,0.18807288339506173
1628733625000,0.1935582728606357
1628733655000,0.1874293313749243
1628733685000,0.1867222437082067
1628733715000,0.18827776414514144
1628733745000,0.18716405816636308
1628733775000,0.18652232049427367
1628733805000,0.19237795949908368
1628733835000,0.1965362475579976
1628733865000,0.18861111654366544
1628733895000,0.1851098764527845
1628733925000,0.18795555582822085
1628733955000,0.19075679938309686
1628733985000,0.1897703099574985
1628734015000,0.18634781103575832
1628734045000,0.18782053675675675
1628734075000,0.12934378962782184
1628734105000,0.12503411433868974
1628734135000,0.12571724103512014
1628734165000,0.12956123704164074
1628734195000,0.12991025459592845
1628734225000,0.1296592328842621
1628734255000,0.12802973742293464
1628734285000,0.12856602259236827
1628734315000,0.12855334771604934
1628734345000,0.12998537443006775
1628734375000,0.07075564722730042
1628734405000,0.06327461912128712
1628734435000,0.06423291304878047
1628734465000,0.06245768744641764
1628734495000,0.0633451284916201
1628734525000,0.06231205931582162
1628734555000,0.06578185414091471
1628734585000,0.061929785306618086
1628734615000,0.066616028536436
1628734645000,0.06751378377219841
1628734675000,0.06704283529411764
1628734705000,0.06684477153419592
1628734735000,0.06284319705521473
1628734765000,0.062393474021131136
1628734795000,0.06761721232372778
1628734825000,0.06367480268620268
1628734855000,0.06256068646803227
1628734885000,0.06256421965916008
1628734915000,0.06285097115737906
1628734945000,0.0648045145398773
1628734975000,0.0629641309002433
1628735005000,0.06228834396076027
1628735035000,0.06738396182828907
1628735065000,0.06612901246898263
1628735095000,0.06309334541033433
1628735125000,0.06670534773561812
1628735155000,0.06689356385836387
1628735185000,0.06730942539877299
1628735215000,0.06764983884093713
1628735245000,0.06655948365617434
1628735275000,0.07149402204724409
1628735305000,0.06519570148883375
1628735335000,0.06555008212083847
1628735365000,0.06596602124768376
1628735395000,0.062286309809932563
1628735425000,0.06474600220723482
1628735455000,0.06365914643521389
1628735485000,0.0632766422818792
1628735515000,0.06589790262675628
1628735545000,0.06254485838006231
1628735575000,0.06613433285891089
1628735605000,0.0662854612645795
1628735635000,0.06342476621454994
1628735665000,0.06252379156994503
1628735695000,0.07074191020535159
1628735725000,0.06327529568699937
1628735755000,0.06658596902173912
1628735785000,0.06705405129151291
1628735815000,0.06215635592387968
1628735845000,0.06344396363076922
1628735875000,0.066238405681124
1628735905000,0.06401476912216084
1628735935000,0.06633594532595326
1628735965000,0.06419966435944141
1628735995000,0.06891199792429792
1628736025000,0.07382709331306991
1628736055000,0.06658970962009804
1628736085000,0.0651214533866995
1628736115000,0.0670860772113022
1628736145000,0.06302769480519481
1628736175000,0.06610666839536303
1628736205000,0.06324427616707616
1628736235000,0.06147108195625759
1628736265000,0.06799597088998764
1628736295000,0.06702161262839879
1628736325000,0.06505835161691542
1628736355000,0.06233477922077923
1628736385000,0.06621142604361371
1628736415000,0.06633478976715686
1628736445000,0.06313142812879709
1628736475000,0.0733873340061162
1628736505000,0.06292373441832429
1628736535000,0.07061563081180812
1628736565000,0.06617557285368802
1628736595000,0.0712023145398773
1628736625000,0.06708930724370779
1628736655000,0.06553960105459057
1628736685000,0.07352730627306273
1628736715000,0.06410151415384616
1628736745000,0.06469882133084577
1628736775000,0.06574319797917942
1628736805000,0.06228724512568976
1628736835000,0.06257307553912507
1628736865000,0.067479275
1628736895000,0.06641684079510704
1628736925000,0.07247857371951219
1628736955000,0.06749428921933086
1628736985000,0.06653430588949605
1628737015000,0.07114670135135136
1628737045000,0.06474322538604077
1628737075000,0.0631519736453202
1628737105000,0.06713453217391305
1628737135000,0.062114958226299685
1628737165000,0.06258940271903324
1628737195000,0.06494863167587478
1628737225000,0.062265682092307685
1628737255000,0.07141323316953317
1628737285000,0.0659991934556575
1628737315000,0.06315621868064117
1628737345000,0.07041982860650706
1628737375000,0.07064522045039562
1628737405000,0.0705448810760668
1628737435000,0.06713717413268411
1628737465000,0.06617867634474328
1628737495000,0.06467959099321406
1628737525000,0.06323634442413162
1628737555000,0.06705156621621622
1628737585000,0.06724115618461539
1628737615000,0.0650003084515731
1628737645000,0.06199639554334555
1628737675000,0.06656595272067714
1628737705000,0.06567139025735294
1628737735000,0.06505199457794207
1628737765000,0.06693639250153657
1628737795000,0.06928369420378279
1628737825000,0.06711099785801714
1628737855000,0.06258158082869511
1628737885000,0.06889060074119828
1628737915000,0.06390784661746618
1628737945000,0.06642753311097635
1628737975000,0.06242542469512195
1628738005000,0.06769392350030921
1628738035000,0.06230289442424242
1628738065000,0.06219544963414634
1628738095000,0.06498142995676344
1628738125000,0.024433621631644004
1628738155000,0.0038731371921182267
1628738185000,0.0024243788067122435
1628738215000,0.005345799876619371
1628738245000,0.004301169676214197
1628738275000,3.3688581952117856e-05
1628738305000,3.440223325062035e-05
1628738335000,0.004284437599510104
1628738365000,0.000707439901173564
1628738395000,0.004096187461395924
1628738425000,0.0073488152490887
1628738455000,0.005487572501551831
1628738485000,3.294930006086427e-05
1628738515000,0.006067885187461586
1628738545000,0.004171659545733579
1628738575000,3.4393601462522854e-05
1628738605000,0.0094546104283054
1628738635000,0.009164823669724771
1628738665000,0.0006387789312039312
1628738695000,3.299944547134935e-05
1628738725000,0.0042086764272559855
1628738755000,0.004133520220588235
1628738785000,0.004703768372943327
1628738815000,0.0010088966174661746
1628738845000,0.0038641130303030307
1628738875000,0.008216594070413835
1628738905000,0.0007128213308457711
1628738935000,0.00605667429620563
1628738965000,0.0007271964131106987
1628738995000,3.427533908754624e-05
1628739025000,0.0008575849298352653
1628739055000,3.6120971709717105e-05
1628739085000,3.737007970570202e-05
1628739115000,6.438772473651581e-05
1628739145000,6.318702101359703e-05
1628739175000,3.257574832009774e-05
1628739205000,0.004730487126296522
1628739235000,0.006812266461538462
1628739265000,0.002697513594611145
1628739295000,0.00990461056166056
1628739325000,0.0015703618461538461
1628739355000,0.0011050681846153847
1628739385000,0.004752937769562538
1628739415000,0.0035120010240963857
1628739445000,0.0027292791026429014
1628739475000,0.0059576741975308645
1628739505000,3.1624043715847e-05
1628739535000,0.0009698612169637367
1628739565000,3.0891009852216746e-05
1628739595000,3.25807881773399e-05
1628739625000,0.003302094642857143
1628739655000,0.010892780972906404
1628739685000,0.0007422047678018576
1628739715000,0.002170484162062615
1628739745000,3.416777367773678e-05
1628739775000,3.186355198019802e-05
1628739805000,0.0006807692782233191
1628739835000,0.002072725373134328
1628739865000,0.0006223025293028994
1628739895000,0.007923989184177997
1628739925000,0.0019470151681957187
1628739955000,0.008003294818013571
1628739985000,3.1419889502762434e-05
1628740015000,0.000590940626920713
1628740045000,0.005097440535491905
1628740075000,0.011979509932140654
1628740105000,0.009032663157894735
1628740135000,0.00736710086526576
1628740165000,0.004987619453076446
1628740195000,0.005054477668711656
1628740225000,0.00584747270501836
1628740255000,0.0022079822044334977
1628740285000,0.0026070004320987656
1628740315000,0.0006923746314496316
1628740345000,0.004132941625615763
1628740375000,3.4485590599876316e-05
1628740405000,0.004780885140073082
1628740435000,0.0040075573283859
1628740465000,0.0008070172056131788
1628740495000,3.363384426732066e-05
1628740525000,0.003954248284313726
1628740555000,0.004952844575325481
1628740585000,3.802865064695009e-05
1628740615000,0.0005897923409512045
1628740645000,0.004144497456575682
1628740675000,0.0007844438682123246
1628740705000,0.0006356661027190332
1628740735000,0.00423889130702836
1628740765000,3.378490683229814e-05
1628740795000,0.011545088151364765
1628740825000,0.006176468654899574
1628740855000,0.0006579545789797172
1628740885000,0.008165289688834655
1628740915000,0.004015045589142505
1628740945000,0.006761718137553256
1628740975000,0.002281251933701657
1628741005000,3.4113856529736355e-05
1628741035000,0.0006962766871165644
1628741065000,0.0041221276339554495
1628741095000,0.0048600060773480655
1628741125000,0.003872329781931464
1628741155000,0.0009458728667894414
1628741185000,0.004615736051502146
1628741215000,0.0039207620198265175
1628741245000,0.004998413572732807
1628741275000,0.0013717212400245551
1628741305000,0.007577654629061925
1628741335000,0.006049271743119266
1628741365000,0.0041264995726495715
1628741395000,3.2439204892966355e-05
1628741425000,0.0013887036085626912
1628741455000,0.005955975046554935
1628741485000,0.0021522707076923075
1628741515000,0.0019992796778190826
1628741545000,6.39460736196319e-05
1628741575000,0.008865979187192119
1628741605000,7.987958937198066e-05
1628741635000,0.00781594819350888
1628741665000,0.0007168422864167179
1628741695000,0.004789765945611865
1628741725000,0.005965107495429617
1628741755000,0.000799264166150031
1628741785000,0.01149055287990196
1628741815000,0.003802003909590715
1628741845000,0.008048165864197529
1628741875000,0.0008135639384615384
1628741905000,0.00341229512195122
1628741935000,6.856087762669963e-05
1628741965000,0.007521620439292252
1628741995000,0.0038079721311475405
1628742025000,0.0009902597394540944
1628742055000,0.004695632552404439
1628742085000,0.002226517071688943
1628742115000,0.008627523034055727
1628742145000,3.2094117647058824e-05
1628742175000,3.2218791946308725e-05
1628742205000,0.0010914725382262997
1628742235000,0.004910622284295469
1628742265000,0.0037838609068627455
1628742295000,0.0006382373768472906
1628742325000,0.004815836672738312
1628742355000,0.008113697374847375
1628742385000,0.004215981923311017
1628742415000,0.003112731353337416
1628742445000,0.004893114303405573
1628742475000,0.003914041092489137
1628742505000,3.5281311274509806e-05
1628742535000,3.3579950495049514e-05
1628742565000,0.008173105360443623
1628742595000,3.5159373079287034e-05
1628742625000,0.0006203386642156863
1628742655000,0.004967415818516248
1628742685000,0.0048939339066339065
1628742715000,0.0023112761815920397
1628742745000,3.5394909993792674e-05
1628742775000,3.212308164518109e-05
1628742805000,3.201133455210238e-05
1628742835000,0.008011471051014138
1628742865000,0.006054117077681874
1628742895000,0.0042775243226601
1628742925000,0.0038808834655277608
1628742955000,0.0017735118591723285
1628742985000,0.0038934142059553352
1628743015000,0.0013350487553126895
1628743045000,3.296217391304348e-05
1628743075000,0.004237837783221066
1628743105000,3.503161131611316e-05
1628743135000,0.0041683784966112135
1628743165000,0.004233620617283951
1628743195000,0.008286373193329215
1628743225000,0.0011180075215782984
1628743255000,3.2457320099255585e-05
1628743285000,3.772039555006181e-05
1628743315000,0.013097761344019729
1628743345000,0.004235802492401216
1628743375000,0.0022642662546353523
1628743405000,0.0027277074324324325
1628743435000,0.007584519595835885
1628743465000,0.004799690599876314
1628743495000,0.0010386328449328447
1628743525000,3.119699754901961e-05
1628743555000,0.0028370981016533985
1628743585000,0.00266447572575664
1628743615000,3.255702786377709e-05
1628743645000,0.0038763688454489923
1628743675000,0.0010011705167173252
1628743705000,0.0012703410272277226
1628743735000,0.00775656906077348
1628743765000,0.008671723762376238
1628743795000,3.1972080291970804e-05
1628743825000,3.389857585139319e-05
1628743855000,0.0008877068417837508
1628743885000,0.008025567645259938
1628743915000,0.003774942435424353
1628743945000,3.771203871748336e-05
1628743975000,0.008958314722052534
1628744005000,3.585514075887393e-05
1628744035000,0.006631900308451573
1628744065000,6.557904411764705e-05
1628744095000,0.002630649041434756
1628744125000,7.005303494788473e-05
1628744155000,0.0007446915847665848
1628744185000,0.006644373370233703
1628744215000,0.007840943198529411
1628744245000,0.005926126360856269
1628744275000,0.0006984598415600244
1628744305000,0.0040562827736318405
1628744335000,0.0024343428394296342
1628744365000,0.003797298086419753
1628744395000,0.000789694733619106
1628744425000,0.0011359963848039214
1628744455000,0.008917970055113288
1628744485000,0.0039567748777506115
1628744515000,3.534200123533045e-05
1628744545000,0.008222907834669956
1628744575000,0.004098651120533011
1628744605000,0.004282876459741856
1628744635000,0.0018019727832512317
1628744665000,0.0042237990068280575
1628744695000,3.251011578305911e-05
1628744725000,0.007043473651960785
1628744755000,0.0015568687576875768
1628744785000,0.004966505630354957
1628744815000,0.005187760596833129
1628744845000,6.059065533980583e-05
1628744875000,3.14024554941682e-05
1628744905000,3.356623296158612e-05
1628744935000,0.004934359814241486
1628744965000,0.003977164508094645
1628744995000,0.004088522935779815
1628745025000,0.0064266342804200115
1628745055000,0.0022876587076923077
1628745085000,0.007919514839901477
1628745115000,0.002482461104368932
1628745145000,0.004487937683823529
1628745175000,6.25440688383528e-05
1628745205000,3.437952853598015e-05
1628745235000,0.0071988022401991295
1628745265000,0.006341023958333333
1628745295000,0.003821668265682657
1628745325000,0.0055555998156115545
1628745355000,0.004722199068901304
1628745385000,0.0053956757668711655
1628745415000,0.010011347633681623
1628745445000,0.005133693568336426
1628745475000,0.008244885355392157
1628745505000,0.0055366206555349405
1628745535000,0.008505275259621258
1628745565000,0.007795039490049752
1628745595000,6.172555012224939e-05
1628745625000,0.004919799698976521
1628745655000,0.005374817665036675
1628745685000,0.008319698523985241
1628745715000,3.2039001848428836e-05
1628745745000,0.007234165203955502
1628745775000,0.010828742733990149
1628745805000,0.0009401054534313724
1628745835000,0.0036818887742718453
1628745865000,0.008063402267156862
1628745895000,0.005008853006134969
1628745925000,0.006341984132841328
1628745955000,0.0014194672626387176
1628745985000,0.009893478619839805
1628746015000,0.002351415171990172
1628746045000,0.0012785271779141105
1628746075000,0.0009459857318573186
1628746105000,0.0028025364749082013
1628746135000,0.00272050671182266
1628746165000,0.008304897280593325
1628746195000,0.005284157603406326
1628746225000,0.0041809069306930685
1628746255000,0.004954706757594544
1628746285000,3.246376456161864e-05
1628746315000,0.009353366810610737
1628746345000,3.446951672862453e-05
1628746375000,0.0021402564447159443
1628746405000,0.00482063191620456
1628746435000,0.004548627872860636
1628746465000,0.0048815277123372604
1628746495000,4.909549604382228e-05
1628746525000,0.0007567630195599022
1628746555000,4.366191059399878e-05
1628746585000,0.006018847826086957
1628746615000,0.0008854622790981109
1628746645000,0.004900208491142335
1628746675000,0.006556237592137592
1628746705000,0.003352911269349845
1628746735000,0.008030875876923077
1628746765000,3.2828142244022074e-05
1628746795000,0.004727784117287722
1628746825000,0.004700240851063829
1628746855000,0.0007211811090798294
1628746885000,0.009391998600973235
1628746915000,0.0048245223114956725
1628746945000,0.0041792486670799755
1628746975000,0.000733356261566934
1628747005000,0.003985417705735661
1628747035000,3.058399511301161e-05
1628747065000,0.005966813280776228
1628747095000,0.005728983930778739
1628747125000,0.0006119202594193948
1628747155000,0.004810314520048603
1628747185000,0.003320425900621118
1628747215000,0.00461269726110773
1628747245000,0.004071573036487322
1628747275000,0.0006968000618429188
1628747305000,3.734022208513263e-05
1628747335000,3.348935523114355e-05
1628747365000,0.0008773275257108287
1628747395000,0.0026551890986601704
1628747425000,0.0006962634191176472
1628747455000,0.0091102987707437
1628747485000,0.004757154024390244
1628747515000,0.002576370439084725
1628747545000,3.374007398273736e-05
1628747575000,0.0010985617810760667
1628747605000,0.0006363638634978671
1628747635000,0.004172306917850525
1628747665000,3.602939356435644e-05
1628747695000,0.0065867429274292745
1628747725000,0.009614625818181816
1628747755000,0.005632222757779135
1628747785000,0.004267045694956949
1628747815000,0.00413703056416615
1628747845000,0.006455488882063882
1628747875000,0.0037899247087676276
1628747905000,0.008112388185140073
1628747935000,0.005977042680667078
1628747965000,0.0049968447642376
1628747995000,0.00048021408536585373
1628748025000,0.004196714917127072
1628748055000,3.190197409006786e-05
1628748085000,0.00031817437965260553
1628748115000,0.0007904315952824332
1628748145000,0.0040561722802704364
1628748175000,3.218074800735745e-05
1628748205000,0.0017754308550185871
1628748235000,3.273225605966439e-05
1628748265000,0.008462035801713586
1628748295000,0.0022130756354618725
1628748325000,0.0007022535736102628
1628748355000,3.669649661954517e-05
1628748385000,0.004164659581022797
1628748415000,0.0023809299507995076
1628748445000,0.0007028071688942891
1628748475000,0.0007080609442060086
1628748505000,3.3859085290482083e-05
1628748535000,0.0038443301394784717
1628748565000,0.004381972620519159
1628748595000,0.004334815157116451
1628748625000,3.29458052663809e-05
1628748655000,3.3952039555006185e-05
1628748685000,3.483778461538462e-05
1628748715000,0.004128363047501542
1628748745000,0.005988427048675292
1628748775000,0.00869624613022113
1628748805000,3.723557632398754e-05
1628748835000,3.3166398514851477e-05
1628748865000,0.0038092933782955243
1628748895000,0.00412133574908648
1628748925000,0.005798828387492336
1628748955000,0.0040672226081657535
1628748985000,0.004811560072815534
1628749015000,3.4078036809815946e-05
1628749045000,0.0037448404046597173
1628749075000,0.004931734303030303
1628749105000,6.547524691358025e-05
1628749135000,0.0042489349478847345
1628749165000,0.002772107299270073
1628749195000,0.0023387748017083586
1628749225000,0.004068762874617737
1628749255000,0.008190143148148149
1628749285000,0.004957503481979229
1628749315000,0.0040766982434887935
1628749345000,0.007193036313533375
1628749375000,0.000612056090133983
1628749405000,0.0033129080845771147
1628749435000,0.004684117270531401
1628749465000,0.0007378514197530863
1628749495000,0.004313295232198143
1628749525000,0.00794726189005559
1628749555000,0.00304369435928878
1628749585000,0.0040703955555555565
1628749615000,0.002569515408225905
1628749645000,3.1894262800740286e-05
1628749675000,0.0050550261244608746
1628749705000,3.231424205378973e-05
1628749735000,0.004895349485783424
1628749765000,6.595929802955665e-05
1628749795000,0.0008479874461538463
1628749825000,0.006855065802469136
1628749855000,3.246882245271507e-05
1628749885000,0.006012513912515188
1628749915000,0.006431896255371394
1628749945000,3.224144696505211e-05
1628749975000,3.43051376146789e-05
1628750005000,0.004941326892307692
1628750035000,0.004332245353846154
1628750065000,0.000557846167995095
1628750095000,3.17970285021225e-05
1628750125000,0.00213488419117647
1628750155000,0.0052052633724521315
1628750185000,0.0041454725321888415
1628750215000,3.2872558714462295e-05
1628750245000,0.0036504725195429947
1628750275000,3.33712962962963e-05
1628750305000,3.2242812887236684e-05
1628750335000,0.00486597278828554
1628750365000,0.007003917811550153
1628750395000,0.0026664668525402725
1628750425000,0.006899556580565807
1628750455000,0.005662194962686567
1628750485000,0.001262279066912216
1628750515000,0.005081513933415536
1628750545000,0.0007078422371638143
1628750575000,0.004052408379204893
1628750605000,0.0042739856790123465
1628750635000,0.003066878452012384
1628750665000,8.492179487179487e-05
1628750695000,0.0040900402200489
1628750725000,0.0045895451294697895
1628750755000,0.007389257276119403
1628750785000,3.226226765799256e-05
1628750815000,0.0006712192808431494
1628750845000,3.439525569932224e-05
1628750875000,0.0041026744471744465
1628750905000,0.001080963832409119
1628750935000,0.0008191166044776119
1628750965000,0.006226919888475836
1628750995000,0.002124914119091467
1628751025000,3.630378279438682e-05
1628751055000,0.004903271145510836
1628751085000,3.3471648216482164e-05
1628751115000,0.004020080531520396
1628751145000,3.2596541074737496e-05
1628751175000,0.004816509883364027
1628751205000,0.004449254338461539
1628751235000,0.0013832420795107036
1628751265000,0.009324097107692308
1628751295000,2.9424491054904382e-05
1628751325000,0.006317328730650155
1628751355000,0.0007658557387057388
1628751385000,0.004833496585971446
1628751415000,0.004626471334530221
1628751445000,0.007995311253041362
1628751475000,0.005055794250764526
1628751505000,0.004917006032338308
1628751535000,0.0025818285276073623
1628751565000,3.323740786240786e-05
1628751595000,0.010120973247232472
1628751625000,0.005150172861538462
1628751655000,0.0008058732796032237
1628751685000,0.0008638313112745098
1628751715000,0.002098009552969994
1628751745000,0.0009029542027194069
1628751775000,0.0007481986335403728
1628751805000,0.002511246115906289
1628751835000,0.004977383323152108
1628751865000,0.008642632260061919
1628751895000,0.007367632905198777
1628751925000,0.000898371851851852
1628751955000,3.4669383945239584e-05
1628751985000,0.002284656407112201
1628752015000,0.0017476962033067974
1628752045000,0.010351199445812807
1628752075000,3.270687538367096e-05
1628752105000,0.00381362510849349
1628752135000,0.005112409888751546
1628752165000,0.0003576528370957901
1628752195000,0.005087201058530511
1628752225000,0.0065049846633416465
1628752255000,0.007624683970406904
1628752285000,3.1463882063882066e-05
1628752315000,0.004791380171884592
1628752345000,0.007149830218446601
1628752375000,0.005011523525835866
1628752405000,0.0041374438919582575
1628752435000,0.004360890797546012
1628752465000,0.0007166894153846152
1628752495000,0.0027057440512507627
1628752525000,6.214258104738154e-05
1628752555000,3.3267098765432104e-05
1628752585000,0.00793126996941896
1628752615000,0.0033112133251079587
1628752645000,3.2778762135922335e-05
1628752675000,0.004082001043585022
1628752705000,0.0011176987187309336
1628752735000,0.0023203486255345147
1628752765000,0.002447020484848485
1628752795000,3.292285539215686e-05
1628752825000,0.0007033703862660946
1628752855000,0.00386576552357624
1628752885000,0.004106739663760897
1628752915000,3.253666465984347e-05
1628752945000,0.001622709079678814
1628752975000,3.448257946210269e-05
1628753005000,0.002208939362354384
1628753035000,0.00609033137973138
1628753065000,0.000976976843388178
1628753095000,0.0007090985941320293
1628753125000,0.004239660370370371
1628753155000,0.0008408201593137255
1628753185000,0.002657805626911315
1628753215000,0.008401354358655043
1628753245000,3.743029174425823e-05
1628753275000,0.002203521003717472
1628753305000,0.0009519752141982864
1628753335000,0.008306957577639752
1628753365000,0.0007276239726027397
1628753395000,3.261044226044226e-05
1628753425000,0.005745600553165335
1628753455000,0.0061237060012247395
1628753485000,0.00790137323600973
1628753515000,0.0010462322699386502
1628753545000,3.327925564368517e-05
1628753575000,3.1707501549907014e-05
1628753605000,0.008560129066171923
1628753635000,7.182536674816626e-05
1628753665000,0.009585802100061769
1628753695000,3.15974358974359e-05
1628753725000,0.005025438201569101
1628753755000,0.007226326703163017
1628753785000,3.222553713934929e-05
1628753815000,0.003195843772893773
1628753845000,0.0028240417636252297
1628753875000,0.009312829563614013
1628753905000,3.586695018226003e-05
1628753935000,3.635365408038977e-05
1628753965000,3.4831269160024515e-05
1628753995000,5.5406932515337414e-05
1628754025000,0.004058002140672783
1628754055000,0.0037144195092024537
1628754085000,0.004737764451219513
1628754115000,0.004158114111922141
1628754145000,0.004134258637469587
1628754175000,0.004742194818013572
1628754205000,3.250956790123457e-05
1628754235000,0.0038708939226519343
1628754265000,0.008436465832824893
1628754295000,0.004852380410447762
1628754325000,0.0005659132552404438
1628754355000,0.0007426606023355869
1628754385000,0.0006463280690931524
1628754415000,0.005023693296089386
1628754445000,0.0025941730049875308
1628754475000,0.0038639873840445272
1628754505000,0.0008183211241507102
1628754535000,0.003924691661519457
1628754565000,0.0040898903763109205
1628754595000,0.00070414263189812
1628754625000,3.6000976800976795e-05
1628754655000,0.008362210802469136
1628754685000,3.422685643564356e-05
1628754715000,3.1829889298892985e-05
1628754745000,0.002135279003115265
1628754775000,0.009639653725015143
1628754805000,0.002554847828746177
1628754835000,0.0006381272727272728
1628754865000,0.006526662015980332
1628754895000,0.003836716605392157
1628754925000,0.0038905998769987703
1628754955000,0.004888523370233703
1628754985000,0.003321639643515673
1628755015000,0.0020346771165644173
1628755045000,0.0006362160539215687
1628755075000,3.4031327543424315e-05
1628755105000,0.004154155781057811
1628755135000,0.0022631131546134663
1628755165000,3.513161131611316e-05
1628755195000,0.004130781442663378
1628755225000,0.004098208828939301
1628755255000,0.0008052659354052407
1628755285000,0.007349398152709359
1628755315000,0.0048498741421568615
1628755345000,0.0047542516069221255
1628755375000,0.0024377104708798013
1628755405000,0.0041500632
1628755435000,0.004184745319280843
1628755465000,0.003515294810744811
1628755495000,3.5345879458794595e-05
1628755525000,3.130177587262707e-05
1628755555000,6.039600242277409e-05
1628755585000,3.270923547400611e-05
1628755615000,0.004024993397940642
1628755645000,3.302409342347879e-05
1628755675000,0.0055973531017369715
1628755705000,0.004712257959434542
1628755735000,0.004824992861576661
1628755765000,0.0018234285098522169
1628755795000,0.0006171988854489165
1628755825000,0.0049716296024464824
1628755855000,0.002538665940224159
1628755885000,0.0067513790145985395
1628755915000,0.0050432573170731704
1628755945000,0.0011283705191594562
1628755975000,0.0051065623682579045
1628756005000,0.005000019776119403
1628756035000,0.003217969420468557
1628756065000,3.4597517070142766e-05
1628756095000,0.006143283990147784
1628756125000,0.0021128173700305807
1628756155000,6.437652552926526e-05
1628756185000,0.001809076304481277
1628756215000,0.012809435972989565
1628756245000,0.004807091411042946
1628756275000,0.004782810968137255
1628756305000,0.005839365113427346
1628756335000,0.008168505418719213
1628756365000,3.3858307405102675e-05
1628756395000,0.007939162690200853
1628756425000,0.004616702717726992
1628756455000,3.391323803604723e-05
1628756485000,0.008366400483383685
1628756515000,3.21415479876161e-05
1628756545000,0.004949948919085854
1628756575000,0.000593198091133005
1628756605000,3.5513092269326684e-05
1628756635000,0.0008835654034229828
1628756665000,0.004571563836285889
1628756695000,0.0016331085679314565
1628756725000,0.0009258879876160992
1628756755000,0.0006352450428396573
1628756785000,0.0008741648481091134
1628756815000,0.004815557326007326
1628756845000,0.004945768385512584
1628756875000,0.002696477353846154
1628756905000,0.0020204607975460127
1628756935000,0.0068332995031055895
1628756965000,0.008190475774473358
1628756995000,0.0009421806353084912
1628757025000,0.01052713622386224
1628757055000,0.008132223518631644
1628757085000,0.00392108515815085
1628757115000,0.004860856079404468
1628757145000,0.006326904978488015
1628757175000,0.004103886785494775
1628757205000,0.0014524053341508278
1628757235000,0.00631760742786986
1628757265000,0.0026910871007371014
1628757295000,0.004275206307977736
1628757325000,3.62770079705702e-05
1628757355000,0.007254681382316314
1628757385000,0.007770533394607843
1628757415000,0.003901855679012345
1628757445000,0.006730545922746781
1628757475000,3.472367773677737e-05
1628757505000,0.0006223090965732088
1628757535000,0.0048230217815741295
1628757565000,0.006367655824039653
1628757595000,0.0006404182828906733
1628757625000,0.004133588307692308
1628757655000,0.004202225246305418
1628757685000,0.0017185433109346364
1628757715000,0.007442368865598027
1628757745000,0.0008772139902676399
1628757775000,0.004275549197530864
1628757805000,0.001356685687847008
1628757835000,0.006416090390576565
1628757865000,0.005097373018753781
1628757895000,0.0010749063492063492
1628757925000,0.004763664064436185
1628757955000,0.008832313403335392
1628757985000,0.002073666481481481
1628758015000,0.00408061062771908
1628758045000,0.002528846550652579
1628758075000,0.001171458197217181
1628758105000,0.006100072861538462
1628758135000,3.716173218673219e-05
1628758165000,0.007634045024570025
1628758195000,0.003885862561881188
1628758225000,0.0014054800615384616
1628758255000,0.0037434923636363642
1628758285000,0.004125287106724244
1628758315000,0.0049173727048675295
1628758345000,0.004876324467437614
1628758375000,3.1960995085995095e-05
1628758405000,0.004079015688696727
1628758435000,3.5452102376599635e-05
1628758465000,0.006011832224276032
1628758495000,0.006322626156693399
1628758525000,0.0026425135250917994
1628758555000,3.2974414303329226e-05
1628758585000,0.0014024450695704776
1628758615000,0.004225805714285714
1628758645000,0.000727803957946815
1628758675000,6.196238475722188e-05
1628758705000,0.006785448102815178
1628758735000,0.007988229238329238
1628758765000,0.004115985679164106
1628758795000,0.000750178416821274
1628758825000,0.003490991820418204
1628758855000,3.3685853658536594e-05
1628758885000,0.004143834672435105
1628758915000,0.0014905203669724769
1628758945000,0.005103464131106988
1628758975000,0.002013824414303329
1628759005000,0.004099068460111317
1628759035000,0.003744027300995025
1628759065000,0.004606043041079092
1628759095000,3.2859275184275186e-05
1628759125000,0.0020480725526641885
1628759155000,0.005542487663551403
1628759185000,3.251372667068031e-05
1628759215000,0.00412159757311761
1628759245000,0.00395956875
1628759275000,3.6086001217285455e-05
1628759305000,3.374828446662508e-05
1628759335000,0.0041376336585365854
1628759365000,0.0006775708333333332
1628759395000,0.004036621010474429
1628759425000,3.3142046855733664e-05
1628759455000,0.005631198319850653
1628759485000,0.005106995945945946
1628759515000,0.004187758512599877
1628759545000,0.0048677669543773115
1628759575000,0.0041012165550821655
1628759605000,0.002373100062383032
1628759635000,0.0025032708536585372
1628759665000,6.666420664206642e-05
1628759695000,0.00644667357798165
1628759725000,0.008259825322679779
1628759755000,3.485481299816064e-05
1628759785000,0.005008377974374619
1628759815000,3.5887347188264057e-05
1628759845000,0.0013458669938650307
1628759875000,3.2721529919802586e-05
1628759905000,0.0009169561317876754
1628759935000,3.148125384142594e-05
1628759965000,0.0008885905140758873
1628759995000,3.371729230769231e-05
1628760025000,0.0009046426732066217
1628760055000,0.0006931696913580246
1628760085000,0.0010831948383084578
1628760115000,0.0009273402846534652
1628760145000,6.271960784313725e-05
1628760175000,3.436050995024876e-05
1628760205000,0.0048426890653634706
1628760235000,0.005046559604694256
1628760265000,3.1603444034440336e-05
1628760295000,0.0064620684242795825
1628760325000,0.008329623362175525
1628760355000,0.008167633579335793
1628760385000,6.339275184275184e-05
1628760415000,0.0020596549043800125
1628760445000,3.52834879406308e-05
1628760475000,0.006916033498759305
1628760505000,0.01216735319803198
1628760535000,0.004852590073529412
1628760565000,8.194594759293114e-05
1628760595000,0.0039445585244885315
1628760625000,0.007774565308641974
1628760655000,0.005621100429184549
1628760685000,0.0007236514803625378
1628760715000,0.005104416953316954
1628760745000,0.0006407371992597162
1628760775000,3.585774213448489e-05
1628760805000,0.003789043621655258
1628760835000,0.008979574477244772
1628760865000,0.0036443086313193594
1628760895000,6.643807199511898e-05
1628760925000,3.5561406727828745e-05
1628760955000,0.004074042347879532
1628760985000,0.0005777731914893618
1628761015000,0.0038534262583383868
1628761045000,0.0028843680682510663
1628761075000,0.0034167888073394497
1628761105000,3.416895705521473e-05
1628761135000,3.788591549295775e-05
1628761165000,6.550202082057562e-05
1628761195000,0.005006270959752322
1628761225000,0.008350455222968844
1628761255000,3.199903206291591e-05
1628761285000,0.0026974707635009317
1628761315000,0.004107564889705882
1628761345000,0.0005851897832817338
1628761375000,0.00026403065110565106
1628761405000,0.003921351269349845
1628761435000,0.004074528562577447
1628761465000,0.002549077411325451
1628761495000,0.0039724489544895455
1628761525000,0.000723269932224276
1628761555000,0.0008958053756872328
1628761585000,0.0006865888683886839
1628761615000,0.0041777606507059535
1628761645000,3.995621118012423e-05
1628761675000,0.0010959955873213177
1628761705000,3.2724175824175817e-05
1628761735000,6.821226993865031e-05
1628761765000,0.0009605700305810399
1628761795000,3.248457742134485e-05
1628761825000,0.0038536159901599015
1628761855000,0.00906466701797892
1628761885000,0.004950628843788438
1628761915000,0.0047589389570552145
1628761945000,0.0010273498763906056
1628761975000,0.005099506496660596
1628762005000,0.0022425510835913307
1628762035000,0.004857952832512316
1628762065000,0.002854394035301278
1628762095000,0.0006346170055452865
1628762125000,0.0007135785934608268
1628762155000,3.2464727495407224e-05
1628762185000,0.0010188328615384618
1628762215000,0.0007323211822660099
1628762245000,0.003791394142769981
1628762275000,0.0006530235474006116
1628762305000,0.004763398359659781
1628762335000,0.0007864956896551724
1628762365000,0.0031445320582877963
1628762395000,0.0041725635913312685
1628762425000,0.0006306733085040348
1628762455000,0.0034017961420698107
1628762485000,0.0050118262415695895
1628762515000,0.0006628299690402478
1628762545000,5.9906276923076916e-05
1628762575000,0.0025179648331273177
1628762605000,7.041976600985222e-05
1628762635000,0.004095466912669128
1628762665000,3.156138613861386e-05
1628762695000,0.0007182219631901841
1628762725000,0.004676246328029376
1628762755000,0.004186484009840097
1628762785000,3.354366197183099e-05
1628762815000,0.0023251395039322444
1628762845000,0.0058399738267148026
1628762875000,0.004678915709046455
1628762905000,0.005267387288135594
1628762935000,0.0009282097812879707
1628762965000,0.008128386344151868
1628762995000,0.0016374187767584098
1628763025000,0.0034295836408364077
1628763055000,0.0006291537003058103
1628763085000,0.000946831123388582
1628763115000,0.005590307292954264
1628763145000,0.0022088621323529413
1628763175000,0.0008398779339853301
1628763205000,3.1814470443349746e-05
1628763235000,0.0039828071428571424
1628763265000,3.263619937694704e-05
1628763295000,0.004885623753846153
1628763325000,0.0009592417636252297
1628763355000,6.301149782473586e-05
1628763385000,0.004159941758917589
1628763415000,0.00481626405109489
1628763445000,0.004946399753694581
1628763475000,0.007434196917385944
1628763505000,0.008585360396039604
1628763535000,0.0043392773234200745
1628763565000,0.009044868058968059
1628763595000,0.0062438625
1628763625000,0.0039956038674033145
1628763655000,0.004753802537128714
1628763685000,0.0006414804773561811
1628763715000,0.0006418439459127227
1628763745000,0.009117097407407408
1628763775000,0.0006561366504854369
1628763805000,0.0046112162011173186
1628763835000,0.0006997760049474336
1628763865000,0.0006861710754017305
1628763895000,0.0006868797794117648
1628763925000,0.0059558236598890955
1628763955000,0.011877328703134604
1628763985000,0.004220427878033603
1628764015000,0.004008958004926108
1628764045000,0.005054928465804066
1628764075000,0.004878667389956602
1628764105000,0.005905002765826675
1628764135000,0.0027879300248138963
1628764165000,3.333474784747847e-05
1628764195000,0.0007113529016493585
1628764225000,0.0009039754439681568
1628764255000,0.0048864938837920495
1628764285000,0.004205031910946197
1628764315000,3.3221542227662184e-05
1628764345000,3.217331269349845e-05
1628764375000,0.005854163067484664
1628764405000,0.0017250219422249539
1628764435000,0.006673769302038295
1628764465000,0.0006306007334963325
1628764495000,0.004331473888888889
1628764525000,0.008400398158379374
1628764555000,0.0059983410177805035
1628764585000,0.004811492111801242
1628764615000,0.0049176259574468095
1628764645000,0.005197973401688782
1628764675000,3.180841006752609e-05
1628764705000,0.005462795686999385
1628764735000,0.009336286951144092
1628764765000,0.004794444150246305
1628764795000,0.005062631895504253
1628764825000,0.0046659087730061355
1628764855000,3.160534726490473e-05
1628764885000,0.000801366523867809
1628764915000,0.00405409458794588
1628764945000,0.0021995491753207088
1628764975000,3.3860061728395064e-05
1628765005000,0.0008170019206939281
1628765035000,3.5897324206596145e-05
1628765065000,0.004827185819521179
1628765095000,3.3114128440366966e-05
1628765125000,3.4357081280788174e-05
1628765155000,0.007376891251518834
1628765185000,0.008922697161835748
1628765215000,0.01001518022113022
1628765245000,0.002516749814585909
1628765275000,0.007481845543345544
1628765305000,0.004881481526347668
1628765335000,0.008018433394833949
1628765365000,0.0010484146931184126
1628765395000,0.0007496482001220256
1628765425000,0.004784624449877751
1628765455000,0.004970250030432137
1628765485000,0.0021707333333333334
1628765515000,0.006795996083231335
1628765545000,0.0007749263157894738
1628765575000,0.0042323863861386144
1628765605000,0.003440243918918919
1628765635000,0.0040467614294516325
1628765665000,3.185524044389643e-05
1628765695000,0.00816062651278852
1628765725000,0.004203786527862829
1628765755000,0.004928070177587261
1628765785000,0.003798943296432965
1628765815000,0.0040140172328597895
1628765845000,0.003373182775712516
1628765875000,3.603201219512195e-05
1628765905000,0.004213572185027389
1628765935000,0.005186252076875389
1628765965000,0.0064179234239802214
1628765995000,6.800291563275434e-05
1628766025000,0.004066131790123457
1628766055000,0.0006365945828144457
1628766085000,0.003963538208409507
1628766115000,3.74068501529052e-05
1628766145000,3.3091800246609117e-05
1628766175000,0.004244857810578106
1628766205000,0.0008594714285714286
1628766235000,3.2316646115906295e-05
1628766265000,0.004853571193666261
1628766295000,0.0035424234289200725
1628766325000,0.004878740171463564
1628766355000,0.002667201412776413
1628766385000,0.002533718937080025
1628766415000,0.004163167161410019
1628766445000,3.0982338461538455e-05
1628766475000,0.0041900701775872615
1628766505000,0.003861959034653465
1628766535000,0.006383667198038013
1628766565000,0.004269100734843846
1628766595000,0.0008036290819470117
1628766625000,0.006135237668711656
1628766655000,0.003968209444444443
1628766685000,0.002698177449168207
1628766715000,3.560498461538461e-05
1628766745000,0.004741700365185636
1628766775000,0.009053000666262872
1628766805000,0.005886467753846154
1628766835000,3.342083585705633e-05
1628766865000,0.004996677027027027
1628766895000,0.002215708918753818
1628766925000,0.004133105773955774
1628766955000,2.9934153846153853e-05
1628766985000,6.533447223917022e-05
1628767015000,0.005081251503990178
1628767045000,0.0016423273176761435
1628767075000,3.599365763546798e-05
1628767105000,3.2009693251533746e-05
1628767135000,0.004288967513949163
1628767165000,0.004102661013880507
1628767195000,3.454334365325077e-05
1628767225000,0.004249534259259259
1628767255000,0.004745243822276324
1628767285000,0.002487640668693009
1628767315000,3.522971639950678e-05
1628767345000,0.000750813882063882
1628767375000,3.180364873222016e-05
1628767405000,0.004752892097264439
1628767435000,0.004101183425076453
1628767465000,3.2207621951219515e-05
1628767495000,3.3081756338899195e-05
1628767525000,3.301004932182491e-05
1628767555000,0.0010402691066997518
1628767585000,0.007941375211608223
1628767615000,0.004189768044417026
1628767645000,0.005325016014897579
1628767675000,0.006087505436774588
1628767705000,0.0046557955021565
1628767735000,0.0012086177981651374
1628767765000,0.004127065293761357
1628767795000,0.001557687218502739
1628767825000,0.007904848074534161
1628767855000,0.005096010672424429
1628767885000,0.003949536341161929
1628767915000,0.00844363865030675
1628767945000,0.006273187849331713
1628767975000,0.002857418448381185
1628768005000,0.0015044821842586946
1628768035000,3.231855541718556e-05
1628768065000,0.0036058512
1628768095000,0.00590330955882353
1628768125000,6.618235294117646e-05
1628768155000,6.021181150550796e-05
1628768185000,3.193312807881773e-05
1628768215000,0.002677524676125848
1628768245000,0.0039988042131350685
1628768275000,3.1346326654523385e-05
1628768305000,0.0008725629469790383
1628768335000,0.0041424847852760726
1628768365000,0.002980495612431444
1628768395000,0.004097706427688504
1628768425000,0.004739231062001228
1628768455000,0.00496623962962963
1628768485000,0.004749164987714988
1628768515000,0.00474194438305709
1628768545000,0.0007228867433414043
1628768575000,0.0038172613102595795
1628768605000,0.0098192128597673
1628768635000,0.005283855316533497
1628768665000,3.219232658072437e-05
1628768695000,0.001810141476923077
1628768725000,0.008022516184615384
1628768755000,0.004454166646489104
1628768785000,0.003994348974518334
1628768815000,0.0014270556962025314
1628768845000,0.004787786784409257
1628768875000,3.1738385705483665e-05
1628768905000,3.3846120422098075e-05
1628768935000,0.007786491381418094
1628768965000,3.233276283618582e-05
1628768995000,0.0008268939168218497
1628769025000,0.000687186695018226
1628769055000,0.004115706544342508
1628769085000,0.004364108478802992
1628769115000,0.004931853667481664
1628769145000,0.0022022329004329003
1628769175000,0.0006325485784919653
1628769205000,0.001133850708564387
1628769235000,0.0042503399877149885
1628769265000,0.003909209756097561
1628769295000,0.00529877435897436
1628769325000,0.0059115537654321
1628769355000,0.002242597010372178
1628769385000,0.0008184173374613003
1628769415000,0.004782548120764017
1628769445000,0.0043339576615384606
1628769475000,3.2298034398034397e-05
1628769505000,0.003734731732522796
1628769535000,0.0027287358655043586
1628769565000,0.004634815802318486
1628769595000,0.004292970356703567
1628769625000,0.0010148660354306661
1628769655000,0.0044300261875761275
1628769685000,0.010821217393976644
1628769715000,3.1884029484029484e-05
1628769745000,6.1028448275862074e-05
1628769775000,0.002605363586291309
1628769805000,0.0043957827076923075
1628769835000,0.0047980723821188
1628769865000,0.0053380197702539295
1628769895000,0.0040832199004975115
1628769925000,0.008922791033623909
1628769955000,0.005814670716510904
1628769985000,0.004794470175438596
1628770015000,0.00216114847001224
1628770045000,0.0011506470915841585
1628770075000,0.006184551414514145
1628770105000,0.0023171050430504307
1628770135000,0.003488868560840025
1628770165000,0.004124076913580247
1628770195000,0.006070964058679707
1628770225000,0.0010977100184388444
1628770255000,0.004130241661538462
1628770285000,0.008076501107692308
1628770315000,6.743824242424242e-05
1628770345000,0.0010295103636363636
1628770375000,3.726216216216216e-05
1628770405000,0.0006480112345679012
1628770435000,0.003038999938574939
1628770465000,3.5310245398773004e-05
1628770495000,6.600641344956414e-05
1628770525000,0.0006946158312958437
1628770555000,0.010395682552404441
1628770585000,0.001770037213622291
1628770615000,0.005344654383813611
1628770645000,3.3573862238622385e-05
1628770675000,0.0006508020974706971
1628770705000,0.0017891921245421247
1628770735000,0.0006425573374613003
1628770765000,0.002206731173594132
1628770795000,0.007366933515815084
1628770825000,0.0023275143208358945
1628770855000,0.0040508772307692315
1628770885000,0.005965820873786408
1628770915000,0.004247922671568627
1628770945000,0.0008712822441430332
1628770975000,0.000735948102053516
1628771005000,3.2609665427509304e-05
1628771035000,0.004160924727272727
1628771065000,3.805970241785493e-05
1628771095000,0.000711373060211049
1628771125000,0.004316500185643565
1628771155000,3.2236747361887025e-05
1628771185000,0.0035341759293113953
1628771215000,3.428062347188264e-05
1628771245000,3.3200426049908705e-05
1628771275000,6.412941176470588e-05
1628771305000,0.0024900490508266994
1628771335000,0.0023038982164821646
1628771365000,0.006911368036809816
1628771395000,0.004999727639751553
1628771425000,0.006366865273509528
1628771455000,0.0007590841877702285
1628771485000,0.0010315598765432098
1628771515000,0.0061262448212083855
1628771545000,0.00295832933251684
1628771575000,0.002922109270704573
1628771605000,0.002716388740109556
1628771635000,3.4159346082665024e-05
1628771665000,0.001030509355638166
1628771695000,0.0006799815089672233
1628771725000,0.0020559221136224803
1628771755000,3.382333333333333e-05
1628771785000,0.0047231856707317076
1628771815000,0.004065279404466501
1628771845000,0.004790653969230769
1628771875000,0.00869303025990099
1628771905000,0.0006998266294227188
1628771935000,0.0024734229975728154
1628771965000,0.004668561292307693
1628771995000,0.004847444901719902
1628772025000,0.0006212529156327544
1628772055000,0.00733076916971917
1628772085000,6.445528606965175e-05
1628772115000,0.00418304863692689
1628772145000,3.396711822660098e-05
1628772175000,0.0017260380098887515
1628772205000,0.006575671928746929
1628772235000,0.0040806739130434784
1628772265000,0.005141167982726712
1628772295000,0.003184067160493827
1628772325000,0.0040079597772277225
1628772355000,0.007478130521091811
1628772385000,0.0049424733333333325
1628772415000,0.003781635596330275
1628772445000,0.003804736553846154
1628772475000,3.4273238566131024e-05
1628772505000,0.0006518236809815952
1628772535000,3.4314638665843115e-05
1628772565000,0.008625704118715929
1628772595000,0.0048542323821339954
1628772625000,0.0006301349726775957
1628772655000,3.114214108910891e-05
1628772685000,0.008202143599257885
1628772715000,6.311009975062342e-05
1628772745000,0.002313559755351682
1628772775000,6.397361365021329e-05
1628772805000,0.008511463386308071
1628772835000,0.000703443094944513
1628772865000,0.0036464152615384615
1628772895000,0.00676367156076496
1628772925000,0.01187072407862408
1628772955000,0.004049823252937538
1628772985000,0.00752640140672783
1628773015000,0.0047822819233110155
1628773045000,0.005384829754601228
1628773075000,0.0006251577681874231
1628773105000,3.565426497277677e-05
1628773135000,3.4321245421245425e-05
1628773165000,0.004725616224366707
1628773195000,3.33655129789864e-05
1628773225000,0.005921182603331277
1628773255000,0.008958643148148149
1628773285000,0.004466915284653465
1628773315000,0.006725194299876084
1628773345000,0.0013831632352941175
1628773375000,0.0008035769373837571
1628773405000,0.0022162833537331702
1628773435000,3.0129686539643517e-05
1628773465000,0.003845859866423801
1628773495000,0.0007138511205330103
1628773525000,3.551576354679803e-05
1628773555000,6.453693358162632e-05
1628773585000,0.0006251940134392182
1628773615000,0.004741549564134496
1628773645000,0.003856902589395808
1628773675000,0.004130149378881988
1628773705000,0.0051546376004947434
1628773735000,0.003989792642550583
1628773765000,3.3362028447742734e-05
1628773795000,0.0024973617826617826
1628773825000,0.004562507147258164
1628773855000,0.004900811941212492
1628773885000,0.00820736375921376
1628773915000,0.0006807599754450584
1628773945000,3.592358722358722e-05
1628773975000,0.002662162988220707
1628774005000,6.387808471454879e-05
1628774035000,0.0052400422934648595
1628774065000,0.002368070797546012
1628774095000,0.004861629353846154
1628774125000,6.567658656808379e-05
1628774155000,0.005078169665653495
1628774185000,0.005363134990903578
1628774215000,0.0008422972358722358
1628774245000,0.004531446048537648
1628774275000,0.0097592575
1628774305000,0.0050471913991520295
1628774335000,0.00875019421182266
1628774365000,0.0009925138101109742
1628774395000,0.0023508991510006066
1628774425000,0.0038849093122337187
1628774455000,3.734220579174368e-05
1628774485000,0.0052404850061199505
1628774515000,0.00437657521315469
1628774545000,0.0013700210396039606
1628774575000,0.012881008384332926
1628774605000,0.0006104297347316473
1628774635000,0.00881516807081807
1628774665000,0.005802993054701906
1628774695000,0.006169268385512584
1628774725000,0.0010057847665847666
1628774755000,0.00563455364806867
1628774785000,0.007873952676923077
1628774815000,3.6437869458128084e-05
1628774845000,0.009899462638036809
1628774875000,6.296920712968653e-05
1628774905000,0.007999096770186336
1628774935000,3.278914776210913e-05
1628774965000,0.007981300060024009
1628774995000,0.002361387224938875
1628775025000,0.004097021739130435
1628775055000,3.269775212636695e-05
1628775085000,0.0006568822916666666
1628775115000,3.687756097560976e-05
1628775145000,3.134593272171254e-05
1628775175000,0.006767347313156269
1628775205000,3.1563161131611325e-05
1628775235000,0.009100338395590936
1628775265000,0.004142373469387755
1628775295000,3.080582822085889e-05
1628775325000,3.600677242220866e-05
1628775355000,0.0035889129151291514
1628775385000,0.003972528457772339
1628775415000,0.008309193468884781
1628775445000,0.005181626774595268
1628775475000,6.269883148831489e-05
1628775505000,0.00102385586797066
1628775535000,0.003954493444650587
1628775565000,0.003277422668313774
1628775595000,0.0016125809085328422
1628775625000,0.0006489158216249236
1628775655000,0.0027188034905082674
1628775685000,0.0045253898952557
1628775715000,0.004111423370233703
1628775745000,0.0058578355963302756
1628775775000,0.000740093990086741
1628775805000,3.4681640146878826e-05
1628775835000,0.006818695440729483
1628775865000,0.0025437295930949445
1628775895000,0.0026477408338442675
1628775925000,0.0056674499380421324
1628775955000,0.010004843622920518
1628775985000,0.008336447026022304
1628776015000,0.002943880831826401
1628776045000,0.0050660460632362065
1628776075000,0.0006118366318377383
1628776105000,0.00044227884848484846
1628776135000,6.329598540145985e-05
1628776165000,0.005546580690931524
1628776195000,3.206967263743051e-05
1628776225000,0.008521421023427867
1628776255000,0.0007791861162079512
1628776285000,3.496201834862385e-05
1628776315000,0.0056395039877300615
1628776345000,3.0522777777777774e-05
1628776375000,0.0006584325090470448
1628776405000,0.005240612668298654
1628776435000,6.294937888198759e-05
1628776465000,0.004048220651505839
1628776495000,0.0027366874464176357
1628776525000,3.393249075215783e-05
1628776555000,0.0075332559633027535
1628776585000,0.0006741908424908425
1628776615000,0.008267686580882352
1628776645000,0.0009275295792079207
1628776675000,0.0046719069093152385
1628776705000,0.002132872144166158
1628776735000,3.241331673926571e-05
1628776765000,0.0007926244772447725
1628776795000,3.1886315789473685e-05
1628776825000,0.004229271221281741
1628776855000,0.00786564202094886
1628776885000,0.004283532982021079
1628776915000,0.004141847518610422
1628776945000,0.0008579029084158416
1628776975000,0.005103840036674817
1628777005000,3.20840024706609e-05
1628777035000,0.0008325637037037037
1628777065000,0.005109554179566564
1628777095000,0.00496516786377709
1628777125000,0.004814942444717443
1628777155000,0.0005995509768009767
1628777185000,0.0014549976758409784
1628777215000,0.004738101361386139
1628777245000,0.004741649241044323
1628777275000,0.000918343372744244
1628777305000,0.0022426250153280195
1628777335000,3.126469150885767e-05
1628777365000,0.0005707873456790122
1628777395000,0.0032184780712530715
1628777425000,0.0076108570818070815
1628777455000,0.003744980662983425
1628777485000,0.003264714975247525
1628777515000,0.007462060392397302
1628777545000,0.0041523712093308775
1628777575000,0.003335880641183724
1628777605000,0.009986797898640295
1628777635000,3.2501821493624766e-05
1628777665000,0.0007629488657265481
1628777695000,0.0007650167389956602
1628777725000,3.161488314883149e-05
1628777755000,6.468168927250309e-05
1628777785000,0.004770343796068796
1628777815000,0.006441353944954128
1628777845000,0.005622916034804226
1628777875000,0.0020683285276073622
1628777905000,0.0009701520245398774
1628777935000,0.003544003841387856
1628777965000,0.004004436133415688
1628777995000,0.00475086710199005
1628778025000,0.00384608496652465
1628778055000,0.008545969130434783
1628778085000,0.0009486681291895185
1628778115000,0.0045221931097560964
1628778145000,0.004034799939135727
1628778175000,0.0006981333333333334
1628778205000,6.494329004329005e-05
1628778235000,0.008907652576687117
1628778265000,0.0007189935683364255
1628778295000,0.008909586662531017
1628778325000,0.004099268280571074
1628778355000,3.5458671586715864e-05
1628778385000,3.1936521739130436e-05
1628778415000,0.006176270439084725
1628778445000,0.0006329892857142857
1628778475000,3.1836141636141636e-05
1628778505000,0.007053776507147297
1628778535000,0.00850688316831683
1628778565000,7.357389956602602e-05
1628778595000,0.0050408387755102035
1628778625000,6.51445197044335e-05
1628778655000,0.0038885301420630023
1628778685000,0.005257589025893958
1628778715000,0.006972224071782178
1628778745000,0.004222848535825545
1628778775000,0.005124115101289135
1628778805000,3.143089133089133e-05
1628778835000,0.007818808179581796
1628778865000,0.001097526350941105
1628778895000,0.004270613902743142
1628778925000,0.004979845784615385
1628778955000,3.4392119731215636e-05
1628778985000,0.0040714492753623184
1628779015000,6.487042513863216e-05
1628779045000,0.0007073930949445129
1628779075000,0.0037549157186544334
1628779105000,0.007654197339108911
1628779135000,0.0010857338071693448
1628779165000,0.0006262103213844252
1628779195000,0.002650715837378641
1628779225000,0.005320318738404452
1628779255000,0.0005880987171655468
1628779285000,3.338101965601965e-05
1628779315000,6.0549665246500294e-05
1628779345000,0.005888991666666667
1628779375000,0.008225628877988963
1628779405000,0.3202121560869565
1628779435000,0.3155137374462861
1628779465000,0.32493120740283776
1628779495000,0.3134124423718345
1628779525000,0.31746475606337604
1628779555000,0.3183506382022472
1628779585000,0.3166298862484921
1628779615000,0.31326648462962964
1628779645000,0.3176373525696595
1628779675000,0.3122007298949969
1628779705000,0.31760347598522165
1628779735000,0.3162554290067032
1628779765000,0.3198000620753552
1628779795000,0.3143262079510704
1628779825000,0.315569537690898
1628779855000,0.311504472799511
1628779885000,0.314332527673716
1628779915000,0.310479164684466
1628779945000,0.3200423881595092
1628779975000,0.3130877837721984
1628780005000,0.3105073508641975
1628780035000,0.3118297390006094
1628780065000,0.31165926948012235
1628780095000,0.31629356038557216
1628780125000,0.3133627924027177
1628780155000,0.3140051147258164
1628780185000,0.320910685078219
1628780215000,0.31106710778258184
1628780245000,0.31380834960438225
1628780275000,0.3111266941425121
1628780305000,0.3191897242610837
1628780335000,0.3109634909866017
1628780365000,0.3124497718614719
1628780395000,0.3142062959876543
1628780425000,0.3126975686153846
1628780455000,0.3154008273337401
1628780485000,0.31841679014778324
1628780515000,0.30973136478611285
1628780545000,0.31655307585998793
1628780575000,0.32036035
1628780605000,0.3136248932923077
1628780635000,0.3120635322839506
1628780665000,0.3144040449602932
1628780695000,0.3158560059363525
1628780725000,0.3186311012939002
1628780755000,0.31246133176542457
1628780785000,0.31594862207151664
1628780815000,0.3165684873556231
1628780845000,0.3173559217121588
1628780875000,0.3195245898243489
1628780905000,0.3218964893422656
1628780935000,0.3108340766707169
1628780965000,0.3174467207294833
1628780995000,0.3123013165742452
1628781025000,0.31818839798288506
1628781055000,0.3112342298606905
1628781085000,0.3118049871281117
1628781115000,0.31695437552926525
1628781145000,0.32113253311218337
1628781175000,0.3150601864137087
1628781205000,0.3210152612607099
1628781235000,0.31132438527607365
1628781265000,0.3158994448795181
1628781295000,0.31759491919504645
1628781325000,0.3125455752147239
1628781355000,0.3147068434202547
1628781385000,0.3208944791970803
1628781415000,0.3151285265721332
1628781445000,0.3200640700849515
1628781475000,0.31290305594577944
1628781505000,0.3118991864281308
1628781535000,0.3119215179347826
1628781565000,0.3222783295371498
1628781595000,0.3154466864250614
1628781625000,0.31388377250308264
1628781655000,0.3136732499387255
1628781685000,0.31751883961442784
1628781715000,0.3124025519851117
1628781745000,0.31144603702337026
1628781775000,0.3154030139759036
1628781805000,0.3146178629472408
1628781835000,0.30682838825688075
1628781865000,0.3204731606415793
1628781895000,0.31641575900123303
1628781925000,0.3132669163017032
1628781955000,0.3156935417791411
1628781985000,0.3163694614819351
1628782015000,0.3167735939431397
1628782045000,0.3165390284126004
1628782075000,0.3172871992082826
1628782105000,0.3180338322541234
1628782135000,0.3100255156958921
1628782165000,0.3138693032258065
1628782195000,0.31449409815837936
1628782225000,0.3158873951770452
1628782255000,0.3158321219853837
1628782285000,0.3110680303891291
1628782315000,0.31849414329710146
1628782345000,0.3158623803067485
1628782375000,0.3194706957524272
1628782405000,0.3150554981673794
1628782435000,0.3201622763401109
1628782465000,0.3136537097128894
1628782495000,0.31402756097256856
1628782525000,0.3158976004224502
1628782555000,0.3119315118623233
1628782585000,0.314893530308642
1628782615000,0.3182694503113325
1628782645000,0.31663248088592233
1628782675000,0.311920346593674
1628782705000,0.3124043790942928
1628782735000,0.3125958291641245
1628782765000,0.312815803045067
1628782795000,0.3121982178506375
1628782825000,0.313240186802974
1628782855000,0.31402126360248445
1628782885000,0.3162052610635697
1628782915000,0.3129388736743606
1628782945000,0.3117990796151533
1628782975000,0.31543503828502417
1628783005000,0.31389440165036675
1628783035000,0.31545674020807835
1628783065000,0.3093862893316984
1628783095000,0.3108505643944005
1628783125000,0.3120202511728395
1628783155000,0.3167472818627451
1628783185000,0.3077514319018405
1628783215000,0.3134780311152187
1628783245000,0.310824362454435
1628783275000,0.31642355185185184
1628783305000,0.3114123211793021
1628783335000,0.3182193037336652
1628783365000,0.32272361376767056
1628783395000,0.3118704413096695
1628783425000,0.31350176116859396
1628783455000,0.3156412533209187
1628783485000,0.3166741341419042
1628783515000,0.3200558
1628783545000,0.31078895663234396
1628783575000,0.3132960435601458
1628783605000,0.3133748428832117
1628783635000,0.3123786882316314
1628783665000,0.31804602420343137
1628783695000,0.31352318440145105
1628783725000,0.3174782979841173
1628783755000,0.3146099531927711
1628783785000,0.3151391589480048
1628783815000,0.31235435815384616
1628783845000,0.31089277699275364
1628783875000,0.3133983143995098
1628783905000,0.31673468436542
1628783935000,0.3158062537888199
1628783965000,0.3121221865348981
1628783995000,0.31383009082512314
1628784025000,0.3129949323803605
1628784055000,0.3126209283018868
1628784085000,0.3161617494498777
1628784115000,0.3122565672959805
1628784145000,0.31433422490752155
1628784175000,0.31187738427172584
1628784205000,0.3129437284027346
1628784235000,0.3156259531231049
1628784265000,0.31832372335942205
1628784295000,0.31220186089078705
1628784325000,0.3172589440049444
1628784355000,0.3149983935921133
1628784385000,0.31359456993939394
1628784415000,0.3157603490473264
1628784445000,0.3144216668914776
1628784475000,0.31612988319900803
1628784505000,0.3156871295412844
1628784535000,0.31015971662591685
1628784565000,0.3159614009821977
1628784595000,0.3109030582153846
1628784625000,0.3128766519566526
1628784655000,0.31551466565349545
1628784685000,0.3170534930074257
1628784715000,0.3178272496602841
1628784745000,0.3168653651636813
1628784775000,0.3115858370573871
1628784805000,0.3154945116748166
1628784835000,0.3187186990746453
1628784865000,0.3220092847044485
1628784895000,0.3130614637037037
1628784925000,0.3164299269683819
1628784955000,0.3139947129766298
1628784985000,0.31763895455100793
1628785015000,0.31185594452554743
1628785045000,0.3173891680024661
1628785075000,0.3110326193627451
1628785105000,0.3182366310387216
1628785135000,0.31322095211442785
1628785165000,0.3214963333538461
1628785195000,0.32088572127139364
1628785225000,0.31104567892156865
1628785255000,0.3138949619890177
1628785285000,0.31556405768063145
1628785315000,0.3171317758364312
1628785345000,0.312508432447466
1628785375000,0.3172167398900428
1628785405000,0.3131574261566934
1628785435000,0.3157956733616505
1628785465000,0.3127613206535142
1628785495000,0.31151677820197043
1628785525000,0.3139917931608133
1628785555000,0.3118950397796817
1628785585000,0.317081551674938
1628785615000,0.3181157068882175
1628785645000,0.3142726347076923
1628785675000,0.31287402876213594
1628785705000,0.313218278597786
1628785735000,0.3153986129846154
1628785765000,0.3133497719233148
1628785795000,0.3167902242331289
1628785825000,0.313336852991453
1628785855000,0.3152414973154362
1628785885000,0.3174000716057037
1628785915000,0.31389233618988904
1628785945000,0.3170385953560372
1628785975000,0.3115505286236297
1628786005000,0.3102398944680851
1628786035000,0.3103599634591961
1628786065000,0.3143629578754579
1628786095000,0.3130039630937881
1628786125000,0.3190705599140577
1628786155000,0.31336864193154035
1628786185000,0.31755985403076925
1628786215000,0.3126362430167598
1628786245000,0.3146680457160343
1628786275000,0.3153901212895377
1628786305000,0.31776208984615384
1628786335000,0.3164423001856436
1628786365000,0.31460277775735296
1628786395000,0.3170694750309023
1628786425000,0.3145930448447205
1628786455000,0.31182276596258296
1628786485000,0.315287375987842
1628786515000,0.31692133825503355
1628786545000,0.3121586327183272
1628786575000,0.32294459151813154
1628786605000,0.31712163339460786
1628786635000,0.315852488337469
1628786665000,0.3164658453589109
1628786695000,0.31204901156174336
1628786725000,0.31330976071871125
1628786755000,0.319302811995104
1628786785000,0.3164645819343065
1628786815000,0.315928090747549
1628786845000,0.3128612145024272
1628786875000,0.31695921353522866
1628786905000,0.31919151977025395
1628786935000,0.3172069790853659
1628786965000,0.31701293111653445
1628786995000,0.3217381731306991
1628787025000,0.3157223107606679
1628787055000,0.31760692254478073
1628787085000,0.31149245691651434
1628787115000,0.31532840662983425
1628787145000,0.3117846240889438
1628787175000,0.3100110049049663
1628787205000,0.31183942762598665
1628787235000,0.3102676121638141
1628787265000,0.3171463491833031
1628787295000,0.31250498741007193
1628787325000,0.3142516429459292
1628787355000,0.3140042175659473
1628787385000,0.31354821327272725
1628787415000,0.3105025968401487
1628787445000,0.3129493138141809
1628787475000,0.3216589730722154
1628787505000,0.3152236821318546
1628787535000,0.31106130938452164
1628787565000,0.3119904038106945
1628787595000,0.3195799906288533
1628787625000,0.312901016880734
1628787655000,0.3143113806491121
1628787685000,0.3168085542300669
1628787715000,0.31362781101591186
1628787745000,0.31181868557275544
1628787775000,0.3122260177399757
1628787805000,0.3077066392727273
1628787835000,0.3232167956043956
1628787865000,0.3152686187120292
1628787895000,0.3112677058118634
1628787925000,0.3131045526927785
1628787955000,0.3203326675891759
1628787985000,0.3127747660516605
1628788015000,0.3152488642901045
1628788045000,0.3126655955351682
1628788075000,0.3175200729254997
1628788105000,0.3108598392529088
1628788135000,0.3133006029393754
1628788165000,0.31700771993846155
1628788195000,0.31146282799263353
1628788225000,0.314396501029679
1628788255000,0.3161888229386237
1628788285000,0.31186061070991433
1628788315000,0.3116039715346535
1628788345000,0.3108050759927798
1628788375000,0.3125049371305419
1628788405000,0.3171926526540573
1628788435000,0.31291387718654434
1628788465000,0.3157207818791946
1628788495000,0.31356583061472915
1628788525000,0.31954532013261
1628788555000,0.3136346955665025
1628788585000,0.3128005974137931
1628788615000,0.31156567137637026
1628788645000,0.319224562408313
1628788675000,0.31103760819571863
1628788705000,0.31147880290556895
1628788735000,0.3124442825260577
1628788765000,0.3100449153275649
1628788795000,0.3179080792176039
1628788825000,0.3152516790953545
1628788855000,0.31693218145654833
1628788885000,0.3167925516129032
1628788915000,0.3135423417487685
1628788945000,0.3196889207823961
1628788975000,0.30863318736526946
1628789005000,0.31869580982197665
1628789035000,0.31788610831295844
1628789065000,0.31670273126916004
1628789095000,0.3103910123388582
1628789125000,0.3115646260012323
1628789155000,0.31721567018292685
1628789185000,0.31278123284313725
1628789215000,0.31798432793846154
1628789245000,0.3115048286577993
1628789275000,0.3159154589822195
1628789305000,0.3209352277675841
1628789335000,0.31418894019668103
1628789365000,0.3174617365137615
1628789395000,0.3162778432382134
1628789425000,0.3133596445118253
1628789455000,0.3107686088414634
1628789485000,0.31438665956151035
1628789515000,0.3126279892090742
1628789545000,0.3106805048869884
1628789575000,0.31043499720873785
1628789605000,0.31121800847865305
1628789635000,0.31936814483180426
1628789665000,0.3154458197575757
1628789695000,0.3163901182374541
1628789725000,0.32000607415940224
1628789755000,0.31221648452012385
1628789785000,0.31276107162414435
1628789815000,0.31439039240821404
1628789845000,0.32170499796547475
1628789875000,0.3126006950950337
1628789905000,0.3130658229003021
1628789935000,0.3161497750756201
1628789965000,0.3116209750752559
1628789995000,0.31580486477132264
1628790025000,0.3108466956156156
1628790055000,0.31819922764525993
1628790085000,0.3206801832305795
1628790115000,0.31246966909765145
1628790145000,0.31676811874221666
1628790175000,0.31080077235722964
1628790205000,0.318251748962149
1628790235000,0.3150470378311768
1628790265000,0.31542646701410176
1628790295000,0.3133479540740741
1628790325000,0.3149140737392374
1628790355000,0.312855963781461
1628790385000,0.3155434527173913
1628790415000,0.3184698177177177
1628790445000,0.31530317197062424
1628790475000,0.3219912539033457
1628790505000,0.31313570602189783
1628790535000,0.3147905726443769
1628790565000,0.3154765419491525
1628790595000,0.3159916133130699
1628790625000,0.3181155898726501
1628790655000,0.3139853433962264
1628790685000,0.31431524298724955
1628790715000,0.3148333758724429
1628790745000,0.3142998430864197
1628790775000,0.3165792175340768
1628790805000,0.3159009688271605
1628790835000,0.31618813101965604
1628790865000,0.3125361016493586
1628790895000,0.3226455929595016
1628790925000,0.3157131067076923
1628790955000,0.3211564544492844
1628790985000,0.320058878368356
1628791015000,0.3158433002466091
1628791045000,0.3178362975419664
1628791075000,0.3133446257072571
1628791105000,0.3174204884685784
1628791135000,0.317478316686747
1628791165000,0.3133359988364973
1628791195000,0.31330714106041924
1628791225000,0.3121409404514948
1628791255000,0.31569628825301205
1628791285000,0.3173619594577942
1628791315000,0.31302217524813897
1628791345000,0.31255364928615764
1628791375000,0.3183026602950215
1628791405000,0.3160704583847102
1628791435000,0.3131812879828326
1628791465000,0.3182095164596273
1628791495000,0.3127562757798165
1628791525000,0.3125974702769231
1628791555000,0.31950176595873786
1628791585000,0.31227420812958434
1628791615000,0.3075224910484365
1628791645000,0.3151140160394818
1628791675000,0.31770168199257426
1628791705000,0.3131830733173077
1628791735000,0.3124683147762109
1628791765000,0.31586500042997545
1628791795000,0.3126688838689741
1628791825000,0.312070990308642
1628791855000,0.3114542060606061
1628791885000,0.31341159975669103
1628791915000,0.31467818135283365
1628791945000,0.31248081090686275
1628791975000,0.3186483928745432
1628792005000,0.3106586457955233
1628792035000,0.3110642722153465
1628792065000,0.3107091927439025
1628792095000,0.3153638542664211
1628792125000,0.31362812405372403
1628792155000,0.31744205384142593
1628792185000,0.3111964434306569
1628792215000,0.31403044785801715
1628792245000,0.311766506686747
1628792275000,0.3135375499386503
1628792305000,0.3120295471094711
1628792335000,0.3155943668504902
1628792365000,0.3111814619076923
1628792395000,0.31144961679012345
1628792425000,0.314319604881025
1628792455000,0.3120303156862745
1628792485000,0.31349870772058824
1628792515000,0.3122398815805471
1628792545000,0.31976985386996903
1628792575000,0.3106915263608563
1628792605000,0.3121240912345679
1628792635000,0.3136407493209877
1628792665000,0.31531166547978273
1628792695000,0.3118302218058968
1628792725000,0.31240582521631644
1628792755000,0.3177516921532847
1628792785000,0.3135690718769231
1628792815000,0.31492547370637786
1628792845000,0.3131598393695921
1628792875000,0.3142050101789019
1628792905000,0.3160904768044417
1628792935000,0.3122957359068628
1628792965000,0.3109605004270897
1628792995000,0.3169180196296296
1628793025000,0.31679860037174723
1628793055000,0.31341165080346106
1628793085000,0.3132288297196262
1628793115000,0.31327197829224296
1628793145000,0.3162314803039514
1628793175000,0.31657287555831265
1628793205000,0.3121837948497854
1628793235000,0.3193015104102878
1628793265000,0.3138693004221954
1628793295000,0.3158683551171393
1628793325000,0.3175996446220037
1628793355000,0.31680758766035433
1628793385000,0.31596541813153045
1628793415000,0.3110737357359176
1628793445000,0.31381315
1628793475000,0.3113256231884058
1628793505000,0.3144743631257631
1628793535000,0.3179306545789797
1628793565000,0.31708854678217824
1628793595000,0.3108228436619718
1628793625000,0.3214822247232472
1628793655000,0.31751143948339483
1628793685000,0.3104908932877564
1628793715000,0.3139429006711409
1628793745000,0.3120113385461209
1628793775000,0.3148149889981561
1628793805000,0.31391901920768306
1628793835000,0.31944361860751697
1628793865000,0.31593181719783525
1628793895000,0.31168707926605504
1628793925000,0.3113745544234289
1628793955000,0.3125050350369458
1628793985000,0.3151450810712112
1628794015000,0.3140908857923497
1628794045000,0.3118948816401469
1628794075000,0.31322257650676505
1628794105000,0.3157755068923077
1628794135000,0.3127793590464548
1628794165000,0.3128140358629131
1628794195000,0.3104628619571865
1628794225000,0.3145701656862745
1628794255000,0.31239719993891263
1628794285000,0.32307037392900856
1628794315000,0.31368732115266706
1628794345000,0.3113440983506414
1628794375000,0.3106848018438845
1628794405000,0.32506633806249996
1628794435000,0.3124066518769231
1628794465000,0.30968319840490804
1628794495000,0.3212010663814181
1628794525000,0.3218155488888889
1628794555000,0.31696854679291386
1628794585000,0.3204592634862385
1628794615000,0.3163419556701031
1628794645000,0.3148628168498169
1628794675000,0.3121546825790453
1628794705000,0.3125518658197217
1628794735000,0.3125941006802721
1628794765000,0.3158865180700676
1628794795000,0.3168891232
1628794825000,0.3168417289410349
1628794855000,0.3160333523341523
1628794885000,0.3230643359536868
1628794915000,0.3153751480495356
1628794945000,0.31503906883435584
1628794975000,0.31376546738066097
1628795005000,0.3172338005481121
1628795035000,0.3155880785802469
1628795065000,0.3203705759213759
1628795095000,0.3163165056346749
1628795125000,0.3153668538130381
1628795155000,0.31839747544947306
1628795185000,0.31199916011063306
1628795215000,0.31220287544947306
1628795245000,0.312857075
1628795275000,0.3203122516990291
1628795305000,0.31209376697530866
1628795335000,0.3204532837477259
1628795365000,0.316259043872549
1628795395000,0.3119480323170732
1628795425000,0.33010418295800364
1628795455000,0.3268419669082125
1628795485000,0.3746654415688697
1628795515000,0.37158777121484143
1628795545000,0.3749590682095006
1628795575000,0.3730495874547648
1628795605000,0.3728229459770115
1628795635000,0.3118364760948905
1628795665000,0.3201807351600985
1628795695000,0.3124399195151515
1628795725000,0.3169147659692308
1628795755000,0.3138161930104231
1628795785000,0.3218614786985881
1628795815000,0.3161488528290283
1628795845000,0.31670061305147057
1628795875000,0.31673542240740743
1628795905000,0.3106394384236453
1628795935000,0.3122779251838235
1628795965000,0.3126556440940013
1628795995000,0.3147087996911674
1628796025000,0.3162998254784689
1628796055000,0.3164570115757576
1628796085000,0.32166468523076924
1628796115000,0.3131262386757426
1628796145000,0.3158134955637708
1628796175000,0.31637226775787525
1628796205000,0.31252612859813084
1628796235000,0.3163670645398773
1628796265000,0.3111188476426799
1628796295000,0.3151538924691358
1628796325000,0.3105916041769042
1628796355000,0.3135482233068945
1628796385000,0.31248114859756104
1628796415000,0.31772867703612984
1628796445000,0.3213506503717472
1628796475000,0.3176610435649547
1628796505000,0.318191330472103
1628796535000,0.3124823996341464
1628796565000,0.3138679982958004
1628796595000,0.3098972479041916
1628796625000,0.31228068259532593
1628796655000,0.31170747276595745
1628796685000,0.3121857530091185
1628796715000,0.3111283548923077
1628796745000,0.31979316766320925
1628796775000,0.31555369529411764
1628796805000,0.3154347606396064
1628796835000,0.3133426354938272
1628796865000,0.3183492756082725
1628796895000,0.31557393969325154
1628796925000,0.3194027680708181
1628796955000,0.3177014956361401
1628796985000,0.3122929059295861
1628797015000,0.3163955498450093
1628797045000,0.31433914242979244
1628797075000,0.31415595675015273
1628797105000,0.3193781402811736
1628797135000,0.31286029532127263
1628797165000,0.31072617302268546
1628797195000,0.3107263453446191
1628797225000,0.31870779839901475
1628797255000,0.31550084313846155
1628797285000,0.31357029171779144
1628797315000,0.31285201110421834
1628797345000,0.31232118486720195
1628797375000,0.31135894727828745
1628797405000,0.31224055756457564
1628797435000,0.31643133282396085
1628797465000,0.3156373768765133
1628797495000,0.3153990165441177
1628797525000,0.3173392972049689
1628797555000,0.31790758343558284
1628797585000,0.32298346414048057
1628797615000,0.3203614106097561
1628797645000,0.31293972270795384
1628797675000,0.3109475725227964
1628797705000,0.31365032312883434
1628797735000,0.3163274970481928
1628797765000,0.3119222523663184
1628797795000,0.31478492104942035
1628797825000,0.3125492477188656
1628797855000,0.3196976568913176
1628797885000,0.3201934190821256
1628797915000,0.3154799531901841
1628797945000,0.3148762664663461
1628797975000,0.3104572011508177
1628798005000,0.31536402632865
1628798035000,0.3152760442804428
1628798065000,0.3152496363471971
1628798095000,0.3101853746195983
1628798125000,0.3162244782902829
1628798155000,0.3132964542626011
1628798185000,0.31305521873464376
1628798215000,0.31212384392922515
1628798245000,0.31752307092241905
1628798275000,0.311759960247678
1628798305000,0.31600870813664594
1628798335000,0.3112870286060606
1628798365000,0.3201603600861009
1628798395000,0.3208530470441817
1628798425000,0.32098176277915635
1628798455000,0.31609592418379684
1628798485000,0.3137985284236153
1628798515000,0.3166009895313451
1628798545000,0.3118256157248157
1628798575000,0.3202013012883436
1628798605000,0.3109389259126272
1628798635000,0.31996429716354857
1628798665000,0.31636022831474603
1628798695000,0.3122133488970588
1628798725000,0.3109970971709717
1628798755000,0.3137189807506053
1628798785000,0.31142467181208056
1628798815000,0.3119356235330451
1628798845000,0.3122472097382836
1628798875000,0.31714054820012205
1628798905000,0.31507940751374464
1628798935000,0.32000941024539875
1628798965000,0.3131408580545229
1628798995000,0.31699668249694
1628799025000,0.3165714622057001
1628799055000,0.31433206978461536
1628799085000,0.3179014017459362
1628799115000,0.3126597223236009
1628799145000,0.32045366085080146
1628799175000,0.3146730871419866
1628799205000,0.31462710744356315
1628799235000,0.31164820781918146
1628799265000,0.3167044946617008
1628799295000,0.3150226940527284
1628799325000,0.3192443694987775
1628799355000,0.3159023224677716
1628799385000,0.31145724446505874
1628799415000,0.3172358856791641
1628799445000,0.31264069516031456
1628799475000,0.3147328863858364
1628799505000,0.3231968611010284
1628799535000,0.3140981807430341
1628799565000,0.3170090132110092
1628799595000,0.3114699421472393
1628799625000,0.3174246258706468
1628799655000,0.3139794618959108
1628799685000,0.31452906200122777
1628799715000,0.32081006414634144
1628799745000,0.3166395433698297
1628799775000,0.31354794447852763
1628799805000,0.3148847036764706
1628799835000,0.3143599410628019
1628799865000,0.3163833795943454
1628799895000,0.320693078125
1628799925000,0.313419522
1628799955000,0.31714414143302183
1628799985000,0.3173143201602959
1628800015000,0.3126058311384615
1628800045000,0.3185071629675046
1628800075000,0.3159219496660595
1628800105000,0.3123552892121212
1628800135000,0.3111215533577534
1628800165000,0.31525458261670763
1628800195000,0.3182905776634383
1628800225000,0.3150371154182272
1628800255000,0.31761307027355623
1628800285000,0.31683501663563
1628800315000,0.3120070726052471
1628800345000,0.3210309460144928
1628800375000,0.3118638995095034
1628800405000,0.31381553159509196
1628800435000,0.3126241468263473
1628800465000,0.3119706276219512
1628800495000,0.3127742958384333
1628800525000,0.3120469900796081
1628800555000,0.3183819702167183
1628800585000,0.3164619311233886
1628800615000,0.31453046650336797
1628800645000,0.31189454004839684
1628800675000,0.31390758512851896
1628800705000,0.3116059548721072
1628800735000,0.3162483157125457
1628800765000,0.3190931086550436
1628800795000,0.31297446856450634
1628800825000,0.3159388987878788
1628800855000,0.3168354666871543
1628800885000,0.3116208025423729
1628800915000,0.31673593422168383
1628800945000,0.31613580062189056
1628800975000,0.3167279707748627
1628801005000,0.31598263859756104
1628801035000,0.3161650837209302
1628801065000,0.314503918627451
1628801095000,0.31133736035430665
1628801125000,0.3172475359801489
1628801155000,0.3122596977927652
1628801185000,0.31221045269607844
1628801215000,0.3140964945398773
1628801245000,0.310977129787234
1628801275000,0.3168902
1628801305000,0.31168456972873
1628801335000,0.3134918876847291
1628801365000,0.3155021921293472
1628801395000,0.3162884349689441
1628801425000,0.3153372645063598
1628801455000,0.31747842305795315
1628801485000,0.3121398697828709
1628801515000,0.3108677838289963
1628801545000,0.32488020776818743
1628801575000,0.3122185827798278
1628801605000,0.31495486103117504
1628801635000,0.315628123500612
1628801665000,0.32203483951219514
1628801695000,0.31118732173913044
1628801725000,0.3220834402597403
1628801755000,0.3215765921544209
1628801785000,0.3175014854445798
1628801815000,0.3125810000614251
1628801845000,0.3148924298245614
1628801875000,0.31129774919950737
1628801905000,0.3109652317372621
1628801935000,0.3124161604537094
1628801965000,0.316102112960688
1628801995000,0.3130987118445404
1628802025000,0.31309989401709404
1628802055000,0.3099232505733253
1628802085000,0.31629947125307123
1628802115000,0.31190628206388205
1628802145000,0.3198032107164728
1628802175000,0.3143473722323049
1628802205000,0.3129270986461539
1628802235000,0.3206822542288557
1628802265000,0.31303879244582045
1628802295000,0.31730464553243576
1628802325000,0.3164276235081374
1628802355000,0.311301601893708
1628802385000,0.3179883798516687
1628802415000,0.3121933297662977
1628802445000,0.3209508142233313
1628802475000,0.3147031348120764
1628802505000,0.31612007947019866
1628802535000,0.3179012612784265
1628802565000,0.3211070025168815
1628802595000,0.3119951909649662
1628802625000,0.31857595879458794
1628802655000,0.31568941810397555
1628802685000,0.31672659895191124
1628802715000,0.3196329145820622
1628802745000,0.3130021713848039
1628802775000,0.31380885183374085
1628802805000,0.3153349052271313
1628802835000,0.31720764273291924
1628802865000,0.31877626848225216
1628802895000,0.3172555650030807
1628802925000,0.317556755393053
1628802955000,0.31317504318181816
1628802985000,0.3192327774891775
1628803015000,0.31182681972872994
1628803045000,0.3107828813580247
1628803075000,0.31571765325884543
1628803105000,0.31337037623345365
1628803135000,0.3169210363128492
1628803165000,0.31588861164755583
1628803195000,0.3094534017273288
1628803225000,0.3141753690753215
1628803255000,0.3145230981378026
1628803285000,0.31638285345988976
1628803315000,0.31944256676866584
1628803345000,0.3131034903304773
1628803375000,0.3125896794409938
1628803405000,0.31098606628468034
1628803435000,0.31254966853582555
1628803465000,0.3134619278527607
1628803495000,0.3108816138721351
1628803525000,0.3158755110559006
1628803555000,0.3121655334159951
1628803585000,0.310685435250918
1628803615000,0.31394643777506115
1628803645000,0.3153659801223241
1628803675000,0.3138206884544899
1628803705000,0.3126661800617284
1628803735000,0.3156188857231533
1628803765000,0.31999346507352944
1628803795000,0.31445085266380896
1628803825000,0.312402945392279
1628803855000,0.3158375441285537
1628803885000,0.31188570321797204
1628803915000,0.3129176741697417
1628803945000,0.3160253173333333
1628803975000,0.31616784003656306
1628804005000,0.3170338659442725
1628804035000,0.3116211221680877
1628804065000,0.3129631119047619
1628804095000,0.3123237286769231
1628804125000,0.3091672213124624
1628804155000,0.3142959987722529
1628804185000,0.31574285440542205
1628804215000,0.31177504251087634
1628804245000,0.312223732887538
1628804275000,0.3140454425045153
1628804305000,0.3190050160516605
1628804335000,0.3139676414110429
1628804365000,0.3109034354116223
1628804395000,0.311862077184466
1628804425000,0.31060702048118444
1628804455000,0.31877188530312306
1628804485000,0.3115749844458053
1628804515000,0.3129681807692308
1628804545000,0.3108190862829149
1628804575000,0.3146187112132353
1628804605000,0.3169912935304991
1628804635000,0.3143385373523928
1628804665000,0.3121700721781574
1628804695000,0.32039610843446603
1628804725000,0.3186519009276438
1628804755000,0.3158645901972873
1628804785000,0.3125278671100363
1628804815000,0.2537639654654655
1628804845000,0.3100452085223789
1628804875000,0.31085090170316304
1628804905000,0.3122293422466422
1628804935000,0.3118871425663171
1628804965000,0.31608588975940777
1628804995000,0.3144355548446069
1628805025000,0.31970429219035995
1628805055000,0.3163671519041769
1628805085000,0.315281880609074
1628805115000,0.3107916004337051
1628805145000,0.31315450697100555
1628805175000,0.31564389969567863
1628805205000,0.31042071397849463
1628805235000,0.3213850429010449
1628805265000,0.31358814573317306
1628805295000,0.3161984908420405
1628805325000,0.31177039231234865
1628805355000,0.3119116662783568
1628805385000,0.24808190018270398
1628805415000,0.3128817370049505
1628805445000,0.31307976726596404
1628805475000,0.3160787930802205
1628805505000,0.31152492045594576
1628805535000,0.3099157924632353
1628805565000,0.3149531840269278
1628805595000,0.3149664874775315
1628805625000,0.3131888946821516
1628805655000,0.3171389735709895
1628805685000,0.31616374027010435
1628805715000,0.3137058983455882
1628805745000,0.31711108342644323
1628805775000,0.3145213464901478
1628805805000,0.3179604263319045
1628805835000,0.3151452285891858
1628805865000,0.3123833622208437
1628805895000,0.3199266936802974
1628805925000,0.3124765447852761
1628805955000,0.3173023134244873
1628805985000,0.3168284857142857
1628806015000,0.31605828525993884
1628806045000,0.31574805702179176
1628806075000,0.3136193752265861
1628806105000,0.31204317062423503
1628806135000,0.316361986695279
1628806165000,0.3157279311233886
1628806195000,0.31326990650705955
1628806225000,0.3124363620500305
1628806255000,0.31190974084507045
1628806285000,0.3189047456043956
1628806315000,0.3174808589330025
1628806345000,0.3117880731261426
1628806375000,0.31399043020581113
1628806405000,0.3100419133939394
1628806435000,0.3105370216331505
1628806465000,0.3121781378889567
1628806495000,0.32062659288753803
1628806525000,0.3217032038764385
1628806555000,0.3132755981347774
1628806585000,0.31654562671568626
1628806615000,0.3138431025733094
1628806645000,0.31367491386682955
1628806675000,0.3147070424832623
1628806705000,0.3169325386446886
1628806735000,0.3161674412923077
1628806765000,0.31259537764127765
1628806795000,0.31645391731001205
1628806825000,0.311565794002448
1628806855000,0.3105973970749543
1628806885000,0.3134982601840491
1628806915000,0.3208067350496278
1628806945000,0.3120553230863441
1628806975000,0.3168343762576687
1628807005000,0.3145400054556355
1628807035000,0.3136474215867159
1628807065000,0.3124818951456311
1628807095000,0.3167337038579302
1628807125000,0.3143189869402985
1628807155000,0.3158313505135952
1628807185000,0.3110254053495441
1628807215000,0.3139392232944069
1628807245000,0.3125428382406842
1628807275000,0.32204447959309496
1628807305000,0.31173270856966706
1628807335000,0.3109308151975684
1628807365000,0.311672378729963
1628807395000,0.3145961641304348
1628807425000,0.3213608517431193
1628807455000,0.3178947105968331
1628807485000,0.31088296920267805
1628807515000,0.3155154100803958
1628807545000,0.31213072734567904
1628807575000,0.3191513680890538
1628807605000,0.3123494675213675
1628807635000,0.3121840250611247
1628807665000,0.31157337624309395
1628807695000,0.3133792288145897
1628807725000,0.31118581643163695
1628807755000,0.3156626919582566
1628807785000,0.3130208500306185
1628807815000,0.3100671648034398
1628807845000,0.3168333934052758
1628807875000,0.3166806816140777
1628807905000,0.318710676889715
1628807935000,0.3119369138681592
1628807965000,0.3124411131127451
1628807995000,0.3147765481322719
1628808025000,0.3134987176969697
1628808055000,0.3125477699453552
1628808085000,0.31183853714810283
1628808115000,0.3100385592727273
1628808145000,0.31595497496969704
1628808175000,0.31683770760598506
1628808205000,0.3201840242665037
1628808235000,0.3112427180870632
1628808265000,0.32160271986634265
1628808295000,0.31428006303288675
1628808325000,0.313429527680798
1628808355000,0.313385934691358
1628808385000,0.3176131792615385
1628808415000,0.3158165197515528
1628808445000,0.3177953055045872
1628808475000,0.3170356115732369
1628808505000,0.31606750049535604
1628808535000,0.31220983271490416
1628808565000,0.31208667716390426
1628808595000,0.3104658137507673
1628808625000,0.3168987293971411
1628808655000,0.31080043878303626
1628808685000,0.3215124088414634
1628808715000,0.31250697665036675
1628808745000,0.3123274076173065
1628808775000,0.31051945790441177
1628808805000,0.3181172448019802
1628808835000,0.3165168737846154
1628808865000,0.3152511742874469
1628808895000,0.3162163854445798
1628808925000,0.3150954166159464
1628808955000,0.3177459952144189
1628808985000,0.31495989699938765
1628809015000,0.3188472263093037
1628809045000,0.3134027356231003
1628809075000,0.3211101992044064
1628809105000,0.3132528904504505
1628809135000,0.3202160683000605
1628809165000,0.31351459347162897
1628809195000,0.3113219636083744
1628809225000,0.3138542562962963
1628809255000,0.318450672541744
1628809285000,0.3171471963459196
1628809315000,0.31499963886489823
1628809345000,0.3185474160493827
1628809375000,0.3190585590153846
1628809405000,0.3195329594512195
1628809435000,0.3167374583384239
1628809465000,0.31996894018348626
1628809495000,0.31177309609756104
1628809525000,0.3184978287925697
1628809555000,0.3113106380835381
1628809585000,0.31495155834355826
1628809615000,0.3163365500303951
1628809645000,0.3222129060344828
1628809675000,0.3156734198270537
1628809705000,0.31567281950920245
1628809735000,0.3102486797248804
1628809765000,0.3105818198049969
1628809795000,0.31500662067484664
1628809825000,0.31928348720930233
1628809855000,0.316891769375379
1628809885000,0.31230400744810743
1628809915000,0.3099261536733455
1628809945000,0.31404915302013425
1628809975000,0.2560162437118437
1628810005000,0.3180574309509012
1628810035000,0.3116338707796194
1628810065000,0.316235833801956
1628810095000,0.3111692825716027
1628810125000,0.31117624781021896
1628810155000,0.31253184221260816
1628810185000,0.31330503560794043
1628810215000,0.3126312949099938
1628810245000,0.31655288541033433
1628810275000,0.3162897934426229
1628810305000,0.3146505775621589
1628810335000,0.31269829283042394
1628810365000,0.3142256214987715
1628810395000,0.3136921716026813
1628810425000,0.31682592498461537
1628810455000,0.31585040853960394
1628810485000,0.3129625930589681
1628810515000,0.31681352605459057
1628810545000,0.3162487634026928
1628810575000,0.3183037894543225
1628810605000,0.3118324573430835
1628810635000,0.3185332871226124
1628810665000,0.3109840167777105
1628810695000,0.31271196211180124
1628810725000,0.3131046113510179
1628810755000,0.3152716293544458
1628810785000,0.31354201013597033
1628810815000,0.3168259597568389
1628810845000,0.31573341765776697
1628810875000,0.3168818683302526
1628810905000,0.31725338330263964
1628810935000,0.31265441042944786
1628810965000,0.3177283969586375
1628810995000,0.31879130299511005
1628811025000,0.3191035143814747
1628811055000,0.3154235754556501
1628811085000,0.3112399894576478
1628811115000,0.3190121718711276
1628811145000,0.31526692395644285
1628811175000,0.3117896882210079
1628811205000,0.3188618725866337
1628811235000,0.31876952483139176
1628811265000,0.3157882028518289
1628811295000,0.31356335077399383
1628811325000,0.32107513600244497
1628811355000,0.3155155047117173
1628811385000,0.3166574231481481
1628811415000,0.3150907833333333
1628811445000,0.3125025243917275
1628811475000,0.3144794372777437
1628811505000,0.31187558155459594
1628811535000,0.31239033498759305
1628811565000,0.3109449104342581
1628811595000,0.3129076556993222
1628811625000,0.31373831934889435
1628811655000,0.3219658981931464
1628811685000,0.31703521957998765
1628811715000,0.3137968187730061
1628811745000,0.3121474489230769
1628811775000,0.3138844842689697
1628811805000,0.3175721010265701
1628811835000,0.31532009231242314
1628811865000,0.3140023502122499
1628811895000,0.31659653099631
1628811925000,0.3154280109013398
1628811955000,0.31252395502776065
1628811985000,0.31541936166253104
1628812015000,0.3155224193965517
1628812045000,0.3165213992009834
1628812075000,0.3123333270846013
1628812105000,0.31093199542403904
1628812135000,0.3132030842361534
1628812165000,0.3114090974233129
1628812195000,0.3131632615523466
1628812225000,0.3112238392944039
1628812255000,0.3192304848851269
1628812285000,0.3199467981401116
1628812315000,0.3185239473137973
1628812345000,0.3145110046723301
1628812375000,0.3171573765255293
1628812405000,0.3129031914551084
1628812435000,0.3161402889301175
1628812465000,0.31809969058103976
1628812495000,0.3132598744029394
1628812525000,0.31583049240963856
1628812555000,0.3118033644567219
1628812585000,0.31389175752427184
1628812615000,0.31524009268142683
1628812645000,0.3144911312729498
1628812675000,0.2565524826006192
1628812705000,0.26062948421701604
1628812735000,0.31028185233990146
1628812765000,0.32197431948212085
1628812795000,0.31810042899444785
1628812825000,0.31218355784252944
1628812855000,0.3125288291256157
1628812885000,0.31025350866425994
1628812915000,0.3167250029214851
1628812945000,0.31800265097323605
1628812975000,0.3125757176578786
1628813005000,0.3167435907284768
1628813035000,0.31497550927070456
1628813065000,0.32060266103343465
1628813095000,0.3131424831707317
1628813125000,0.31497688635525506
1628813155000,0.31491320024600244
1628813185000,0.31530802324159024
1628813215000,0.3102106089570552
1628813245000,0.31350183831488315
1628813275000,0.3109419925326696
1628813305000,0.3154621413962033
1628813335000,0.3131594331076923
1628813365000,0.3120572137278829
1628813395000,0.31029598490449783
1628813425000,0.31290087363861385
1628813455000,0.3175696996991577
1628813485000,0.3122158627620222
1628813515000,0.320093987699877
1628813545000,0.3245038759485924
1628813575000,0.3120460304187192
1628813605000,0.3146117375995101
1628813635000,0.3160579545565749
1628813665000,0.3157220662969809
1628813695000,0.31128699435133456
1628813725000,0.3155701110012361
1628813755000,0.31180247684275186
1628813785000,0.3194636658830621
1628813815000,0.3214155781532891
1628813845000,0.3155781256631709
1628813875000,0.3114650559902201
1628813905000,0.3161526739500913
1628813935000,0.31169099465930017
1628813965000,0.3196267091354997
1628813995000,0.31437706223733003
1628814025000,0.31220219034440344
1628814055000,0.31506345803897684
1628814085000,0.3176029104551045
1628814115000,0.3156095923980223
1628814145000,0.31815866999383857
1628814175000,0.3121646430379747
1628814205000,0.31319690794044663
1628814235000,0.3162226566185319
1628814265000,0.3189833091855481
1628814295000,0.3074165718545021
1628814325000,0.31957332274390243
1628814355000,0.3160767317682927
1628814385000,0.3147959454711246
1628814415000,0.30802395834862384
1628814445000,0.3148533434234234
1628814475000,0.31548846623215393
1628814505000,0.3179942886068112
1628814535000,0.3161880195945946
1628814565000,0.3124147908150852
1628814595000,0.3120901620410703
1628814625000,0.3164870416717886
1628814655000,0.30939367446678856
1628814685000,0.3115959177018633
1628814715000,0.3170016545677499
1628814745000,0.31814385346413243
1628814775000,0.3147792947527141
1628814805000,0.3169020366871166
1628814835000,0.310563831985516
1628814865000,0.3129401108338405
1628814895000,0.31218751253804017
1628814925000,0.31666683727162
1628814955000,0.31257931316270565
1628814985000,0.3166900457019171
1628815015000,0.3119675561660561
1628815045000,0.3145675762995049
1628815075000,0.31736475786240786
1628815105000,0.3128795592821782
1628815135000,0.31872617167070216
1628815165000,0.3203444907248157
1628815195000,0.31491306598890945
1628815225000,0.3113198293606456
1628815255000,0.312980155686762
1628815285000,0.320809374600246
1628815315000,0.3167660859830097
1628815345000,0.31148508080684595
1628815375000,0.3116543817617866
1628815405000,0.3139771202678028
1628815435000,0.31353937518248176
1628815465000,0.32122255131498473
1628815495000,0.3197602268969772
1628815525000,0.3121952685714286
1628815555000,0.32034833904068
1628815585000,0.3151002775046097
1628815615000,0.3146569235148515
1628815645000,0.3164398596437347
1628815675000,0.31779926782238443
1628815705000,0.3158673028711057
1628815735000,0.3208206384378844
1628815765000,0.31444954093457944
1628815795000,0.3156557813591023
1628815825000,0.3183151419889503
1628815855000,0.3184732682568807
1628815885000,0.3153513257566399
1628815915000,0.3226042866218693
1628815945000,0.3148566232885085
1628815975000,0.3151701129383313
1628816005000,0.3161021748002458
1628816035000,0.30930899742014745
1628816065000,0.3157868347426471
1628816095000,0.3219165648962149
1628816125000,0.3112374387767584
1628816155000,0.32137609792303
1628816185000,0.3148434638973732
1628816215000,0.3171664823493235
1628816245000,0.318172159540087
1628816275000,0.3168240266343826
1628816305000,0.3131175969751966
1628816335000,0.3144369034313725
1628816365000,0.31642975668948353
1628816395000,0.315945412152992
1628816425000,0.314152505617284
1628816455000,0.31638847159581024
1628816485000,0.3199044403325123
1628816515000,0.31819361299019605
1628816545000,0.3189639695812808
1628816575000,0.3113186570555895
1628816605000,0.3122320099088146
1628816635000,0.3117859758221681
1628816665000,0.3159763051282051
1628816695000,0.3175199528267477
1628816725000,0.3091842247524753
1628816755000,0.3159850625385089
1628816785000,0.3115645613300493
1628816815000,0.31233041894218944
1628816845000,0.31130052929542645
1628816875000,0.3168876246674728
1628816905000,0.32070116995760145
1628816935000,0.31395747219186404
1628816965000,0.3149393637888199
1628816995000,0.3145904027997565
1628817025000,0.312707395599022
1628817055000,0.3102783198291641
1628817085000,0.31269742035452325
1628817115000,0.2521916367620207
1628817145000,0.25488334749849306
1628817175000,0.3117314063985375
1628817205000,0.31080648518064913
1628817235000,0.31313274890643983
1628817265000,0.31265193595574675
1628817295000,0.31090247440047963
1628817325000,0.31183762128174125
1628817355000,0.3118105877797943
1628817385000,0.3154446955487805
1628817415000,0.3123497830855019
1628817445000,0.3124442955151515
1628817475000,0.3139200042245021
1628817505000,0.3152138220172201
1628817535000,0.3161536177191907
1628817565000,0.3099237705988024
1628817595000,0.3115188340727049
1628817625000,0.3130341596923077
1628817655000,0.3108337910105394
1628817685000,0.3130086616636528
1628817715000,0.31698813072693954
1628817745000,0.3139031124390244
1628817775000,0.3164363237082067
1628817805000,0.31517891269160025
1628817835000,0.3146199465644172
1628817865000,0.3111250283333333
1628817895000,0.3111639318040917
1628817925000,0.3172377745376079
1628817955000,0.31109519383394385
1628817985000,0.3204539643163703
1628818015000,0.3182262270531401
1628818045000,0.32277499039755353
1628818075000,0.3194630452205882
1628818105000,0.3183616216399507
1628818135000,0.3091530585321101
1628818165000,0.3169444638598648
1628818195000,0.3199871470186336
1628818225000,0.3155916862996942
1628818255000,0.30974998511685115
1628818285000,0.31687649205175605
1628818315000,0.3192237767652384
1628818345000,0.31127528216911765
1628818375000,0.3113824396941896
1628818405000,0.31256532651933694
1628818435000,0.3124458066301703
1628818465000,0.3165808029878049
1628818495000,0.3183991185389809
1628818525000,0.3161328092796093
1628818555000,0.3193045670595533
1628818585000,0.3108498328842621
1628818615000,0.3132890783622235
1628818645000,0.3155708389225181
1628818675000,0.3140251941860465
1628818705000,0.3140534673382173
1628818735000,0.3118471006811145
1628818765000,0.3087904938912645
1628818795000,0.3137859877538461
1628818825000,0.3170577877149877
1628818855000,0.31621890781719786
1628818885000,0.3168175568181818
1628818915000,0.3114251698159509
1628818945000,0.3153399352244389
1628818975000,0.3215524591245376
1628819005000,0.3126429270203578
1628819035000,0.31775887248447204
1628819065000,0.3128296217391304
1628819095000,0.31546167679900744
1628819125000,0.3173730927429274
1628819155000,0.3174936104715248
1628819185000,0.31571532321644497
1628819215000,0.31241351408621737
1628819245000,0.31086730317266625
1628819275000,0.32062361836485664
1628819305000,0.3120813894387447
1628819335000,0.3216373577764277
1628819365000,0.3158589039726878
1628819395000,0.3204819478795329
1628819425000,0.3119398410383189
1628819455000,0.3149582857490865
1628819485000,0.3187958417434009
1628819515000,0.31456888938480104
1628819545000,0.3139918119753086
1628819575000,0.3118827310852238
1628819605000,0.3149717704310868
1628819635000,0.30962464341551416
1628819665000,0.3240186650726392
1628819695000,0.3170414758983891
1628819725000,0.3121129429629629
1628819755000,0.31773757353485504
1628819785000,0.3127709169459963
1628819815000,0.31304766553398056
1628819845000,0.3130452690330477
1628819875000,0.3119363987804878
1628819905000,0.31440932787286063
1628819935000,0.3185508212817412
1628819965000,0.3174870028290283
1628819995000,0.3167041752634842
1628820025000,0.3107011955132145
1628820055000,0.31988358990769233
1628820085000,0.31625336807081805
1628820115000,0.3150237789283564
1628820145000,0.3125023928971963
1628820175000,0.31643704008438817
1628820205000,0.3147153315076923
1628820235000,0.311399162477008
1628820265000,0.3173730309068476
1628820295000,0.312595260823456
1628820325000,0.3157445143119266
1628820355000,0.31705230099317194
1628820385000,0.3162625762917933
1628820415000,0.3199468131350682
1628820445000,0.31746299465930017
1628820475000,0.3209372287916153
1628820505000,0.31357491023573203
1628820535000,0.3233042785230769
1628820565000,0.3173047443499393
1628820595000,0.3152051887867647
1628820625000,0.3112640778863775
1628820655000,0.3167904959558824
1628820685000,0.3116039939707674
1628820715000,0.311447124368231
1628820745000,0.31219307853628536
1628820775000,0.31132089148550723
1628820805000,0.3178300155033972
1628820835000,0.3165383257125155
1628820865000,0.31271399395261845
1628820895000,0.3103580439533456
1628820925000,0.31377052309102016
1628820955000,0.3125777137086903
1628820985000,0.3169542358662614
1628821015000,0.3183093931097561
1628821045000,0.31415028055893074
1628821075000,0.3204637845208845
1628821105000,0.3151112272727273
1628821135000,0.31910039554179565
1628821165000,0.31558465069993913
1628821195000,0.31455883245881633
1628821225000,0.3126889141712877
1628821255000,0.31217895628891656
1628821285000,0.3188096316176471
1628821315000,0.31623912403147697
1628821345000,0.3157007295705522
1628821375000,0.30970100623486685
1628821405000,0.3158453883292383
1628821435000,0.3199755205334988
1628821465000,0.31802207596566523
1628821495000,0.3114083941923775
1628821525000,0.3164985547869055
1628821555000,0.3117806236746988
1628821585000,0.31704475254237285
1628821615000,0.3177353057835821
1628821645000,0.3116113697208738
1628821675000,0.31402191615289765
1628821705000,0.31606874639556376
1628821735000,0.3139329930387409
1628821765000,0.3131632921787709
1628821795000,0.31189938133086875
1628821825000,0.3155630581829496
1628821855000,0.31253564576993303
1628821885000,0.308402305164034
1628821915000,0.316138766686747
1628821945000,0.3140351678048781
1628821975000,0.3175836436923077
1628822005000,0.31179553314780456
1628822035000,0.3140497524875622
1628822065000,0.3132270502463054
1628822095000,0.31224873992628993
1628822125000,0.3111908449754902
1628822155000,0.3136064721846154
1628822185000,0.3112944726779252
1628822215000,0.3174109242216687
1628822245000,0.3111581734153846
1628822275000,0.3121619227217497
1628822305000,0.31276622052535125
1628822335000,0.30810472308153475
1628822365000,0.3158251121100917
1628822395000,0.3133270182205972
1628822425000,0.31228746781538463
1628822455000,0.25301113530499075
1628822485000,0.31482103380454823
1628822515000,0.31459635214723924
1628822545000,0.3107237859259259
1628822575000,0.3153073680890538
1628822605000,0.31631424
1628822635000,0.3159690856177013
1628822665000,0.3140378290164936
1628822695000,0.31474616416615003
1628822725000,0.314366448091133
1628822755000,0.3175573288685015
1628822785000,0.32187460129950496
1628822815000,0.30906008732565193
1628822845000,0.3211444033457249
1628822875000,0.3113108711667685
1628822905000,0.31615474414135153
1628822935000,0.3111201973137973
1628822965000,0.31749236668700426
1628822995000,0.3105659079876161
1628823025000,0.312305578011118
1628823055000,0.3134816204729309
1628823085000,0.31259320786240785
1628823115000,0.3123683684729064
1628823145000,0.3134432164224664
1628823175000,0.3129207136029412
1628823205000,0.3152013443627451
1628823235000,0.3108957414197531
1628823265000,0.3150321443833944
1628823295000,0.31460252456467663
1628823325000,0.310743491013269
1628823355000,0.3091209277945619
1628823385000,0.31333535281862746
1628823415000,0.3140871156193896
1628823445000,0.3196552117936118
1628823475000,0.3106067436887255
1628823505000,0.31701028988491825
1628823535000,0.3126758361496681
1628823565000,0.3128745310471525
1628823595000,0.31008996896969704
1628823625000,0.31270366038200864
1628823655000,0.310756126328801
1628823685000,0.3115568275212637
1628823715000,0.3095214181929932
1628823745000,0.3143201712446352
1628823775000,0.31094598991910394
1628823805000,0.31384524583083384
1628823835000,0.3107362408921933
1628823865000,0.3133330667281673
1628823895000,0.31338735252022404
1628823925000,0.31707428565217394
1628823955000,0.3224465336765597
1628823985000,0.3158200644865526
1628824015000,0.3093641786106033
1628824045000,0.3144029141433022
1628824075000,0.3144308766138855
1628824105000,0.3141910791512915
1628824135000,0.3183628475632326
1628824165000,0.31044597475728153
1628824195000,0.31100870842558426
1628824225000,0.2482887038369305
1628824255000,0.2535036859327217
1628824285000,0.2940492380333952
1628824315000,0.31377396188423645
1628824345000,0.3011554061286408
1628824375000,0.24998027286773794
1628824405000,0.24922565413070286
1628824435000,0.2490689597434331
1628824465000,0.31076341066422913
1628824495000,0.3166431536705737
1628824525000,0.31188696772616137
1628824555000,0.30986790061881186
1628824585000,0.31348345217925105
1628824615000,0.3120138940520446
1628824645000,0.31381127379182155
1628824675000,0.31478843226993863
1628824705000,0.3114292394557823
1628824735000,0.3168300366153846
1628824765000,0.31691824816883923
1628824795000,0.3187625509342978
1628824825000,0.31184304767801857
1628824855000,0.3168751651019148
1628824885000,0.3179904768707483
1628824915000,0.31326528317872604
1628824945000,0.3172855496607033
1628824975000,0.3126797982413584
1628825005000,0.314770926376989
1628825035000,0.3137773671807526
1628825065000,0.3238949901680149
1628825095000,0.3137116397404203
1628825125000,0.310827316031941
1628825155000,0.3143092513480392
1628825185000,0.3126441095881992
1628825215000,0.31014366932515336
1628825245000,0.3174512286674817
1628825275000,0.3136548218692731
1628825305000,0.3175276447530864
1628825335000,0.3142278184146341
1628825365000,0.32276489738760633
1628825395000,0.31710528372379776
1628825425000,0.3150351774830352
1628825455000,0.31718297408555485
1628825485000,0.3158536634453781
1628825515000,0.3112322097033375
1628825545000,0.31606989768715765
1628825575000,0.3107204508890251
1628825605000,0.3118729398900428
1628825635000,0.31645859427020506
1628825665000,0.31806990591133005
1628825695000,0.3126656628048781
1628825725000,0.3098462168
1628825755000,0.31435229711479434
1628825785000,0.31232905325693605
1628825815000,0.3148766871825877
1628825845000,0.3118904315177479
1628825875000,0.3151624688942892
1628825905000,0.31105033884146344
1628825935000,0.3115106252444988
1628825965000,0.3148660428309945
1628825995000,0.31078170666666666
1628826025000,0.3155404421313507
1628826055000,0.31094506709717096
1628826085000,0.31562355441717793
1628826115000,0.3123236797794118
1628826145000,0.3197876485330073
1628826175000,0.3110865805471125
1628826205000,0.3151584715511956
1628826235000,0.31196088414558915
1628826265000,0.3133030680342927
1628826295000,0.31143871699386505
1628826325000,0.31134216275106513
1628826355000,0.31157831120636864
1628826385000,0.311067600122549
1628826415000,0.3170612365942029
1628826445000,0.320901134029484
1628826475000,0.31740476387878785
1628826505000,0.3176685036374846
1628826535000,0.31802637668298656
1628826565000,0.3169550277777778
1628826595000,0.3123767322283609
1628826625000,0.31152592244143035
1628826655000,0.3181009087414755
1628826685000,0.31394333773584904
1628826715000,0.3122053181092695
1628826745000,0.3143336667673716
1628826775000,0.3103435236598891
1628826805000,0.3093187026586103
1628826835000,0.3114569147510756
1628826865000,0.3184389409118916
1628826895000,0.31438208625304137
1628826925000,0.3120776560781918
1628826955000,0.3163723231617647
1628826985000,0.31280971497851445
1628827015000,0.3115209186594203
1628827045000,0.31166711371359224
1628827075000,0.32045319933171323
1628827105000,0.31874611893892657
1628827135000,0.3109319980246913
1628827165000,0.3197853063935444
1628827195000,0.31745564285714284
1628827225000,0.3162537283555018
1628827255000,0.3213267046959663
1628827285000,0.3185523435960591
1628827315000,0.3118924475015423
1628827345000,0.312255490502451
1628827375000,0.3153244405654579
1628827405000,0.31918833833746896
1628827435000,0.3118861145102781
1628827465000,0.31453978767541185
1628827495000,0.3158573546818728
1628827525000,0.3171208457264957
1628827555000,0.311522511090573
1628827585000,0.3130144911220715
1628827615000,0.31334295794621025
1628827645000,0.3147923796341464
1628827675000,0.3172113312653563
1628827705000,0.3161910853818616
1628827735000,0.3138742971865444
1628827765000,0.3206062524012158
1628827795000,0.3172483564055859
1628827825000,0.3166146027439025
1628827855000,0.3167815270833333
1628827885000,0.3186003799509504
1628827915000,0.3134313337976984
1628827945000,0.3158944281535649
1628827975000,0.3112249436774588
1628828005000,0.31070773963414633
1628828035000,0.31126573807169344
1628828065000,0.31142270594299576
1628828095000,0.3128041295539033
1628828125000,0.3110623551580203
1628828155000,0.3113607958257713
1628828185000,0.3125597814814815
1628828215000,0.319269693622291
1628828245000,0.3107941575
1628828275000,0.3175306970030581
1628828305000,0.31445881722255914
1628828335000,0.32027315893186004
1628828365000,0.3139064160197166
1628828395000,0.31516353617021275
1628828425000,0.3161423409616555
1628828455000,0.3158983258103976
1628828485000,0.3178803577764277
1628828515000,0.3118561354345165
1628828545000,0.3106839265550239
1628828575000,0.3101161942118227
1628828605000,0.3120991771233726
1628828635000,0.31376795307125305
1628828665000,0.3114300648102815
1628828695000,0.31817903500604594
1628828725000,0.31533019696969705
1628828755000,0.3161572801088271
1628828785000,0.31680642311960544
1628828815000,0.3159116684789249
1628828845000,0.3159927855125844
1628828875000,0.3157167615193026
1628828905000,0.3124454137717121
1628828935000,0.3144492270795385
1628828965000,0.31604226693251536
1628828995000,0.32184040356046656
1628829025000,0.3146012100120627
1628829055000,0.3137417017813268
1628829085000,0.3159276921472393
1628829115000,0.3212152908816425
1628829145000,0.313060357566586
1628829175000,0.3156900068543452
1628829205000,0.3150963700659868
1628829235000,0.3090913199029126
1628829265000,0.3125067875921376
1628829295000,0.3128144516908213
1628829325000,0.31937212652811736
1628829355000,0.31508779049636804
1628829385000,0.3134586969660194
1628829415000,0.3230738430127042
1628829445000,0.3153846050152905
1628829475000,0.31690596151945644
1628829505000,0.31319325880522714
1628829535000,0.3157014346130031
1628829565000,0.3100640501505117
1628829595000,0.31282026425925924
1628829625000,0.3206557476248477
1628829655000,0.3178252616718266
1628829685000,0.31373980375757576
1628829715000,0.3143958500608273
1628829745000,0.31886269039408865
1628829775000,0.31723732158671586
1628829805000,0.3134949523125
1628829835000,0.3183158220908525
1628829865000,0.3143626084577115
1628829895000,0.31351324315531
1628829925000,0.3121824027675277
1628829955000,0.3119806305315204
1628829985000,0.3143512473397824
1628830015000,0.3121642745576571
1628830045000,0.32178284564546017
1628830075000,0.3190784285093168
1628830105000,0.3168067194852941
1628830135000,0.3126021022616137
1628830165000,0.3123632813653137
1628830195000,0.3151319205596107
1628830225000,0.31092240313653136
1628830255000,0.3198434849482023
1628830285000,0.3111315963980464
1628830315000,0.31395723559113303
1628830345000,0.3179925520606061
1628830375000,0.3139107881025015
1628830405000,0.3112930762051916
1628830435000,0.3191841551808706
1628830465000,0.31223144817110976
1628830495000,0.3177088802089736
1628830525000,0.3181353872392638
1628830555000,0.3153448935128519
1628830585000,0.3121020364698647
1628830615000,0.3179531715522573
1628830645000,0.3114195325
1628830675000,0.3114624715412621
1628830705000,0.3170116606004902
1628830735000,0.3108577580841977
1628830765000,0.31412148947368423
1628830795000,0.3153209613259669
1628830825000,0.32051992239170224
1628830855000,0.3106112987804878
1628830885000,0.3134695616799509
1628830915000,0.3128743948623853
1628830945000,0.3117157173333333
1628830975000,0.31075751610904584
1628831005000,0.31162348195211786
1628831035000,0.3087766194359289
1628831065000,0.31888859048200124
1628831095000,0.31191328524390244
1628831125000,0.3099315885225885
1628831155000,0.3169881057125307
1628831185000,0.3105489190563725
1628831215000,0.3105920008567932
1628831245000,0.3165478608190709
1628831275000,0.3113126601462523
1628831305000,0.31145536398773005
1628831335000,0.3124233471402769
1628831365000,0.3108738635435435
1628831395000,0.3147210274939173
1628831425000,0.3136495167574108
1628831455000,0.317976183672212
1628831485000,0.3110457193902439
1628831515000,0.3129950938461539
1628831545000,0.3127173813140446
1628831575000,0.31610154068209495
1628831605000,0.3165000961986512
1628831635000,0.31433505731030226
1628831665000,0.3160279880095923
1628831695000,0.3164071070818071
1628831725000,0.3185530351234568
1628831755000,0.3121382391358025
1628831785000,0.31430986300121505
1628831815000,0.3097259714716526
1628831845000,0.3103940082872928
1628831875000,0.31858298893034825
1628831905000,0.31006074625603863
1628831935000,0.3119199136778116
1628831965000,0.2900726646583851
1628831995000,0.3077634627288837
1628832025000,0.31972985127427184
1628832055000,0.312657694993895
1628832085000,0.31197129502151194
1628832115000,0.31266700763591937
1628832145000,0.31389422343459394
1628832175000,0.31138035337423314
1628832205000,0.31696485088576665
1628832235000,0.3161711005576208
1628832265000,0.3106849052083333
1628832295000,0.3150674871794872
1628832325000,0.3116814849364791
1628832355000,0.31334278398533005
1628832385000,0.31550828844765344
1628832415000,0.3111064308913309
1628832445000,0.3164467167481663
1628832475000,0.3126240353227771
1628832505000,0.31831212293464856
1628832535000,0.31412934788213626
1628832565000,0.3156508837151703
1628832595000,0.3119161912195122
1628832625000,0.3137540346153846
1628832655000,0.3124983417177914
1628832685000,0.31318550384615385
1628832715000,0.3106413010247137
1628832745000,0.31375967269395233
1628832775000,0.3116231898096992
1628832805000,0.3115986753101737
1628832835000,0.31895991595873785
1628832865000,0.3130638516544117
1628832895000,0.3154780862153846
1628832925000,0.31018961508967224
1628832955000,0.3109168285802469
1628832985000,0.31866199015384616
1628833015000,0.3123785475692308
1628833045000,0.3181558108722359
1628833075000,0.3130690669512195
1628833105000,0.313396699875467
1628833135000,0.3162070086260012
1628833165000,0.3161353618587809
1628833195000,0.3121698688604509
1628833225000,0.31272115961418795
1628833255000,0.30999316670761673
1628833285000,0.3132996537799631
1628833315000,0.31750993726095
1628833345000,0.3109593677322075
1628833375000,0.32171626447613144
1628833405000,0.3166441829343155
1628833435000,0.31184627766153844
1628833465000,0.3162141728864734
1628833495000,0.3113406294847921
1628833525000,0.3175642915580385
1628833555000,0.3223830874074074
1628833585000,0.31741955601965605
1628833615000,0.3137684409257004
1628833645000,0.3128903546749226
1628833675000,0.3116764705882353
1628833705000,0.314493272195122
1628833735000,0.3122359824455206
1628833765000,0.31913423068391866
1628833795000,0.3151643737964656
1628833825000,0.321485499875467
1628833855000,0.3123457450184502
1628833885000,0.31369675772558714
1628833915000,0.3203777020444979
1628833945000,0.3208951465443425
1628833975000,0.31817071259168705
1628834005000,0.31732608971321696
1628834035000,0.31736596234158115
1628834065000,0.3163017123471883
1628834095000,0.311182559350092
1628834125000,0.3162099796713329
1628834155000,0.314001658747698
1628834185000,0.3162728229588705
1628834215000,0.31647935596330273
1628834245000,0.31737720326153845
1628834275000,0.3165035870257038
1628834305000,0.31911941260815824
1628834335000,0.3184416648632219
1628834365000,0.3155928370257038
1628834395000,0.3124989698846387
1628834425000,0.312972864626683
1628834455000,0.3131009977927652
1628834485000,0.31453207591911764
1628834515000,0.3177304049751244
1628834545000,0.3172158520245399
1628834575000,0.31078243512014786
1628834605000,0.31403854146191645
1628834635000,0.31203617955801105
1628834665000,0.3123344388249546
1628834695000,0.31590501324863884
1628834725000,0.3171691516840172
1628834755000,0.3118020292879257
1628834785000,0.3143548560145808
1628834815000,0.3148480678351783
1628834845000,0.3161120512134412
1628834875000,0.3216586288806432
1628834905000,0.31992977017868146
1628834935000,0.3087318359365467
1628834965000,0.31315067634146343
1628834995000,0.3140309320418204
1628835025000,0.3132378007941356
1628835055000,0.3117469327532629
1628835085000,0.3155963187041565
1628835115000,0.3154716521871203
1628835145000,0.3119727550724637
1628835175000,0.31862709797917943
1628835205000,0.3144415198291641
1628835235000,0.316856452955665
1628835265000,0.316551182252142
1628835295000,0.313205150968523
1628835325000,0.3150195078239609
1628835355000,0.31665909999999997
1628835385000,0.31138938233514823
1628835415000,0.3105483488102502
1628835445000,0.31300544630205096
1628835475000,0.3117046891491985
1628835505000,0.3141201393975904
1628835535000,0.3165276224053724
1628835565000,0.2721780107296137
1628835595000,0.31309447533414336
1628835625000,0.3129957395249696
1628835655000,0.311048454848672
1628835685000,0.31166090570913463
1628835715000,0.31502433292831106
1628835745000,0.3125138300184162
1628835775000,0.31901494703703703
1628835805000,0.31200168110285004
1628835835000,0.31110433423312883
1628835865000,0.31676745702023307
1628835895000,0.31327944209884073
1628835925000,0.3158095739975699
1628835955000,0.31478345495049503
1628835985000,0.31408881214896217
1628836015000,0.31759982463144965
1628836045000,0.3130931307173513
1628836075000,0.3170186140459913
1628836105000,0.3181926910549044
1628836135000,0.31427195450617285
1628836165000,0.3158849766544118
1628836195000,0.3158494741641337
1628836225000,0.310199573719926
1628836255000,0.3119444755501222
1628836285000,0.3189737315110565
1628836315000,0.3170793964175417
1628836345000,0.31543353791008505
1628836375000,0.3184833564133739
1628836405000,0.31770509606060604
1628836435000,0.31383974935145154
1628836465000,0.3174202351435705
1628836495000,0.3143131916868932
1628836525000,0.3183756646115906
1628836555000,0.3142459108628181
1628836585000,0.3173617467771639
1628836615000,0.3094647307503075
1628836645000,0.3130732868893012
1628836675000,0.31135991087891823
1628836705000,0.31363805688585605
1628836735000,0.31731132174177834
1628836765000,0.31901596125232484
1628836795000,0.3122062891397193
1628836825000,0.31271445703030304
1628836855000,0.3113139705882353
1628836885000,0.31200502549728754
1628836915000,0.3142485516778524
1628836945000,0.3140995075460123
1628836975000,0.31368248574923546
1628837005000,0.3117599252285192
1628837035000,0.3144477385359952
1628837065000,0.31281303038674035
1628837095000,0.3144089843616372
1628837125000,0.3121295871515152
1628837155000,0.31279999007220216
1628837185000,0.3118652052019584
1628837215000,0.3101996142682927
1628837245000,0.31249765473225405
1628837275000,0.3180848010403917
1628837305000,0.31939957555555554
1628837335000,0.31416875085261875
1628837365000,0.31208753771604936
1628837395000,0.3104525948623853
1628837425000,0.3127455346014493
1628837455000,0.31115404805352803
1628837485000,0.3148073720615385
1628837515000,0.26260198542435426
1628837545000,0.3132316981729598
1628837575000,0.3145955035539216
1628837605000,0.3132359237575757
1628837635000,0.3103669922202274
1628837665000,0.31286879698646985
1628837695000,0.3162976555555556
1628837725000,0.31185649504283963
1628837755000,0.3172379286332715
1628837785000,0.3122224357837181
1628837815000,0.3135182196840826
1628837845000,0.312142226534296
1628837875000,0.3108136424984691
1628837905000,0.3136135747720365
1628837935000,0.3132756965094917
1628837965000,0.31612591638733706
1628837995000,0.3180326881522406
1628838025000,0.3187452012673506
1628838055000,0.31806491440886697
1628838085000,0.3154504153704838
1628838115000,0.3103414537160121
1628838145000,0.31257992565991405
1628838175000,0.3124737198642813
1628838205000,0.3138282997532387
1628838235000,0.3135167736745887
1628838265000,0.31048559896024464
1628838295000,0.3155278390605686
1628838325000,0.3113197063405797
1628838355000,0.3102706337654321
1628838385000,0.3112700177575757
1628838415000,0.3130686993357488
1628838445000,0.31487682694647195
1628838475000,0.31179588545564274
1628838505000,0.313322484515731
1628838535000,0.3160030834674923
1628838565000,0.31487136511487296
1628838595000,0.3124467000610874
1628838625000,0.3134411149346609
1628838655000,0.3157327693588163
1628838685000,0.3173706712811172
1628838715000,0.3118380055961071
1628838745000,0.3171697224304716
1628838775000,0.3177978444846293
1628838805000,0.3156165953445065
1628838835000,0.32602070000000005
1628838865000,0.3092993245085995
1628838895000,0.3218352136391817
1628838925000,0.3173843714632665
1628838955000,0.3164579697832817
1628838985000,0.31300856165228114
1628839015000,0.3127658627878034
1628839045000,0.3165673981707317
1628839075000,0.3146642770178681
1628839105000,0.31683312429620564
1628839135000,0.3190493849785408
1628839165000,0.31950180424204616
1628839195000,0.3132098356350185
1628839225000,0.3132541904024768
1628839255000,0.31531578901912394
1628839285000,0.3185853163366337
1628839315000,0.31125193673345475
1628839345000,0.3138068202546998
1628839375000,0.31420789375
1628839405000,0.3217943042394015
1628839435000,0.31376153080714725
1628839465000,0.3110463016687268
1628839495000,0.3119965430167598
1628839525000,0.25216676552567235
1628839555000,0.3129591430410791
1628839585000,0.3216948875539125
1628839615000,0.3129781958385093
1628839645000,0.3112427733003708
1628839675000,0.31297538034083994
1628839705000,0.3120740545119705
1628839735000,0.3117508725826193
1628839765000,0.3160401902106568
1628839795000,0.3112639604537093
1628839825000,0.3152781008373205
1628839855000,0.3135047207407408
1628839885000,0.3094295594247246
1628839915000,0.31069952086374697
1628839945000,0.31644171372191865
1628839975000,0.3188477035822708
1628840005000,0.30968438725369457
1628840035000,0.3116558624923266
1628840065000,0.3129451411655301
1628840095000,0.3117026282568807
1628840125000,0.3086847651692308
1628840155000,0.3148132889969605
1628840185000,0.3110301428314337
1628840215000,0.3094306267076923
1628840245000,0.3133118203622736
1628840275000,0.3125631229671012
1628840305000,0.3171925298267327
1628840335000,0.31133759659653465
1628840365000,0.3120156130246914
1628840395000,0.31997014581818184
1628840425000,0.3169186340909091
1628840455000,0.30906584963811823
1628840485000,0.3125723861453202
1628840515000,0.313310490937306
1628840545000,0.3168444723821188
1628840575000,0.3185305822291022
1628840605000,0.31585381775585697
1628840635000,0.3154136930970149
1628840665000,0.3128386473651581
1628840695000,0.31687775349127184
1628840725000,0.3174934787642472
1628840755000,0.31245079701401585
1628840785000,0.3109331630381304
1628840815000,0.3166934998778253
1628840845000,0.3107712282396088
1628840875000,0.31521705071295725
1628840905000,0.32158338643246515
1628840935000,0.3168394140221402
1628840965000,0.31601328882850244
1628840995000,0.3189238169031462
1628841025000,0.31162181779402803
1628841055000,0.3119251591824283
1628841085000,0.3114561526986052
1628841115000,0.31308266821849784
1628841145000,0.3178431992058644
1628841175000,0.3112654304930006
1628841205000,0.3166268897235577
1628841235000,0.3160409164417178
1628841265000,0.31240994654545456
1628841295000,0.317490634893617
1628841325000,0.3145490279169212
1628841355000,0.3091301858455882
1628841385000,0.3181845239263804
1628841415000,0.3112932119177253
1628841445000,0.3086800758328286
1628841475000,0.3119425680348259
1628841505000,0.3180427556311881
1628841535000,0.3141549160291439
1628841565000,0.3168488956896552
1628841595000,0.3158762413325108
1628841625000,0.31424120896805896
1628841655000,0.3169762257612668
1628841685000,0.3176729855739718
1628841715000,0.315082037228092
1628841745000,0.31154568895027623
1628841775000,0.3192497438618137
1628841805000,0.30938970132052823
1628841835000,0.3176956240147783
1628841865000,0.31191048719951925
1628841895000,0.3169157771745836
1628841925000,0.31794990902906617
1628841955000,0.31635289
1628841985000,0.3114423079777365
1628842015000,0.31821149882134003
1628842045000,0.31425415495049497
1628842075000,0.31239900133819953
1628842105000,0.3149138678989525
1628842135000,0.31264919987893464
1628842165000,0.3161247819470117
1628842195000,0.3149066795057263
1628842225000,0.3148950083539604
1628842255000,0.3118515557668712
1628842285000,0.31694654764813684
1628842315000,0.30896551513117754
1628842345000,0.31235159620882536
1628842375000,0.3198835126613399
1628842405000,0.31426630525997584
1628842435000,0.3078086851359517
1628842465000,0.3109399250307503
1628842495000,0.31925940655940593
1628842525000,0.31729973310727505
1628842555000,0.3128029854658385
1628842585000,0.31154194130829804
1628842615000,0.31200267377347063
1628842645000,0.31564351604938273
1628842675000,0.3157296937801932
1628842705000,0.3116325009253547
1628842735000,0.3155042578558225
1628842765000,0.3172438120858896
1628842795000,0.31883694499389503
1628842825000,0.3132284279754601
1628842855000,0.3117244474169742
1628842885000,0.316394018627451
1628842915000,0.3158063847394541
1628842945000,0.3134696717933131
1628842975000,0.3107728557288542
1628843005000,0.31179375679314564
1628843035000,0.3164768444444445
1628843065000,0.3128806471018914
1628843095000,0.3128732667270531
1628843125000,0.3124645384089497
1628843155000,0.3142708164408867
1628843185000,0.3171338522981366
1628843215000,0.3208429229026332
1628843245000,0.3133470561543172
1628843275000,0.3147084513447433
1628843305000,0.3121808044632087
1628843335000,0.31318996652439024
1628843365000,0.3143825941867656
1628843395000,0.3164115333535476
1628843425000,0.3272346341269841
1628843455000,0.3123775214592275
1628843485000,0.3135895881746513
1628843515000,0.3142983371268657
1628843545000,0.31558947800369685
1628843575000,0.32103252433764634
1628843605000,0.31699416553217824
1628843635000,0.3179831733333333
1628843665000,0.3177657786600496
1628843695000,0.3121659679384615
1628843725000,0.3105752876294942
1628843755000,0.31109393016255266
1628843785000,0.3121337077543424
1628843815000,0.31047713834771884
1628843845000,0.3130445322324159
1628843875000,0.31569877991373996
1628843905000,0.3181437499694936
1628843935000,0.3169441551384615
1628843965000,0.3121639159286593
1628843995000,0.3158888323511357
1628844025000,0.3170770581395349
1628844055000,0.3239289112469438
1628844085000,0.31709661044126786
1628844115000,0.3166268325898389
1628844145000,0.3124962758513932
1628844175000,0.3163672032858029
1628844205000,0.3122307430254185
1628844235000,0.3131108245614035
1628844265000,0.31392334124610594
1628844295000,0.31784848095823104
1628844325000,0.31588789095975234
1628844355000,0.3146910715083799
1628844385000,0.32093436050571944
1628844415000,0.3143210849114233
1628844445000,0.31479226513038205
1628844475000,0.3163011280072904
1628844505000,0.3214909846534654
1628844535000,0.31588266867245657
1628844565000,0.3157884003696857
1628844595000,0.3135264530218069
1628844625000,0.31714363271196633
1628844655000,0.31597848647990256
1628844685000,0.3134835425810474
1628844715000,0.3115309658297612
1628844745000,0.3134173424892704
1628844775000,0.31776033296432965
1628844805000,0.31316348664615384
1628844835000,0.31207451120636864
1628844865000,0.3137173141620285
1628844895000,0.3156180633333333
1628844925000,0.31320652831585444
1628844955000,0.3161154994492044
1628844985000,0.3178193185819071
1628845015000,0.31780826573511545
1628845045000,0.3115528417713944
1628845075000,0.31582482927571515
1628845105000,0.3165300746583851
1628845135000,0.31307183843329256
1628845165000,0.3164456468846391
1628845195000,0.31527388739342266
1628845225000,0.31578917198275863
1628845255000,0.3162734607320099
1628845285000,0.319646684652568
1628845315000,0.31175226192236605
1628845345000,0.3180306764381885
1628845375000,0.3121195767901235
1628845405000,0.31722412806589384
1628845435000,0.3127625474492932
1628845465000,0.3210334047677262
1628845495000,0.3198686494832827
1628845525000,0.31274722822235795
1628845555000,0.31188489845392703
1628845585000,0.31353442922318125
1628845615000,0.3127738693154034
1628845645000,0.3144541909145608
1628845675000,0.3137043224190593
1628845705000,0.31513383327205885
1628845735000,0.3201739909313725
1628845765000,0.3187060546461539
1628845795000,0.3117965751533742
1628845825000,0.3121911609167672
1628845855000,0.3232599198165137
1628845885000,0.31319112306748464
1628845915000,0.3139690754364089
1628845945000,0.3155110435100548
1628845975000,0.31037439528700905
1628846005000,0.3118287376298106
1628846035000,0.3162369180487805
1628846065000,0.3121511271627344
1628846095000,0.31340112117144603
1628846125000,0.3175932000610128
1628846155000,0.3156743455439459
1628846185000,0.3156960118696187
1628846215000,0.3198722245294475
1628846245000,0.3118742117027864
1628846275000,0.31694381059479554
1628846305000,0.31205968753781005
1628846335000,0.3158648734308349
1628846365000,0.3140453721518988
1628846395000,0.31043629664268585
1628846425000,0.3143290888682746
1628846455000,0.3145790338271605
1628846485000,0.31103261835866264
1628846515000,0.31688410134556577
1628846545000,0.3138138737191079
1628846575000,0.31427436
1628846605000,0.3155387838709677
1628846635000,0.3113318836883749
1628846665000,0.3116925069300912
1628846695000,0.3154485199382716
1628846725000,0.31277506559405943
1628846755000,0.3197528819711539
1628846785000,0.3122509379901961
1628846815000,0.31355720012091903
1628846845000,0.3167117713500305
1628846875000,0.3158564618404908
1628846905000,0.3138475687615527
1628846935000,0.3173558348120764
1628846965000,0.3129678627344223
1628846995000,0.3179726587205793
1628847025000,0.3183359905055487
1628847055000,0.3135130723692308
1628847085000,0.3123488229508197
1628847115000,0.31219503314849045
1628847145000,0.3180003224148607
1628847175000,0.3108160267272727
1628847205000,0.3118305970820669
1628847235000,0.3104716483262325
1628847265000,0.31086573261261263
1628847295000,0.3115038430395137
1628847325000,0.3118178494175353
1628847355000,0.31313882869300913
1628847385000,0.30808172845825715
1628847415000,0.2550962119727047
1628847445000,0.3130442292861501
1628847475000,0.3152708813611281
1628847505000,0.3117222876383764
1628847535000,0.3129801620245399
1628847565000,0.3143452435850215
1628847595000,0.31297145936920223
1628847625000,0.3107537197674419
1628847655000,0.3119833571603427
1628847685000,0.3136486469500924
1628847715000,0.3144931216463415
1628847745000,0.3111610358374384
1628847775000,0.31291924950617284
1628847805000,0.31611495535714285
1628847835000,0.31341545693160816
1628847865000,0.3144142010340633
1628847895000,0.3192807318955043
1628847925000,0.3114289235475896
1628847955000,0.3124847898199876
1628847985000,0.3139006574481075
1628848015000,0.3122610883405305
1628848045000,0.3127050362864078
1628848075000,0.31151933894672384
1628848105000,0.31036916103575835
1628848135000,0.31398597173913045
1628848165000,0.31040337555689346
1628848195000,0.3123784129957291
1628848225000,0.31734423406326034
1628848255000,0.3124661705407085
1628848285000,0.3130170349538461
1628848315000,0.3125671303233679
1628848345000,0.2644556631644005
1628848375000,0.312232314084507
1628848405000,0.3150264285971223
1628848435000,0.31802228696969703
1628848465000,0.3171904596618357
1628848495000,0.3170284673321234
1628848525000,0.32101062077205883
1628848555000,0.3174155351661632
1628848585000,0.31538278486127863
1628848615000,0.3159083844838119
1628848645000,0.31123164239802226
1628848675000,0.31152475378927913
1628848705000,0.32014959517923364
1628848735000,0.31440261934889435
1628848765000,0.3169346167567568
1628848795000,0.3121673092401216
1628848825000,0.3159816951278928
1628848855000,0.31141558118012425
1628848885000,0.318900735257604
1628848915000,0.31117468544798554
1628848945000,0.3163990019441069
1628848975000,0.31476258746943764
1628849005000,0.31997979975354285
1628849035000,0.3171790377289377
1628849065000,0.3199359785052501
1628849095000,0.31367587019171306
1628849125000,0.31336710846528626
1628849155000,0.3141483179331307
1628849185000,0.3160904916105328
1628849215000,0.3113871345465762
1628849245000,0.31204661783517834
1628849275000,0.3147066014101778
1628849305000,0.3116424733984137
1628849335000,0.3153140090188909
1628849365000,0.3145400974668275
1628849395000,0.3151274110771114
1628849425000,0.3144385751545117
1628849455000,0.3124602520148791
1628849485000,0.32006400073304825
1628849515000,0.3136061514723926
1628849545000,0.31188220949788265
1628849575000,0.3133877785584494
1628849605000,0.3112655275075075
1628849635000,0.3115382100613497
1628849665000,0.3129970214805825
1628849695000,0.3112453252163164
1628849725000,0.31334210708564386
1628849755000,0.3129937807739558
1628849785000,0.31197246952841595
1628849815000,0.3163858471054235
1628849845000,0.3128392261029412
1628849875000,0.319603367324291
1628849905000,0.3187910953446191
1628849935000,0.3132304583077866
1628849965000,0.3134030957605985
1628849995000,0.32169242573208723
1628850025000,0.3120512481234867
1628850055000,0.31437806036204746
1628850085000,0.3187258394495413
1628850115000,0.3181226951083591
1628850145000,0.3150738335718545
1628850175000,0.31404753054701906
1628850205000,0.3169662098961515
1628850235000,0.3134320540258144
1628850265000,0.3142425426904177
1628850295000,0.31105501804281344
1628850325000,0.31689930635018504
1628850355000,0.3128886187152563
1628850385000,0.31279165395948433
1628850415000,0.31641057110841914
1628850445000,0.3207539530054645
1628850475000,0.3127434726443769
1628850505000,0.31298877811923786
1628850535000,0.31080274360218313
1628850565000,0.3078516832625834
1628850595000,0.31519425261538464
1628850625000,0.3143704371534196
1628850655000,0.3128390137783221
1628850685000,0.3114020586642599
1628850715000,0.3125227879174256
1628850745000,0.3138765870042709
1628850775000,0.3132370324406573
1628850805000,0.3118389227886978
1628850835000,0.31672639447480266
1628850865000,0.31899226367547634
1628850895000,0.3105345979443773
1628850925000,0.3124499092783505
1628850955000,0.314491448879467
1628850985000,0.3138592798649478
1628851015000,0.31252485076359193
1628851045000,0.3139170863803681
1628851075000,0.3145433409956976
1628851105000,0.3159256595396729
1628851135000,0.31198681945307644
1628851165000,0.3115898862623762
1628851195000,0.31544280210006176
1628851225000,0.3172102801944107
1628851255000,0.3182664109289617
1628851285000,0.3210636644597127
1628851315000,0.3136295005583127
1628851345000,0.3204930499691929
1628851375000,0.3127187840978593
1628851405000,0.31296946233045625
1628851435000,0.31022507835550184
1628851465000,0.3128008852795031
1628851495000,0.3097913738970588
1628851525000,0.31076400341463417
1628851555000,0.3156015552680222
1628851585000,0.3178291143125
1628851615000,0.31419011321909424
1628851645000,0.31227820539215684
1628851675000,0.3170816009773977
1628851705000,0.3143540192592593
1628851735000,0.3115779705772812
1628851765000,0.31814342808850643
1628851795000,0.3138450959082455
1628851825000,0.311049903002451
1628851855000,0.3100613880606061
1628851885000,0.31722308329192545
1628851915000,0.3121637824108241
1628851945000,0.31236469151921903
1628851975000,0.3109198254423429
1628852005000,0.3110029623501199
1628852035000,0.3130268389396709
1628852065000,0.3178088738139248
1628852095000,0.3168763222972973
1628852125000,0.3221064330873309
1628852155000,0.3165889121890547
1628852185000,0.3120232160637645
1628852215000,0.31251795210751376
1628852245000,0.3153233121654501
1628852275000,0.3135197421798029
1628852305000,0.31268575479282623
1628852335000,0.3097684610701107
1628852365000,0.3157094613538461
1628852395000,0.31065147211597777
1628852425000,0.25077003561643835
1628852455000,0.3101528054601227
1628852485000,0.3118401432908318
1628852515000,0.31055179189518584
1628852545000,0.3167689111111111
1628852575000,0.3184127911926605
1628852605000,0.3223663788063337
1628852635000,0.3120407860352156
1628852665000,0.3125425243932039
1628852695000,0.3156042939840393
1628852725000,0.31225619853031233
1628852755000,0.3114757224390244
1628852785000,0.3127666200983405
1628852815000,0.31185605100303954
1628852845000,0.3128148730323368
1628852875000,0.31187822809057525
1628852905000,0.3112740846200608
1628852935000,0.31825640995086
1628852965000,0.31304581212492344
1628852995000,0.3113762813755326
1628853025000,0.3174658351552795
1628853055000,0.3118722225826193
1628853085000,0.3119736801448401
1628853115000,0.3092710241252302
1628853145000,0.3180040479128857
1628853175000,0.3186050928880643
1628853205000,0.31645089617755856
1628853235000,0.32126401219362744
1628853265000,0.3130274052026618
1628853295000,0.3132399351102941
1628853325000,0.31243461166666664
1628853355000,0.32253945142857143
1628853385000,0.3145481374083129
1628853415000,0.31738511259168706
1628853445000,0.3131693569781553
1628853475000,0.31105577627427183
1628853505000,0.31650426987654323
1628853535000,0.31171600762711865
1628853565000,0.3134476022755228
1628853595000,0.31836807146326657
1628853625000,0.3111578058715596
1628853655000,0.31184464112607096
1628853685000,0.3202865912561577
1628853715000,0.31419004261083744
1628853745000,0.316955465920398
1628853775000,0.3146135532675709
1628853805000,0.3126845226060606
1628853835000,0.3153033126820388
1628853865000,0.3160816447384616
1628853895000,0.31264162231051346
1628853925000,0.31599734772036475
1628853955000,0.3208403361128142
1628853985000,0.31603067074534164
1628854015000,0.31249422604166666
1628854045000,0.3178667298843579
1628854075000,0.31504279311616473
1628854105000,0.3139196797074954
1628854135000,0.31565520161490684
1628854165000,0.3105009116976605
1628854195000,0.3179654302786378
1628854225000,0.31587223887545346
1628854255000,0.31215407160417946
1628854285000,0.3161971109957239
1628854315000,0.3127157491400491
1628854345000,0.3131396790243902
1628854375000,0.31586493531941034
1628854405000,0.3112020289680145
1628854435000,0.3132728258282209
1628854465000,0.3120317277674706
1628854495000,0.3208655819076923
1628854525000,0.31082201512758195
1628854555000,0.3136407126387176
1628854585000,0.3147535863411619
1628854615000,0.3172323854064039
1628854645000,0.3193693572039072
1628854675000,0.3204783405422058
1628854705000,0.3120622218003674
1628854735000,0.3127299278149726
1628854765000,0.3117296421279213
1628854795000,0.3155373564290067
1628854825000,0.31632325079075424
1628854855000,0.3140729454434251
1628854885000,0.31171410733944954
1628854915000,0.3149507511336516
1628854945000,0.31345616506469504
1628854975000,0.3134656169787765
1628855005000,0.3119266501219512
1628855035000,0.3117461287553648
1628855065000,0.315864248136646
1628855095000,0.31886472916919345
1628855125000,0.3158699316533497
1628855155000,0.31410367372262776
1628855185000,0.31269370199252805
1628855215000,0.31299649863269113
1628855245000,0.3163253346106304
1628855275000,0.3201588655130541
1628855305000,0.3134341412815773
1628855335000,0.31602983784615385
1628855365000,0.31444768625075714
1628855395000,0.3111041441846154
1628855425000,0.31205638934476426
1628855455000,0.31955981013597035
1628855485000,0.3148684695759066
1628855515000,0.3110957272
1628855545000,0.3133057589712186
1628855575000,0.31651646886559803
1628855605000,0.3127351356356968
1628855635000,0.31234639296388544
1628855665000,0.3149491003634161
1628855695000,0.31206089765432105
1628855725000,0.3112807235934664
1628855755000,0.3126183789859499
1628855785000,0.26345063863636364
1628855815000,0.31543216854066985
1628855845000,0.32034193967193203
1628855875000,0.3167909778668311
1628855905000,0.3125086576405868
1628855935000,0.3135613448254364
1628855965000,0.3115754066020593
1628855995000,0.31139982601226995
1628856025000,0.31678774378078817
1628856055000,0.3127224182668329
1628856085000,0.3186542901348039
1628856115000,0.3164026813622291
1628856145000,0.3216473758683729
1628856175000,0.3158478210329807
1628856205000,0.3122515827983041
1628856235000,0.31234648741433024
1628856265000,0.3155565705049261
1628856295000,0.3169867787787183
1628856325000,0.31241348325062035
1628856355000,0.3175293206960845
1628856385000,0.3119248557022809
1628856415000,0.32169822449725777
1628856445000,0.3112242908645003
1628856475000,0.312351268236715
1628856505000,0.3122588007467331
1628856535000,0.31794385184501844
1628856565000,0.3125946176398279
1628856595000,0.3163357901608911
1628856625000,0.3181251248004911
1628856655000,0.3139370823743186
1628856685000,0.3176482498768473
1628856715000,0.31640943371462976
1628856745000,0.3100042062160531
1628856775000,0.31605347723880595
1628856805000,0.3122169655637255
1628856835000,0.3171520323257249
1628856865000,0.3109005600600601
1628856895000,0.3165308192004845
1628856925000,0.3130103166058394
1628856955000,0.31598713849423193
1628856985000,0.31672723681622617
1628857015000,0.3155558889987639
1628857045000,0.317301757004245
1628857075000,0.3116247117574257
1628857105000,0.3189036212345679
1628857135000,0.3127923230816078
1628857165000,0.3134637883519207
1628857195000,0.31172103075972823
1628857225000,0.3131320105775076
1628857255000,0.3126597382746051
1628857285000,0.31865418221124153
1628857315000,0.31077088996960484
1628857345000,0.3115909972222222
1628857375000,0.31323549469135803
1628857405000,0.3195500211656442
1628857435000,0.3129697309079602
1628857465000,0.3149958636363636
1628857495000,0.3132058072481573
1628857525000,0.2904954096211665
1628857555000,0.3121827592705167
1628857585000,0.3209198203955501
1628857615000,0.3130128055759804
1628857645000,0.2528251791053921
1628857675000,0.31371226918428996
1628857705000,0.3120665322023442
1628857735000,0.31220593639705885
1628857765000,0.3172487209146341
1628857795000,0.3130005943722944
1628857825000,0.3119867686881188
1628857855000,0.3120618621305419
1628857885000,0.3124551085981309
1628857915000,0.3158259740204943
1628857945000,0.311906371968312
1628857975000,0.31531794703363913
1628858005000,0.3177411254889976
1628858035000,0.31306077664851784
1628858065000,0.311589123500612
1628858095000,0.3159064563148261
1628858125000,0.3131877518292683
1628858155000,0.323663652900811
1628858185000,0.31682060841006754
1628858215000,0.3167288286850153
1628858245000,0.3115916704628502
1628858275000,0.312934082675709
1628858305000,0.31113448021978024
1628858335000,0.3123303935033394
1628858365000,0.3135884801448401
1628858395000,0.3091866360585723
1628858425000,0.3125436955205811
1628858455000,0.3129779872850123
1628858485000,0.31041224895448954
1628858515000,0.3127433962691131
1628858545000,0.311412332123412
1628858575000,0.3175056497297297
1628858605000,0.31651121090686274
1628858635000,0.31535075765765763
1628858665000,0.31268814858895705
1628858695000,0.3114324906836056
1628858725000,0.3111091971023428
1628858755000,0.3138745219422249
1628858785000,0.3143794247087676
1628858815000,0.3109265840740741
1628858845000,0.3118809700307693
1628858875000,0.31719670298234937
1628858905000,0.3156578358536585
1628858935000,0.3148275731143552
1628858965000,0.3217995622850123
1628858995000,0.3114360140169903
1628859025000,0.31243464408338445
1628859055000,0.31586457746051033
1628859085000,0.3168617397657213
1628859115000,0.3128888887736425
1628859145000,0.3133525111449452
1628859175000,0.31335433075015506
1628859205000,0.3129630221608349
1628859235000,0.31652462327848874
1628859265000,0.31383064410857503
1628859295000,0.3188686632504548
1628859325000,0.3178916361349693
1628859355000,0.3187100025402726
1628859385000,0.3123443480543545
1628859415000,0.3125937072794571
1628859445000,0.3143033676524954
1628859475000,0.3153461927306048
1628859505000,0.31994279427020506
1628859535000,0.3143781813234385
1628859565000,0.3140941017083588
1628859595000,0.31220723467153283
1628859625000,0.3118748846391117
1628859655000,0.3157215667671894
1628859685000,0.31202426154309826
1628859715000,0.3196171475662354
1628859745000,0.3172504281326781
1628859775000,0.31164226394927536
1628859805000,0.3169700959334565
1628859835000,0.31939154714548806
1628859865000,0.3118984905140759
1628859895000,0.31343351794243723
1628859925000,0.31837259357186176
1628859955000,0.3136553349079755
1628859985000,0.31353417359756103
1628860015000,0.3122193458152511
1628860045000,0.3128378395871281
1628860075000,0.31427793329312426
1628860105000,0.31129147317220546
1628860135000,0.3159283819562576
1628860165000,0.3153410868932039
1628860195000,0.3213250956097561
1628860225000,0.3173137150122549
1628860255000,0.31156674984984983
1628860285000,0.3169102085290482
1628860315000,0.3175809709835064
1628860345000,0.3120720276427704
1628860375000,0.3187700907178218
1628860405000,0.3171513256566891
1628860435000,0.3116687860294118
1628860465000,0.3118953489596083
1628860495000,0.31005292614538793
1628860525000,0.31087545030376673
1628860555000,0.3135694377415459
1628860585000,0.3131125619280049
1628860615000,0.31257690240147784
1628860645000,0.3115908617539586
1628860675000,0.31164394624922503
1628860705000,0.3132142971727105
1628860735000,0.3145085840659341
1628860765000,0.3149739882568807
1628860795000,0.3141271124390244
1628860825000,0.31273782193468885
1628860855000,0.31727997662576685
1628860885000,0.31276050798035604
1628860915000,0.3191507993230769
1628860945000,0.31385555161290324
1628860975000,0.31684458490797546
1628861005000,0.3178331686813187
1628861035000,0.3145409391752577
1628861065000,0.3163495195288283
1628861095000,0.3157902687032419
1628861125000,0.3149365822669104
1628861155000,0.3167734696676737
1628861185000,0.3158116730282962
1628861215000,0.3172219974106042
1628861245000,0.3128079374468085
1628861275000,0.31621482547227303
1628861305000,0.3144417699692308
1628861335000,0.3145417042021925
1628861365000,0.3106441603521554
1628861395000,0.3146009467404674
1628861425000,0.3153516475587703
1628861455000,0.31437045052115264
1628861485000,0.3162858219853837
1628861515000,0.3131986261134838
1628861545000,0.3170853698170732
1628861575000,0.3138558474722565
1628861605000,0.31812765782105906
1628861635000,0.3183172336765597
1628861665000,0.31475569604382225
1628861695000,0.31167883241590216
1628861725000,0.3160825728
1628861755000,0.3125129226345084
1628861785000,0.31179201877702284
1628861815000,0.3128525239143731
1628861845000,0.3178053192569659
1628861875000,0.3117057513990268
1628861905000,0.3108562902633191
1628861935000,0.3147896728287841
1628861965000,0.3237777621704476
1628861995000,0.3113120417874396
1628862025000,0.31098010676506765
1628862055000,0.3128647671723301
1628862085000,0.31660227098540145
1628862115000,0.31222621359163594
1628862145000,0.3135818692923077
1628862175000,0.31055848848263257
1628862205000,0.311643443220339
1628862235000,0.3131850649079755
1628862265000,0.31799764631642513
1628862295000,0.31490432741055185
1628862325000,0.3144495884112149
1628862355000,0.31839756477832515
1628862385000,0.3119149560587515
1628862415000,0.31164269422604424
1628862445000,0.31636963424908426
1628862475000,0.3114891721878863
1628862505000,0.3217225948012232
1628862535000,0.3132933579559364
1628862565000,0.3189288143985419
1628862595000,0.3120967121026895
1628862625000,0.31425464066339065
1628862655000,0.3111266140318628
1628862685000,0.3168226164233577
1628862715000,0.311838754528536
1628862745000,0.3218122230055659
1628862775000,0.3136960944714459
1628862805000,0.31461984947756605
1628862835000,0.3146421158379374
1628862865000,0.31295031393341555
1628862895000,0.31283723783117684
1628862925000,0.3145017566176471
1628862955000,0.31187525036719704
1628862985000,0.31728470437424056
1628863015000,0.3124193610421836
1628863045000,0.3182353043478261
1628863075000,0.3145014751861042
1628863105000,0.3152698966992665
1628863135000,0.3125429143118149
1628863165000,0.3105360472188633
1628863195000,0.3143814643206854
1628863225000,0.3153441931565968
1628863255000,0.3164655817171093
1628863285000,0.320664182035561
1628863315000,0.3116497730816832
1628863345000,0.3115580071472582
1628863375000,0.31382885654060755
1628863405000,0.3064297770833333
1628863435000,0.3215174304242424
1628863465000,0.3129041160800971
1628863495000,0.3135139979679803
1628863525000,0.31230504743589743
1628863555000,0.31899360350241546
1628863585000,0.316127329634222
1628863615000,0.32118163904235725
1628863645000,0.3127799924632353
1628863675000,0.31368795801572896
1628863705000,0.3151641852307692
1628863735000,0.31109337841191065
1628863765000,0.3135246158700981
1628863795000,0.315542157440294
1628863825000,0.3164080207279457
1628863855000,0.3135338900972053
1628863885000,0.31708216984223303
1628863915000,0.31012102257281554
1628863945000,0.3132878540037244
1628863975000,0.31375042106567536
1628864005000,0.3114324749095296
1628864035000,0.31697734572490704
1628864065000,0.3203995633193025
1628864095000,0.3183672105295192
1628864125000,0.3183235965623082
1628864155000,0.31692108465804064
1628864185000,0.31611143125
1628864215000,0.3089839776506024
1628864245000,0.31333459699938765
1628864275000,0.3186161515692308
1628864305000,0.3126728021224985
1628864335000,0.3104309100121359
1628864365000,0.312857917014742
1628864395000,0.3137005889840881
1628864425000,0.31323161984126985
1628864455000,0.3135547538694075
1628864485000,0.3225073403356122
1628864515000,0.31335267692778457
1628864545000,0.3185746889566809
1628864575000,0.3146367699322243
1628864605000,0.31326789225181606
1628864635000,0.3100440254310345
1628864665000,0.3105738176684882
1628864695000,0.3118334696483652
1628864725000,0.313342100122474
1628864755000,0.313940556703567
1628864785000,0.3105304171132765
1628864815000,0.3142458892270237
1628864845000,0.3172507896636086
1628864875000,0.3155276431013431
1628864905000,0.3165774025481666
1628864935000,0.31460967046979865
1628864965000,0.3083228391330524
1628864995000,0.3112575363580625
1628865025000,0.3215266028377545
1628865055000,0.3168693301655426
1628865085000,0.31577925727383865
1628865115000,0.3180181288426209
1628865145000,0.3144990173413897
1628865175000,0.3197114078931391
1628865205000,0.312020732882606
1628865235000,0.3067171646638905
1628865265000,0.3121453851128737
1628865295000,0.3175959774311927
1628865325000,0.3139856780547112
1628865355000,0.3164271724691358
1628865385000,0.3163543072794571
1628865415000,0.311571506559406
1628865445000,0.32049873277674706
1628865475000,0.3138279217177914
1628865505000,0.31584819634146344
1628865535000,0.31606343795180725
1628865565000,0.3151659365040148
1628865595000,0.3183199888141809
1628865625000,0.3114900853974122
1628865655000,0.31245579963212755
1628865685000,0.3168998324954016
1628865715000,0.31274261956257593
1628865745000,0.3210101663614164
1628865775000,0.3156024012210012
1628865805000,0.3172425831572405
1628865835000,0.3145949098039216
1628865865000,0.3164802700363196
1628865895000,0.3185349230958231
1628865925000,0.31269075764777576
1628865955000,0.31358134424832623
1628865985000,0.31206346419753084
1628866015000,0.3198877544626594
1628866045000,0.31421737773700303
1628866075000,0.31809225172839506
1628866105000,0.3169012955757576
1628866135000,0.3124651039393939
1628866165000,0.3126130659587379
1628866195000,0.3217913316635745
1628866225000,0.3200775076970067
1628866255000,0.3116158306930693
1628866285000,0.3113360299876847
1628866315000,0.3168326088034718
1628866345000,0.3193958233333333
1628866375000,0.3170345605392157
1628866405000,0.3112153503372164
1628866435000,0.3174156407134071
1628866465000,0.3129117564525994
1628866495000,0.31806465331680106
1628866525000,0.31280402915899325
1628866555000,0.3112488462299135
1628866585000,0.3155856317354369
1628866615000,0.3188614898577613
1628866645000,0.316825379081316
1628866675000,0.3169826396435157
1628866705000,0.3124580179095355
1628866735000,0.32008584118738403
1628866765000,0.311221465970516
1628866795000,0.3098087375612745
1628866825000,0.31217334382978723
1628866855000,0.3130936817005545
1628866885000,0.3121344564466379
1628866915000,0.3152614441574416
1628866945000,0.3159646354090354
1628866975000,0.3160081243097239
1628867005000,0.3136917190621193
1628867035000,0.3097142672971324
1628867065000,0.3141390715442092
1628867095000,0.3106070582317073
1628867125000,0.3197990370189371
1628867155000,0.3125637585618525
1628867185000,0.3175726288366337
1628867215000,0.3127328793544458
1628867245000,0.31597691033846154
1628867275000,0.31184192692778456
1628867305000,0.3157096180700676
1628867335000,0.3114016693827161
1628867365000,0.3127885429455445
1628867395000,0.3140894294153846
1628867425000,0.313680175
1628867455000,0.30848708028759736
1628867485000,0.3169217090741876
1628867515000,0.3162180131546894
1628867545000,0.31196974859756105
1628867575000,0.31165074770642204
1628867605000,0.32033317963636365
1628867635000,0.31136969975742873
1628867665000,0.3210694214111922
1628867695000,0.3135337987789988
1628867725000,0.31748316584311304
1628867755000,0.3143033789571695
1628867785000,0.3154193839782346
1628867815000,0.3114587803789731
1628867845000,0.3117336300179748
1628867875000,0.31211188378870675
1628867905000,0.32040677121861605
1628867935000,0.3113414938527085
1628867965000,0.3155380950030845
1628867995000,0.3129535301234568
1628868025000,0.31164102277227723
1628868055000,0.3163732861404599
1628868085000,0.3103361004263094
1628868115000,0.3145769945962733
1628868145000,0.3217018881812615
1628868175000,0.3131479652363184
1628868205000,0.3181349427680798
1628868235000,0.3150470126674787
1628868265000,0.3113033887195122
1628868295000,0.31113465736526946
1628868325000,0.3213324741126071
1628868355000,0.3111374495255041
1628868385000,0.31007798393402564
1628868415000,0.30856779523522315
1628868445000,0.317607106396064
1628868475000,0.31580841553100064
1628868505000,0.3131120486419753
1628868535000,0.3217418300061614
1628868565000,0.3207530438670695
1628868595000,0.3162697379204893
1628868625000,0.3156019287014563
1628868655000,0.3153916140096618
1628868685000,0.3161389976729945
1628868715000,0.31642920673606856
1628868745000,0.3127977752333541
1628868775000,0.3140972754029851
1628868805000,0.3173954969362745
1628868835000,0.3191659055865922
1628868865000,0.32077470356046656
1628868895000,0.3145993223443224
1628868925000,0.31507293833028643
1628868955000,0.320075041856177
1628868985000,0.31215846735814523
1628869015000,0.3117371627666057
1628869045000,0.31236493276283617
1628869075000,0.3235001549878346
1628869105000,0.315864644251497
1628869135000,0.3147058812690665
1628869165000,0.3104079542050337
1628869195000,0.3219231683150183
1628869225000,0.31795192382134
1628869255000,0.31924374734594263
1628869285000,0.3114852336233685
1628869315000,0.31091074348612785
1628869345000,0.3253414531230674
1628869375000,0.3220325721878863
1628869405000,0.3150314702636419
1628869435000,0.3114921276492083
1628869465000,0.3167506812577833
1628869495000,0.31436277835820897
1628869525000,0.3214392605021433
1628869555000,0.31701800802655394
1628869585000,0.3139357773654917
1628869615000,0.3143880793897883
1628869645000,0.31199486003717475
1628869675000,0.3120455675308642
1628869705000,0.31165342224938875
1628869735000,0.3100227570815451
1628869765000,0.31950240481707315
1628869795000,0.3161183455042527
1628869825000,0.3195083706064357
1628869855000,0.3147810475229358
1628869885000,0.3224093614910659
1628869915000,0.31066133967587034
1628869945000,0.3171347075197089
1628869975000,0.3189877258181818
1628870005000,0.31554202449479485
1628870035000,0.3138575876923077
1628870065000,0.3128644130354957
1628870095000,0.3100547846666667
1628870125000,0.3161393277197296
1628870155000,0.3174017717761557
1628870185000,0.3174843500612745
1628870215000,0.3151760340269278
1628870245000,0.3169441995723885
1628870275000,0.31203175734567895
1628870305000,0.3178103487431024
1628870335000,0.3163133266225961
1628870365000,0.31371615042944784
1628870395000,0.3197958399639423
1628870425000,0.316610173620376
1628870455000,0.31804035024420024
1628870485000,0.3155717164502165
1628870515000,0.3129084196811772
1628870545000,0.3168464683000605
1628870575000,0.31330002653186273
1628870605000,0.31693366798298905
1628870635000,0.3138327849009901
1628870665000,0.3145584273119605
1628870695000,0.3117695570473876
1628870725000,0.2550055802102659
1628870755000,0.3108029622167789
1628870785000,0.3187125912727273
1628870815000,0.3146283251515152
1628870845000,0.3218440993280391
1628870875000,0.3187702265712508
1628870905000,0.3115635748170732
1628870935000,0.31976811936078675
1628870965000,0.3160062505179768
1628870995000,0.3177468016069221
1628871025000,0.31321813615574784
1628871055000,0.3150327336579428
1628871085000,0.31224449001218024
1628871115000,0.3178336358675659
1628871145000,0.31601862299134736
1628871175000,0.3111787838769231
1628871205000,0.3148036288532676
1628871235000,0.31471365821624925
1628871265000,0.3112034510895884
1628871295000,0.3161947355869699
1628871325000,0.3119935630236794
1628871355000,0.3176139922565033
1628871385000,0.3121346800865801
1628871415000,0.3162072603126879
1628871445000,0.3140996637592138
1628871475000,0.32125336588525605
1628871505000,0.3165799687078996
1628871535000,0.32180618679827266
1628871565000,0.3128593591481704
1628871595000,0.31969834787363305
1628871625000,0.3179127719631902
1628871655000,0.3223877240844196
1628871685000,0.31557960372632865
1628871715000,0.31495041294919457
1628871745000,0.3133724233806293
1628871775000,0.320907456272838
1628871805000,0.3206717778998779
1628871835000,0.3163281225568531
1628871865000,0.312216252398524
1628871895000,0.3149243784577723
1628871925000,0.3149423777844672
1628871955000,0.3172058454712362
1628871985000,0.31247441011649296
1628872015000,0.31396138943488944
1628872045000,0.3129932277269957
1628872075000,0.31593847129742963
1628872105000,0.31368349183922045
1628872135000,0.3129057866666667
1628872165000,0.31768993573629084
1628872195000,0.3152609122399021
1628872225000,0.3109386291868932
1628872255000,0.312545341126071
1628872285000,0.3178604155844156
1628872315000,0.3125263535825545
1628872345000,0.3184424042487685
1628872375000,0.31876085280487804
1628872405000,0.31351828423946243
1628872435000,0.3167567628134557
1628872465000,0.31211505508216675
1628872495000,0.31150208946716235
1628872525000,0.24910288
1628872555000,0.3134564213768116
1628872585000,0.312656204138357
1628872615000,0.3112624970333745
1628872645000,0.3199331692167577
1628872675000,0.31247834919554457
1628872705000,0.3126008376749848
1628872735000,0.3169683570734669
1628872765000,0.311380393974437
1628872795000,0.32112987134969323
1628872825000,0.3117770430340557
1628872855000,0.3127832742211362
1628872885000,0.3196227012187691
1628872915000,0.3130747817295981
1628872945000,0.3118558442435202
1628872975000,0.31181931444981864
1628873005000,0.3142325733659133
1628873035000,0.3154809150338879
1628873065000,0.3190198770782396
1628873095000,0.3162530718482252
1628873125000,0.310925864131107
1628873155000,0.3189247904411765
1628873185000,0.31641469383770593
1628873215000,0.3117701631931749
1628873245000,0.30694758905683195
1628873275000,0.3127001454488778
1628873305000,0.3112781372093023
1628873335000,0.3159262264831804
1628873365000,0.3171061195092025
1628873395000,0.3168695551616915
1628873425000,0.31458389386503066
1628873455000,0.31724655984156
1628873485000,0.31676786575757576
1628873515000,0.31753302094594593
1628873545000,0.3121657655920645
1628873575000,0.3100399591661557
1628873605000,0.3212733105327618
1628873635000,0.3156295824
1628873665000,0.31788675752589884
1628873695000,0.31249354064398543
1628873725000,0.3138491715590743
1628873755000,0.31730637668521955
1628873785000,0.3178731781308411
1628873815000,0.3119149831623416
1628873845000,0.3129594997536946
1628873875000,0.31720765080445545
1628873905000,0.3200303995107034
1628873935000,0.3187758510178902
1628873965000,0.32018862214723925
1628873995000,0.3208761901924271
1628874025000,0.3143705070273632
1628874055000,0.31683342565217393
1628874085000,0.3201956561500615
1628874115000,0.3145169312152992
1628874145000,0.314550464
1628874175000,0.3132304076546234
1628874205000,0.3178925980380135
1628874235000,0.3130639319070905
1628874265000,0.31319420801457193
1628874295000,0.3153172573019802
1628874325000,0.31775677380952383
1628874355000,0.3205927124387255
1628874385000,0.3135667129251701
1628874415000,0.3118945515508685
1628874445000,0.31441824594264794
1628874475000,0.3160044437349397
1628874505000,0.3120390531809759
1628874535000,0.31362359048765803
1628874565000,0.3135078417791411
1628874595000,0.3110660391599753
1628874625000,0.3173384755487805
1628874655000,0.3151879347639485
1628874685000,0.3142154052887538
1628874715000,0.3158611671541743
1628874745000,0.3149437820183486
1628874775000,0.3134938476307692
1628874805000,0.3115847522304833
1628874835000,0.3128220643995098
1628874865000,0.3106133324471299
1628874895000,0.31449267738317754
1628874925000,0.3141734668726823
1628874955000,0.3124533613705276
1628874985000,0.31876552271039604
1628875015000,0.3163572323257249
1628875045000,0.3167087347504621
1628875075000,0.3123684753357753
1628875105000,0.3208539923219814
1628875135000,0.31657448350515466
1628875165000,0.3122889221260816
1628875195000,0.3162664842648846
1628875225000,0.3152030175169023
1628875255000,0.3150865607294833
1628875285000,0.3153508290145985
1628875315000,0.3104366046855734
1628875345000,0.3138216375302663
1628875375000,0.31626314963592234
1628875405000,0.3106146504626773
1628875435000,0.3180519604679803
1628875465000,0.31182323883076923
1628875495000,0.31666619697885195
1628875525000,0.32122659389265884
1628875555000,0.3164014981617647
1628875585000,0.31498753966142684
1628875615000,0.3152415041162228
1628875645000,0.3128625199635922
1628875675000,0.3136631679802956
1628875705000,0.3182226641324341
1628875735000,0.3187181514408338
1628875765000,0.3134529307785888
1628875795000,0.3125096898640297
1628875825000,0.31296975930949444
1628875855000,0.3104844022289157
1628875885000,0.3168236101405009
1628875915000,0.3195580271705184
1628875945000,0.3098030099517491
1628875975000,0.3125201840642372
1628876005000,0.3182613758641601
1628876035000,0.3194013049031477
1628876065000,0.3157007960390006
1628876095000,0.3140178593283582
1628876125000,0.3145045113116727
1628876155000,0.3148073079552517
1628876185000,0.3173270324523663
1628876215000,0.31186525928439235
1628876245000,0.3151203406513872
1628876275000,0.3160193024875622
1628876305000,0.3115399747381393
1628876335000,0.3110454412899337
1628876365000,0.3144410004281345
1628876395000,0.32132893007425745
1628876425000,0.3064978096211666
1628876455000,0.31693222819875777
1628876485000,0.31663589634814365
1628876515000,0.3118367992044064
1628876545000,0.3161881477998795
1628876575000,0.314770015356711
1628876605000,0.31382970922600617
1628876635000,0.3155578159393939
1628876665000,0.31081841543134875
1628876695000,0.3149153172688304
1628876725000,0.3116172897996357
1628876755000,0.3164845181429444
1628876785000,0.3164555032906764
1628876815000,0.3158947792997543
1628876845000,0.3124773721878863
1628876875000,0.32049857411693056
1628876905000,0.3108928878329298
1628876935000,0.3182718724394786
1628876965000,0.31919969361571515
1628876995000,0.3121020489821098
1628877025000,0.3159441754830918
1628877055000,0.31823200671960905
1628877085000,0.3127190674603175
1628877115000,0.317083522853688
1628877145000,0.3187641665843113
1628877175000,0.3136963558841651
1628877205000,0.3202710537846154
1628877235000,0.3116295200611621
1628877265000,0.3185792598051157
1628877295000,0.31287342781173594
1628877325000,0.31159800549115313
1628877355000,0.3183942165749236
1628877385000,0.31382387516697025
1628877415000,0.3165110170251997
1628877445000,0.32013422539585873
1628877475000,0.3127530257474069
1628877505000,0.3140596504938272
1628877535000,0.3157855232758621
1628877565000,0.2970568722324159
1628877595000,0.3117557257594168
1628877625000,0.3103336393715342
1628877655000,0.3158084050889025
1628877685000,0.3118847223780488
1628877715000,0.3104742457647776
1628877745000,0.3134890170134639
1628877775000,0.3165982370668317
1628877805000,0.3137448544789762
1628877835000,0.32046996943583383
1628877865000,0.3112359697617593
1628877895000,0.3131770251671733
1628877925000,0.31580086096518023
1628877955000,0.31689145950920244
1628877985000,0.32200701765799256
1628878015000,0.3135131462814997
1628878045000,0.31308703522867737
1628878075000,0.31631089384146344
1628878105000,0.31918787546468397
1628878135000,0.3210160562926224
1628878165000,0.31331911144094
1628878195000,0.31562896251511485
1628878225000,0.31291097823674474
1628878255000,0.31331397917675546
1628878285000,0.32013185058103977
1628878315000,0.3119798620159803
1628878345000,0.3155056959270517
1628878375000,0.3128468746905941
1628878405000,0.31579433608374385
1628878435000,0.2757453134064595
1628878465000,0.3119303335373317
1628878495000,0.3126210119477287
1628878525000,0.3119960390825688
1628878555000,0.3123986891089109
1628878585000,0.31656334846107426
1628878615000,0.3175689950367647
1628878645000,0.3158175157213317
1628878675000,0.3140823640470297
1628878705000,0.31271896800239235
1628878735000,0.31141639975308644
1628878765000,0.3133905609756097
1628878795000,0.3173894891277641
1628878825000,0.3141305088038859
1628878855000,0.3137669505179768
1628878885000,0.3098744443833944
1628878915000,0.3173333081196581
1628878945000,0.31017381161369195
1628878975000,0.31395711159062883
1628879005000,0.3149095064575646
1628879035000,0.30999792513795216
1628879065000,0.3182129888820259
1628879095000,0.3153278847145488
1628879125000,0.3178870547309833
1628879155000,0.3110665798665858
1628879185000,0.3156950729528536
1628879215000,0.3153202099572389
1628879245000,0.3154032295384616
1628879275000,0.31638374068838354
1628879305000,0.3119807052436768
1628879335000,0.3187212112269939
1628879365000,0.3132146556615018
1628879395000,0.3123348101089589
1628879425000,0.30911808969325155
1628879455000,0.3136367943670503
1628879485000,0.3112921810810811
1628879515000,0.3128078984746797
1628879545000,0.3107280351121892
1628879575000,0.31848201098087603
1628879605000,0.31284914483611626
1628879635000,0.31785789630086314
1628879665000,0.31359249224190594
1628879695000,0.3197557978260869
1628879725000,0.3161759789667897
1628879755000,0.31259971040640394
1628879785000,0.3115077895720313
1628879815000,0.31396906594694635
1628879845000,0.31311095415140416
1628879875000,0.3196949993251534
1628879905000,0.3116138771025169
1628879935000,0.3136727606467358
1628879965000,0.3159820051076923
1628879995000,0.3120265658838072
1628880025000,0.3143987639584606
1628880055000,0.3132804721001221
1628880085000,0.2553007651404152
1628880115000,0.3103721236906212
1628880145000,0.3121469899628253
1628880175000,0.3130364969362745
1628880205000,0.31508914319018405
1628880235000,0.3105517355168269
1628880265000,0.3138800096654275
1628880295000,0.3154274813996317
1628880325000,0.3155109865928659
1628880355000,0.3096461262996942
1628880385000,0.3154568084766585
1628880415000,0.31264092454981995
1628880445000,0.3134805941425121
1628880475000,0.3108060329447853
1628880505000,0.3175037427611485
1628880535000,0.3119812974025974
1628880565000,0.31549360487507616
1628880595000,0.3134083621980676
1628880625000,0.3096373388821385
1628880655000,0.3111157736874237
1628880685000,0.31480922910311165
1628880715000,0.31496147843137257
1628880745000,0.31356097980234715
1628880775000,0.31906415466998755
1628880805000,0.31566831526347666
1628880835000,0.3091348900831354
1628880865000,0.3117733898159509
1628880895000,0.311604650692354
1628880925000,0.31190156646341466
1628880955000,0.31136223096695226
1628880985000,0.3112061676272226
1628881015000,0.3179902385705484
1628881045000,0.3141885310239117
1628881075000,0.3209001194461538
1628881105000,0.320142321125908
1628881135000,0.3164028741147741
1628881165000,0.315905228119294
1628881195000,0.3121474480319803
1628881225000,0.3100113825454546
1628881255000,0.3153368022602321
1628881285000,0.3182264105524519
1628881315000,0.3129690796092796
1628881345000,0.3119814543583535
1628881375000,0.3210346189173111
1628881405000,0.31365063760631834
1628881435000,0.31995684032358435
1628881465000,0.31656406530105524
1628881495000,0.3111472515095502
1628881525000,0.3163921154834761
1628881555000,0.31432430697247704
1628881585000,0.3140264077430973
1628881615000,0.31146743777506114
1628881645000,0.3171713419001218
1628881675000,0.3128725819975339
1628881705000,0.3117422437346437
1628881735000,0.3126038658952497
1628881765000,0.3180766373471883
1628881795000,0.3131526842586943
1628881825000,0.3174544625308642
1628881855000,0.3269413928440367
1628881885000,0.3733691619251993
1628881915000,0.3751651878260869
1628881945000,0.37595257205973853
1628881975000,0.3728985019891501
1628882005000,0.3511137485033598
1628882035000,0.3202423297976701
1628882065000,0.31739379865525674
1628882095000,0.3114302820923077
1628882125000,0.3172917251667677
1628882155000,0.3154233108455882
1628882185000,0.31585394957831325
1628882215000,0.3143328238916256
1628882245000,0.31935109376135673
1628882275000,0.31077473140947753
1628882305000,0.3122726549909256
1628882335000,0.3172666731076923
1628882365000,0.32328233517027866
1628882395000,0.31231504476075106
1628882425000,0.3127997033929673
1628882455000,0.3201369989602447
1628882485000,0.3165119751381216
1628882515000,0.2535515131350681
1628882545000,0.3152153578276699
1628882575000,0.3154718695491044
1628882605000,0.3239369892597088
1628882635000,0.3209934110972569
1628882665000,0.3185066216283406
1628882695000,0.3170724700495049
1628882725000,0.3152449737804878
1628882755000,0.3128355245085995
1628882785000,0.3196130025798526
1628882815000,0.31483866740467403
1628882845000,0.32079950605152785
1628882875000,0.3186774123616236
1628882905000,0.3112818245820433
1628882935000,0.3168176443965517
1628882965000,0.3130879644648318
1628882995000,0.3113890982349361
1628883025000,0.3162914004250152
1628883055000,0.3118370591331269
1628883085000,0.317601404776485
1628883115000,0.3135905183252427
1628883145000,0.3141450009913259
1628883175000,0.3154804457369062
1628883205000,0.31173762894894896
1628883235000,0.31075302845825714
1628883265000,0.3159319297280967
1628883295000,0.3113169633982948
1628883325000,0.31348321066830165
1628883355000,0.3116407285974499
1628883385000,0.31189847840490803
1628883415000,0.3123447118842365
1628883445000,0.3155477806178074
1628883475000,0.3123041608116293
1628883505000,0.31666938307692305
1628883535000,0.3113234895320197
1628883565000,0.31433739008363204
1628883595000,0.31257266163290365
1628883625000,0.31546207075879085
1628883655000,0.3120629998787144
1628883685000,0.3176594736809816
1628883715000,0.3119914601099573
1628883745000,0.31377345235762394
1628883775000,0.32036334897590363
1628883805000,0.3178228471756673
1628883835000,0.31568558682745823
1628883865000,0.31230545344619104
1628883895000,0.31801888355828223
1628883925000,0.3155158787990196
1628883955000,0.3153648795580111
1628883985000,0.31878354052728386
1628884015000,0.3142451891477621
1628884045000,0.31972292388242496
1628884075000,0.31693201732283466
1628884105000,0.3168375777433354
1628884135000,0.3124382694987775
1628884165000,0.3146864290775809
1628884195000,0.31363939351620945
1628884225000,0.3115945907918969
1628884255000,0.3127648381392483
1628884285000,0.3137111666055046
1628884315000,0.3175622631025958
1628884345000,0.3152082722724533
1628884375000,0.3116029333947207
1628884405000,0.3187470151092233
1628884435000,0.3152448572732806
1628884465000,0.3150525158506732
1628884495000,0.3150582808913309
1628884525000,0.3132994806609547
1628884555000,0.3107990379640719
1628884585000,0.3159102171149144
1628884615000,0.3158028740109556
1628884645000,0.3203178429538461
1628884675000,0.3132049619545175
1628884705000,0.31055107675709004
1628884735000,0.3172734761904762
1628884765000,0.3158344042668269
1628884795000,0.3096073578979344
1628884825000,0.3153818406287787
1628884855000,0.3134619352976914
1628884885000,0.31553612844932843
1628884915000,0.3164806387692308
1628884945000,0.3178944801461632
1628884975000,0.3215968627935723
1628885005000,0.31212128200122025
1628885035000,0.31253525769470397
1628885065000,0.3218588367872471
1628885095000,0.3199413288819876
1628885125000,0.31466992007321537
1628885155000,0.3164647804966687
1628885185000,0.3167711698646987
1628885215000,0.31863093223443223
1628885245000,0.31806901397058823
1628885275000,0.31322410745003026
1628885305000,0.3202441674831598
1628885335000,0.3160161361505244
1628885365000,0.3119656482694685
1628885395000,0.3158465114864865
1628885425000,0.3124948452424801
1628885455000,0.3164062534536403
1628885485000,0.3211239063035496
1628885515000,0.3184426323891625
1628885545000,0.311420730620856
1628885575000,0.3095814554467564
1628885605000,0.3113492803227809
1628885635000,0.3126062647852761
1628885665000,0.3122417276463263
1628885695000,0.31177572159367395
1628885725000,0.3115118087063151
1628885755000,0.311175430702836
1628885785000,0.3113992358866104
1628885815000,0.31416589687312085
1628885845000,0.3122488289828431
1628885875000,0.31117226861042185
1628885905000,0.3153543188667872
1628885935000,0.32201347248934875
1628885965000,0.3157806112745098
1628885995000,0.3168134165957447
1628886025000,0.3165186875
1628886055000,0.31670896354679806
1628886085000,0.32144018356836296
1628886115000,0.3183278601971657
1628886145000,0.32171638879256964
1628886175000,0.31261717827145463
1628886205000,0.3142084611179361
1628886235000,0.3149804969249693
1628886265000,0.3156864826167076
1628886295000,0.31747875799626635
1628886325000,0.3169155683150183
1628886355000,0.31724516223175964
1628886385000,0.31265227051987765
1628886415000,0.3139087132201334
1628886445000,0.3145944097394541
1628886475000,0.31283641803582457
1628886505000,0.3150834068349754
1628886535000,0.2839671745085995
1628886565000,0.2539267436697248
1628886595000,0.31381457747524755
1628886625000,0.31470070940745265
1628886655000,0.31146807004889976
1628886685000,0.3196205583028083
1628886715000,0.3119371751243781
1628886745000,0.3188911742962056
1628886775000,0.31607989252279634
1628886805000,0.31692307797878977
1628886835000,0.3127080753365973
1628886865000,0.31237207563076924
1628886895000,0.3175316719706242
1628886925000,0.3133338693827161
1628886955000,0.3131585043478261
1628886985000,0.3145807262006079
1628887015000,0.3138846982175784
1628887045000,0.3207198849782744
1628887075000,0.3128974141544117
1628887105000,0.3139181687691366
1628887135000,0.31648935171126324
1628887165000,0.3150335816401469
1628887195000,0.3182282629426129
1628887225000,0.31893104344615386
1628887255000,0.3121502559509202
1628887285000,0.3133894074969021
1628887315000,0.3237238825951341
1628887345000,0.31690161811071
1628887375000,0.3158636298452012
1628887405000,0.3144075713154689
1628887435000,0.3130473481846154
1628887465000,0.3120408170238824
1628887495000,0.3159852689760883
1628887525000,0.3150311971094711
1628887555000,0.3209338517431193
1628887585000,0.30117303027912623
1628887615000,0.3160179907682776
1628887645000,0.31454836214549936
1628887675000,0.3149887820668693
1628887705000,0.3198886611076923
1628887735000,0.3149607408441962
1628887765000,0.31384921886099204
1628887795000,0.3123725596437347
1628887825000,0.3184480465634675
1628887855000,0.313854836146789
1628887885000,0.31587766200366524
1628887915000,0.316147741565534
1628887945000,0.3127129587905237
1628887975000,0.31990416509023023
1628888005000,0.3210524999386503
1628888035000,0.3205921830882353
1628888065000,0.31846013863080685
1628888095000,0.3154631142593731
1628888125000,0.31179716964285714
1628888155000,0.3176534084662577
1628888185000,0.3174374604495747
1628888215000,0.3113693032019704
1628888245000,0.3145880583231334
1628888275000,0.3162274388651617
1628888305000,0.3159891173431734
1628888335000,0.3115291639274925
1628888365000,0.31237552825688075
1628888395000,0.3161892361162647
1628888425000,0.31229928405977586
1628888455000,0.3155843521109771
1628888485000,0.31187457877128955
1628888515000,0.31627968781973204
1628888545000,0.3131282526960784
1628888575000,0.3199830856353591
1628888605000,0.3151199498781973
1628888635000,0.317191561182206
1628888665000,0.3200248958996328
1628888695000,0.31573982985898225
1628888725000,0.3155957940307692
1628888755000,0.31546837189781024
1628888785000,0.31575380205066345
1628888815000,0.3098217240271773
1628888845000,0.3164566826328801
1628888875000,0.3150939021058965
1628888905000,0.31240050376899703
1628888935000,0.31179601840490795
1628888965000,0.31764091872727274
1628888995000,0.32149774849044976
1628889025000,0.3221951623609394
1628889055000,0.3163043836797066
1628889085000,0.3140129933868974
1628889115000,0.3105457261670761
1628889145000,0.3098095649249249
1628889175000,0.3121247793187348
1628889205000,0.31193039199277545
1628889235000,0.3162484912639405
1628889265000,0.31763442808850645
1628889295000,0.31026706169305723
1628889325000,0.3193742716819572
1628889355000,0.3194297273955774
1628889385000,0.3122055833230389
1628889415000,0.31270381247695145
1628889445000,0.31339284347826085
1628889475000,0.31577439623921083
1628889505000,0.32176504306071874
1628889535000,0.316478360989011
1628889565000,0.3104232819350888
1628889595000,0.3128171211995249
1628889625000,0.31490575064615384
1628889655000,0.31760922482972137
1628889685000,0.3232228444307692
1628889715000,0.3102233196149218
1628889745000,0.31899570661764703
1628889775000,0.31200008440197285
1628889805000,0.3196280975354282
1628889835000,0.3117855061705989
1628889865000,0.31340196409007914
1628889895000,0.3159029249846532
1628889925000,0.3116533800246609
1628889955000,0.31502285470879804
1628889985000,0.31214515962962963
1628890015000,0.312333231496063
1628890045000,0.31256626681034483
1628890075000,0.31116450844900423
1628890105000,0.3127525158433735
1628890135000,0.3121557510067114
1628890165000,0.32223610098280103
1628890195000,0.3161076266349584
1628890225000,0.3142411064792176
1628890255000,0.3174445285626911
1628890285000,0.3105202391859052
1628890315000,0.3212563482926829
1628890345000,0.31229471673846154
1628890375000,0.31262601858895706
1628890405000,0.31932927167487685
1628890435000,0.31332453222222223
1628890465000,0.3115131029250457
1628890495000,0.31581132188449845
1628890525000,0.31517087127139365
1628890555000,0.3119654129171817
1628890585000,0.3112906287335723
1628890615000,0.31587947216494844
1628890645000,0.31456828289315725
1628890675000,0.30991059805352805
1628890705000,0.31907271304082874
1628890735000,0.315757603446191
1628890765000,0.317590316575259
1628890795000,0.3134411663432383
1628890825000,0.3104411234365513
1628890855000,0.3170612996277916
1628890885000,0.31455105063138905
1628890915000,0.30931714659300186
1628890945000,0.3125638551492992
1628890975000,0.31281282668313776
1628891005000,0.31580445638957816
1628891035000,0.3162517657783161
1628891065000,0.3132745716101695
1628891095000,0.31494202367620205
1628891125000,0.3124125818734793
1628891155000,0.3175833444513329
1628891185000,0.3116009493678507
1628891215000,0.3046833696043165
1628891245000,0.31712953800243604
1628891275000,0.3177696050123762
1628891305000,0.3146680917228694
1628891335000,0.3146878351116625
1628891365000,0.31570532164502163
1628891395000,0.3105585048555624
1628891425000,0.31196193590214066
1628891455000,0.31767745742092457
1628891485000,0.31092647034777304
1628891515000,0.31739439284425736
1628891545000,0.3161037345754429
1628891575000,0.3224634791262136
1628891605000,0.310382692759901
1628891635000,0.3154606312043796
1628891665000,0.3147616168092909
1628891695000,0.31889242283272284
1628891725000,0.31906907816301705
1628891755000,0.3117037915536375
1628891785000,0.31695537628554143
1628891815000,0.3170635838101035
1628891845000,0.3159355435185185
1628891875000,0.31803933814814817
1628891905000,0.31329489373848984
1628891935000,0.3194611232926829
1628891965000,0.31027994306839185
1628891995000,0.3178471910493827
1628892025000,0.3120023344072949
1628892055000,0.30973628293124245
1628892085000,0.31294132955936355
1628892115000,0.3209741549055454
1628892145000,0.3170402820655535
1628892175000,0.3164120506509609
1628892205000,0.3184705482287135
1628892235000,0.31624669125382265
1628892265000,0.3173362403636364
1628892295000,0.3161567339274739
1628892325000,0.3210362503045067
1628892355000,0.31373711246943764
1628892385000,0.31981118242424245
1628892415000,0.3187653478558111
1628892445000,0.3160068989117291
1628892475000,0.31065707
1628892505000,0.32134717830130194
1628892535000,0.3111331375377188
1628892565000,0.32075944231955583
1628892595000,0.3115667583535109
1628892625000,0.31649758793208005
1628892655000,0.3120047409313725
1628892685000,0.3133148536539663
1628892715000,0.31018801122635753
1628892745000,0.31068735017942584
1628892775000,0.3140561716535433
1628892805000,0.317366979804759
1628892835000,0.31190479149326805
1628892865000,0.3117552647235577
1628892895000,0.31485603835946924
1628892925000,0.3170165644728824
1628892955000,0.31255978820259417
1628892985000,0.3151028370505789
1628893015000,0.311471026405868
1628893045000,0.3157282295861643
1628893075000,0.31486971268115943
1628893105000,0.3124023667076923
1628893135000,0.31581353808641976
1628893165000,0.3131546502800249
1628893195000,0.3116481803095975
1628893225000,0.3134700881707317
1628893255000,0.31539124163142
1628893285000,0.31075518602941177
1628893315000,0.3151448280919826
1628893345000,0.3131980488102501
1628893375000,0.3166276042645241
1628893405000,0.3132197563868613
1628893435000,0.31299530594594593
1628893465000,0.3195625437041565
1628893495000,0.3216398127607362
1628893525000,0.3127768052663809
1628893555000,0.3104374102860621
1628893585000,0.31782258971499383
1628893615000,0.31048705568319224
1628893645000,0.3139776689908257
1628893675000,0.3093249849520384
1628893705000,0.3212771351367781
1628893735000,0.3116291045173267
1628893765000,0.3106299836697248
1628893795000,0.31672958035387433
1628893825000,0.31739388116646416
1628893855000,0.3143260907147221
1628893885000,0.3168551010290557
1628893915000,0.3230829651076923
1628893945000,0.3126669926650367
1628893975000,0.3121978624768946
1628894005000,0.3122583351037851
1628894035000,0.3120061269207129
1628894065000,0.3138098647495362
1628894095000,0.3118030200365408
1628894125000,0.3166568675659105
1628894155000,0.3142151247365158
1628894185000,0.3165517610429448
1628894215000,0.3170615296547472
1628894245000,0.3156570379204893
1628894275000,0.3131491154551008
1628894305000,0.31184951300309605
1628894335000,0.3188385571606476
1628894365000,0.31297494203703696
1628894395000,0.3219656313982522
1628894425000,0.31292805639426075
1628894455000,0.31546352850958564
1628894485000,0.3170201611211573
1628894515000,0.3118438606694561
1628894545000,0.3130515728395062
1628894575000,0.3164144335380835
1628894605000,0.3156451806276403
1628894635000,0.3169371480195003
1628894665000,0.314042614626683
1628894695000,0.3129273951219512
1628894725000,0.3166604737993921
1628894755000,0.31754022280049565
1628894785000,0.31582167717589776
1628894815000,0.3138006100493218
1628894845000,0.3168445796454768
1628894875000,0.3134671587800369
1628894905000,0.3153329801357187
1628894935000,0.3180947330703883
1628894965000,0.3142584326852977
1628894995000,0.3239952736170213
1628895025000,0.3132879545510455
1628895055000,0.31379631582512313
1628895085000,0.3120984932794026
1628895115000,0.3140951295524218
1628895145000,0.31154850527931244
1628895175000,0.3116031631611316
1628895205000,0.3133437686419753
1628895235000,0.315260848505604
1628895265000,0.3120315993842365
1628895295000,0.31525562122128176
1628895325000,0.3134258789279113
1628895355000,0.3149562370820669
1628895385000,0.31565190167493795
1628895415000,0.31329259234567897
1628895445000,0.31389235285451195
1628895475000,0.3119466614673243
1628895505000,0.3120078235872236
1628895535000,0.322119227124774
1628895565000,0.31289325506798515
1628895595000,0.3204999907542579
1628895625000,0.312756691965916
1628895655000,0.3108081825387366
1628895685000,0.2510731891588785
1628895715000,0.31136003440395305
1628895745000,0.3201837015873016
1628895775000,0.31329802563625075
1628895805000,0.3117718972577697
1628895835000,0.31646767315561064
1628895865000,0.3107438737423313
1628895895000,0.3184716664845173
1628895925000,0.3164676946263125
1628895955000,0.3162212107317073
1628895985000,0.3160755596725288
1628896015000,0.3175399665651644
1628896045000,0.3115782001829268
1628896075000,0.31298395786895283
1628896105000,0.3154405652173913
1628896135000,0.3098623009085403
1628896165000,0.3111503294871795
1628896195000,0.31228644031862746
1628896225000,0.3198056705049261
1628896255000,0.3117491140827671
1628896285000,0.3127623543891958
1628896315000,0.31212527864615386
1628896345000,0.31637579993842363
1628896375000,0.3110961635983264
1628896405000,0.3118551166462668
1628896435000,0.31933699539801
1628896465000,0.3137526133251834
1628896495000,0.3101725261349693
1628896525000,0.31266859139851483
1628896555000,0.2515206233496333
1628896585000,0.3114782366093366
1628896615000,0.31559510104679805
1628896645000,0.31367131246943764
1628896675000,0.3113068532070861
1628896705000,0.31191963128048783
1628896735000,0.315511756196319
1628896765000,0.3162700266912669
1628896795000,0.31659041380804953
1628896825000,0.3159214967060286
1628896855000,0.3141614713048856
1628896885000,0.3186937916067146
1628896915000,0.3150796769649335
1628896945000,0.3179436866501854
1628896975000,0.3162772600243754
1628897005000,0.31558684105518503
1628897035000,0.31575921737262125
1628897065000,0.3158092072992701
1628897095000,0.3162437743542436
1628897125000,0.31299535997588906
1628897155000,0.31556675401102263
1628897185000,0.3097415195851129
1628897215000,0.3173766974722565
1628897245000,0.3168657580217129
1628897275000,0.31336369433272393
1628897305000,0.3126385564837905
1628897335000,0.3190014761845387
1628897365000,0.3117143847706422
1628897395000,0.3114466152685577
1628897425000,0.3099815425308642
1628897455000,0.31769350080445546
1628897485000,0.2982073913473424
1628897515000,0.3119094647852761
1628897545000,0.3233359344222625
1628897575000,0.31536195713410897
1628897605000,0.3153860821976673
1628897635000,0.31314660326876514
1628897665000,0.3161341484904498
1628897695000,0.3158015914880588
1628897725000,0.3121342692496925
1628897755000,0.3171875259803922
1628897785000,0.31810688142509136
1628897815000,0.3209844960273122
1628897845000,0.3151478306311881
1628897875000,0.3118456401829268
1628897905000,0.31552724658952497
1628897935000,0.3166569406134969
1628897965000,0.31502014194139194
1628897995000,0.3160822081162932
1628898025000,0.3124974591676719
1628898055000,0.3155050311044776
1628898085000,0.3184609633128834
1628898115000,0.3121777896678967
1628898145000,0.31106215324754904
1628898175000,0.3192917653325123
1628898205000,0.31366845084951456
1628898235000,0.3174857458866545
1628898265000,0.3177969421760391
1628898295000,0.3130445944171779
1628898325000,0.3197427893783947
1628898355000,0.3169872747858017
1628898385000,0.3138368788228155
1628898415000,0.3143943016079159
1628898445000,0.312040790043024
1628898475000,0.3132555732360097
1628898505000,0.3234341070036541
1628898535000,0.3111209149815043
1628898565000,0.3171798753808653
1628898595000,0.31250136200980394
1628898625000,0.3153270244200244
1628898655000,0.3133823871006631
1628898685000,0.3141826451829268
1628898715000,0.3183399031649422
1628898745000,0.31420210543345545
1628898775000,0.3172798516368128
1628898805000,0.3178886416918429
1628898835000,0.3144961782292298
1628898865000,0.3122165070675759
1628898895000,0.3122177543202417
1628898925000,0.32069538195302844
1628898955000,0.3165066767299449
1628898985000,0.31816737564102565
1628899015000,0.31374363843329256
1628899045000,0.3179544900246305
1628899075000,0.3147472209617756
1628899105000,0.3121387797437462
1628899135000,0.3200206957275542
1628899165000,0.3125558815884477
1628899195000,0.3159812523955774
1628899225000,0.3154993084100675
1628899255000,0.3175616490255785
1628899285000,0.3161010852348993
1628899315000,0.3151071882245272
1628899345000,0.31473625804668304
1628899375000,0.3176720338858195
1628899405000,0.3112755964966196
1628899435000,0.3136677793018983
1628899465000,0.3161498762289981
1628899495000,0.3177561215080346
1628899525000,0.31474783521472394
1628899555000,0.3153774835505897
1628899585000,0.31886634204056546
1628899615000,0.3125186937424058
1628899645000,0.31166523587416817
1628899675000,0.31228210979791793
1628899705000,0.31196921533373423
1628899735000,0.31563733370508057
1628899765000,0.31555031673899564
1628899795000,0.31555796065270936
1628899825000,0.32145788613317045
1628899855000,0.3117147815110565
1628899885000,0.3118865208711434
1628899915000,0.3163034273227384
1628899945000,0.3128621255461165
1628899975000,0.3140785760240964
1628900005000,0.3117336043638599
1628900035000,0.3128353756674757
1628900065000,0.3134335680759804
1628900095000,0.3170933767427514
1628900125000,0.3149712393623544
1628900155000,0.3129866989721886
1628900185000,0.316406182244143
1628900215000,0.3161946542559706
1628900245000,0.3164282934516524
1628900275000,0.31724460761670764
1628900305000,0.3151106776951673
1628900335000,0.31466944081130915
1628900365000,0.314105765735568
1628900395000,0.3152530639213276
1628900425000,0.31640690122774706
1628900455000,0.31204850193704603
1628900485000,0.3098153720144753
1628900515000,0.3140074788672351
1628900545000,0.3182602945465686
1628900575000,0.3156877528130672
1628900605000,0.3162484364514182
1628900635000,0.31197327030487804
1628900665000,0.31148174095354525
1628900695000,0.3111989158185163
1628900725000,0.3158884648845687
1628900755000,0.3163495645200486
1628900785000,0.3133127478181818
1628900815000,0.30994736615384616
1628900845000,0.3151863770328988
1628900875000,0.3183134451928965
1628900905000,0.3155256483476132
1628900935000,0.3128146347452425
1628900965000,0.3105828486769231
1628900995000,0.3155114632880099
1628901025000,0.316472684226553
1628901055000,0.32275259324240546
1628901085000,0.3125427103213844
1628901115000,0.3156550628981886
1628901145000,0.3138811167570826
1628901175000,0.3158539056672761
1628901205000,0.31592980823095823
1628901235000,0.3125961088768116
1628901265000,0.3105635809957498
1628901295000,0.3153723973748474
1628901325000,0.31609060305436776
1628901355000,0.3137759244512195
1628901385000,0.3160442747406955
1628901415000,0.3184338586206897
1628901445000,0.3134487293650794
1628901475000,0.3139404319368549
1628901505000,0.31435720085106383
1628901535000,0.3140773331051649
1628901565000,0.3230823484029484
1628901595000,0.3107709552038953
1628901625000,0.3211925677615572
1628901655000,0.3113557807453416
1628901685000,0.3126108274233129
1628901715000,0.31111960350030177
1628901745000,0.31434420447303923
1628901775000,0.3177131766257669
1628901805000,0.3113289809782609
1628901835000,0.3096268823207776
1628901865000,0.3131162963980464
1628901895000,0.31747203222632225
1628901925000,0.3158244040197897
1628901955000,0.3136048644578313
1628901985000,0.3106303217364906
1628902015000,0.31182701192771084
1628902045000,0.31822678773527624
1628902075000,0.3118309097307221
1628902105000,0.31613562821450336
1628902135000,0.3113104070228091
1628902165000,0.3138092899386503
1628902195000,0.3131705247087676
1628902225000,0.3145748970825574
1628902255000,0.3108735123936817
1628902285000,0.3124311942874693
1628902315000,0.31553167896379525
1628902345000,0.3156628455214724
1628902375000,0.3157939757631258
1628902405000,0.3146525660331085
1628902435000,0.3132134424354244
1628902465000,0.31612594085697043
1628902495000,0.31035730788681515
1628902525000,0.31210190796080833
1628902555000,0.3108492390691978
1628902585000,0.31060506193078324
1628902615000,0.3167142628554144
1628902645000,0.31760915496969705
1628902675000,0.31058540792019346
1628902705000,0.3189177147220525
1628902735000,0.3130594514869888
1628902765000,0.3174473763480392
1628902795000,0.31189777314423656
1628902825000,0.3147378124537608
1628902855000,0.31754052840490804
1628902885000,0.3215838247524753
1628902915000,0.3116985139692308
1628902945000,0.3120703245157385
1628902975000,0.3124321508515815
1628903005000,0.3129569056227328
1628903035000,0.3140326695493301
1628903065000,0.3171483716290421
1628903095000,0.3157629280830281
1628903125000,0.3156241108550637
1628903155000,0.3136075308168317
1628903185000,0.31701497908131593
1628903215000,0.31521944307883304
1628903245000,0.3147028109957239
1628903275000,0.3132763556100552
1628903305000,0.3220052853643601
1628903335000,0.3199589841019417
1628903365000,0.31473205229638695
1628903395000,0.31470325309626
1628903425000,0.3121365375532563
1628903455000,0.31293025982748
1628903485000,0.31168659435336976
1628903515000,0.3128036337393423
1628903545000,0.3169080512522908
1628903575000,0.3143408270320197
1628903605000,0.32195291605839416
1628903635000,0.3149492308451573
1628903665000,0.3127338636701798
1628903695000,0.3166902096853794
1628903725000,0.3230966769087523
1628903755000,0.3129562589584625
1628903785000,0.3133750696156193
1628903815000,0.3141109450920245
1628903845000,0.31614824369645045
1628903875000,0.31603267071516644
1628903905000,0.31505151047215496
1628903935000,0.3160906250920245
1628903965000,0.3210740013998783
1628903995000,0.31115306845637586
1628904025000,0.31544942431276723
1628904055000,0.31710082602571954
1628904085000,0.31427404627046696
1628904115000,0.3174624388515577
1628904145000,0.3127911014241486
1628904175000,0.3185029880996885
1628904205000,0.3165697799751244
1628904235000,0.31685965278121137
1628904265000,0.3115491719832736
1628904295000,0.3148495851874616
1628904325000,0.31732066573383083
1628904355000,0.32278785615763544
1628904385000,0.3168407712378641
1628904415000,0.31746438942839583
1628904445000,0.3197592374695864
1628904475000,0.3094167980722892
1628904505000,0.31689495787523164
1628904535000,0.3100478179916318
1628904565000,0.31277999848942606
1628904595000,0.32014027401719897
1628904625000,0.3129959847985348
1628904655000,0.3114637208435208
1628904685000,0.31734057021406725
1628904715000,0.31117652232415904
1628904745000,0.3214684804255319
1628904775000,0.31183055801857584
1628904805000,0.3159115456843403
1628904835000,0.3156169666047088
1628904865000,0.3147084565563725
1628904895000,0.3149396828076685
1628904925000,0.3211078816604709
1628904955000,0.3115014211502783
1628904985000,0.3128986284229829
1628905015000,0.31297229644607844
1628905045000,0.3175159404371585
1628905075000,0.3141537892857143
1628905105000,0.32015334061538464
1628905135000,0.3173491697775031
1628905165000,0.3214627403834261
1628905195000,0.31584068420413125
1628905225000,0.31885474277108433
1628905255000,0.3178935053145999
1628905285000,0.3083273968452381
1628905315000,0.3120612907019704
1628905345000,0.3124260719211823
1628905375000,0.31419985899814473
1628905405000,0.3221143481729598
1628905435000,0.3175411404613466
1628905465000,0.3193200580373269
1628905495000,0.31186610863664405
1628905525000,0.3110876654725139
1628905555000,0.3147312246973365
1628905585000,0.3137535756623537
1628905615000,0.3181760326405868
1628905645000,0.31844242545787543
1628905675000,0.3202204784848485
1628905705000,0.3174933270690728
1628905735000,0.3142584547406082
1628905765000,0.31586678362967496
1628905795000,0.31313222437810945
1628905825000,0.31093942238065714
1628905855000,0.31203074392812885
1628905885000,0.31472670201465197
1628905915000,0.3123554890130354
1628905945000,0.3113513929187192
1628905975000,0.31256641271028035
1628906005000,0.3216493169108669
1628906035000,0.3167772279339853
1628906065000,0.3171741785891089
1628906095000,0.31551286146020346
1628906125000,0.3182461998174072
1628906155000,0.3182768364083641
1628906185000,0.31592485746223564
1628906215000,0.31599796293365795
1628906245000,0.3128819512239902
1628906275000,0.3170691779076923
1628906305000,0.320371828262214
1628906335000,0.3154464289584588
1628906365000,0.3159416318491033
1628906395000,0.31753428525289457
1628906425000,0.31722126420731706
1628906455000,0.3160917124618204
1628906485000,0.3117659112115732
1628906515000,0.3110009311042945
1628906545000,0.3153321237775061
1628906575000,0.3160424823887873
1628906605000,0.3180495488685015
1628906635000,0.3189797110012361
1628906665000,0.3159905434889435
1628906695000,0.3175745469486405
1628906725000,0.3221686146805897
1628906755000,0.31844174199266506
1628906785000,0.31654579680196804
1628906815000,0.31649006753958586
1628906845000,0.3165967372860636
1628906875000,0.3115115207823961
1628906905000,0.3132421572036474
1628906935000,0.3086165336391437
1628906965000,0.3122671159146341
1628906995000,0.31072408635525506
1628907025000,0.3120049667486171
1628907055000,0.3165166392769608
1628907085000,0.3152003267846248
1628907115000,0.3140339822168088
1628907145000,0.3105557696102314
1628907175000,0.3123493336
1628907205000,0.3167847017923362
1628907235000,0.31614222532267977
1628907265000,0.31216914671577656
1628907295000,0.3140858616504854
1628907325000,0.3125140412339646
1628907355000,0.31694083302411874
1628907385000,0.3137104472053463
1628907415000,0.31670423685185184
1628907445000,0.3206336560840025
1628907475000,0.3159581490786241
1628907505000,0.31115419209558826
1628907535000,0.31492044465601965
1628907565000,0.3153561730061349
1628907595000,0.3150079681284744
1628907625000,0.3120858507692308
1628907655000,0.312898562272175
1628907685000,0.3100612564259486
1628907715000,0.31820988060159605
1628907745000,0.3201963145015106
1628907775000,0.3074760595396729
1628907805000,0.3110987878319951
1628907835000,0.3124420122208437
1628907865000,0.3164580123698714
1628907895000,0.3170143872938302
1628907925000,0.3110846094667465
1628907955000,0.3155925235653236
1628907985000,0.3150251647235577
1628908015000,0.3134096446105919
1628908045000,0.3163875826723612
1628908075000,0.316791416367018
1628908105000,0.3174564003678725
1628908135000,0.31638169914320685
1628908165000,0.3137893531038722
1628908195000,0.3212683698275862
1628908225000,0.31593842730080296
1628908255000,0.3221399141982864
1628908285000,0.3127892884987893
1628908315000,0.31672151378244745
1628908345000,0.3202880999380037
1628908375000,0.31684984873222016
1628908405000,0.3157317978928356
1628908435000,0.31099381696048634
1628908465000,0.3173750352216749
1628908495000,0.318263003803681
1628908525000,0.31147603716381417
1628908555000,0.31593374714548805
1628908585000,0.3120396754320988
1628908615000,0.3199592512883436
1628908645000,0.31750420006218905
1628908675000,0.3164911410747375
1628908705000,0.31062599927710843
1628908735000,0.31216765789800993
1628908765000,0.31411166958410924
1628908795000,0.3135307284837324
1628908825000,0.319371684
1628908855000,0.3132477124695864
1628908885000,0.32172584516717323
1628908915000,0.3135407802184466
1628908945000,0.3147094209785933
1628908975000,0.3174677830977259
1628909005000,0.3149041787730061
1628909035000,0.3162945918204182
1628909065000,0.3164554303214069
1628909095000,0.3104135558252427
1628909125000,0.31166482834032355
1628909155000,0.3140867163190184
1628909185000,0.31314673195302845
1628909215000,0.3080009816747573
1628909245000,0.32260098924205377
1628909275000,0.3213685555894929
1628909305000,0.3168227939877301
1628909335000,0.3134899325168401
1628909365000,0.31171131641151256
1628909395000,0.3135396725138975
1628909425000,0.3219362603500302
1628909455000,0.31661756863799284
1628909485000,0.3156113700671961
1628909515000,0.31281058774630544
1628909545000,0.31396544133906634
1628909575000,0.3182779251997542
1628909605000,0.3194312252781211
1628909635000,0.3190976767584098
1628909665000,0.3163388082309582
1628909695000,0.3141326963369964
1628909725000,0.3099046187801933
1628909755000,0.31022668463429626
1628909785000,0.31630315164034023
1628909815000,0.3128860285714285
1628909845000,0.31634474324324324
1628909875000,0.31524591143200964
1628909905000,0.3147664221059113
1628909935000,0.3153571804469274
1628909965000,0.31123782308157105
1628909995000,0.3111719845875978
1628910025000,0.3166156990153846
1628910055000,0.3126127162112933
1628910085000,0.3189545640421575
1628910115000,0.3150952573006135
1628910145000,0.31232129987966306
1628910175000,0.3157972819174757
1628910205000,0.31273272438875305
1628910235000,0.3135651392512077
1628910265000,0.31053213716216216
1628910295000,0.3135668920938851
1628910325000,0.32245138425869435
1628910355000,0.3123117848907767
1628910385000,0.316691315537601
1628910415000,0.31031372687576875
1628910445000,0.31244514823310604
1628910475000,0.3168264694174757
1628910505000,0.3168417626764887
1628910535000,0.31636213113553113
1628910565000,0.31250989230299325
1628910595000,0.3162027851194121
1628910625000,0.3151962381424149
1628910655000,0.31266281865853657
1628910685000,0.31755447513949164
1628910715000,0.3130849990797546
1628910745000,0.3090734107142857
1628910775000,0.3123369656898657
1628910805000,0.3149322856626506
1628910835000,0.3134662343403206
1628910865000,0.3117627084095064
1628910895000,0.3161295014232673
1628910925000,0.3139243286859963
1628910955000,0.3184905712009804
1628910985000,0.32003476340557274
1628911015000,0.3123472924586144
1628911045000,0.3126852682775713
1628911075000,0.3146422700801974
1628911105000,0.3159090374454829
1628911135000,0.3116795129663609
1628911165000,0.3135404139178418
1628911195000,0.3188937315403423
1628911225000,0.3124020865771812
1628911255000,0.3128639967643468
1628911285000,0.31578122151057403
1628911315000,0.31050511621787025
1628911345000,0.3115475690505549
1628911375000,0.3115894204019489
1628911405000,0.3129718173088685
1628911435000,0.3119475413136894
1628911465000,0.3107551508536585
1628911495000,0.31244051651090343
1628911525000,0.3163825910311165
1628911555000,0.3174121524471299
1628911585000,0.3173110905982906
1628911615000,0.3195217792932424
1628911645000,0.3154350052727273
1628911675000,0.3149271528325123
1628911705000,0.3173724922141119
1628911735000,0.31855925258889584
1628911765000,0.3197718949879227
1628911795000,0.3138258146053449
1628911825000,0.3123762017230769
1628911855000,0.31121380807644883
1628911885000,0.3129538879778052
1628911915000,0.31545597746130033
1628911945000,0.31652978863495984
1628911975000,0.31902686934396074
1628912005000,0.3187915068391867
1628912035000,0.3139633431265207
1628912065000,0.3124906642682927
1628912095000,0.3119312545015105
1628912125000,0.31337121722428746
1628912155000,0.3157457374315277
1628912185000,0.3177533900366748
1628912215000,0.3142951064535956
1628912245000,0.31594619667487683
1628912275000,0.31358740389294404
1628912305000,0.3167970970167806
1628912335000,0.3188093424860853
1628912365000,0.3170444332722833
1628912395000,0.314551086270872
1628912425000,0.3161647734231476
1628912455000,0.3119846181985294
1628912485000,0.3130232042618901
1628912515000,0.31329094257425744
1628912545000,0.3155486023607748
1628912575000,0.3116709418547895
1628912605000,0.3210783797905114
1628912635000,0.31538700067237163
1628912665000,0.3164582805759804
1628912695000,0.3223805134273452
1628912725000,0.3150783014751076
1628912755000,0.3138046496048632
1628912785000,0.314279682563791
1628912815000,0.3214851994444444
1628912845000,0.32114388274799754
1628912875000,0.3097750588661037
1628912905000,0.3155291639628483
1628912935000,0.3109081514338011
1628912965000,0.31187701224615383
1628912995000,0.3121377993777225
1628913025000,0.32151073347692305
1628913055000,0.3114487285021225
1628913085000,0.3122719108206687
1628913115000,0.3118203584213797
1628913145000,0.31617011033007336
1628913175000,0.3165726451593137
1628913205000,0.3145465369538835
1628913235000,0.31003155597792764
1628913265000,0.31306227148102816
1628913295000,0.3184180164206642
1628913325000,0.3163073164828432
1628913355000,0.3153626629719854
1628913385000,0.3204307152200489
1628913415000,0.3157817271279853
1628913445000,0.3165577838946724
1628913475000,0.3135138055622733
1628913505000,0.31262876212765955
1628913535000,0.31341790193266833
1628913565000,0.31230590290482074
1628913595000,0.3155109065563725
1628913625000,0.31182166429455443
1628913655000,0.3151019258663366
1628913685000,0.31822495229813663
1628913715000,0.3130008656019656
1628913745000,0.31588395702933986
1628913775000,0.3158470611042945
1628913805000,0.310922556416615
1628913835000,0.3161610363357843
1628913865000,0.3166754040928528
1628913895000,0.31394303163076925
1628913925000,0.3116361215346535
1628913955000,0.3152225344720497
1628913985000,0.3131338759213759
1628914015000,0.31733890916870416
1628914045000,0.3221203195970696
1628914075000,0.31668672288188005
1628914105000,0.3213515140577041
1628914135000,0.3166386474366893
1628914165000,0.3112905056755089
1628914195000,0.3183531785093168
1628914225000,0.31408767900856793
1628914255000,0.3140066361282368
1628914285000,0.31381270457317073
1628914315000,0.3174591836408364
1628914345000,0.31835028986486485
1628914375000,0.3177032648068669
1628914405000,0.3133521773493976
1628914435000,0.3101078826970443
1628914465000,0.31650466357452073
1628914495000,0.3170304071907373
1628914525000,0.31568929593446604
1628914555000,0.32152364165114833
1628914585000,0.31977927880268786
1628914615000,0.31114928935384617
1628914645000,0.3106711761933905
1628914675000,0.3153113843016069
1628914705000,0.31162764874155924
1628914735000,0.3126926133089133
1628914765000,0.31406948616236163
1628914795000,0.3225625182709994
1628914825000,0.3151727793337446
1628914855000,0.31126178254545456
1628914885000,0.3148145962553714
1628914915000,0.3133083446571958
1628914945000,0.3178798771551724
1628914975000,0.31094544820012204
1628915005000,0.3109218347162904
1628915035000,0.3128624273337401
1628915065000,0.31241957335766424
1628915095000,0.3121427397049785
1628915125000,0.3173230772976263
1628915155000,0.30195327276621786
1628915185000,0.3124815978368356
1628915215000,0.3126568542750929
1628915245000,0.3188270408754624
1628915275000,0.315211023285979
1628915305000,0.3182750301713586
1628915335000,0.3109595541071429
1628915365000,0.31701383108776265
1628915395000,0.3188854136024845
1628915425000,0.3138550373693915
1628915455000,0.3170217310903427
1628915485000,0.31267492518028844
1628915515000,0.31970014471744473
1628915545000,0.3162644337259765
1628915575000,0.3111709258298129
1628915605000,0.3125035252313387
1628915635000,0.3188489806511057
1628915665000,0.3218745202226345
1628915695000,0.3188433907886815
1628915725000,0.3100678118115055
1628915755000,0.31613421605616604
1628915785000,0.3209221297101449
1628915815000,0.3175921544396816
1628915845000,0.3201895423500612
1628915875000,0.31391776274271843
1628915905000,0.31699168207951073
1628915935000,0.3123057767707083
1628915965000,0.31686250097323604
1628915995000,0.3182981833230389
1628916025000,0.3110277542079208
1628916055000,0.3133380633699634
1628916085000,0.31672060333131435
1628916115000,0.3157860562271062
1628916145000,0.3177686719080174
1628916175000,0.3139006189857761
1628916205000,0.3161618946788991
1628916235000,0.31583922498461536
1628916265000,0.31263429348635235
1628916295000,0.31212268136004856
1628916325000,0.320883378992629
1628916355000,0.3131176532287266
1628916385000,0.3184092476160991
1628916415000,0.31727862747858016
1628916445000,0.3170502241082411
1628916475000,0.32319699176755445
1628916505000,0.31622737926605504
1628916535000,0.3119899523693803
1628916565000,0.3158706360939431
1628916595000,0.3119209368908081
1628916625000,0.3130649356055995
1628916655000,0.3180251021148036
1628916685000,0.3130904300061996
1628916715000,0.30910617036585364
1628916745000,0.3110833233252132
1628916775000,0.30959318254745866
1628916805000,0.3154925916974169
1628916835000,0.31068504178461537
1628916865000,0.3178519856269113
1628916895000,0.31314505389257696
1628916925000,0.3146238527846535
1628916955000,0.31934484151975684
1628916985000,0.3099773259124088
1628917015000,0.3127785363747704
1628917045000,0.31624419151813155
1628917075000,0.3142252722120658
1628917105000,0.313775518404908
1628917135000,0.31229194895448953
1628917165000,0.3105089867718447
1628917195000,0.3131487017273288
1628917225000,0.3113246991995074
1628917255000,0.3104009817904994
1628917285000,0.3120189462378641
1628917315000,0.3206893520195838
1628917345000,0.3187022922513728
1628917375000,0.3122454114551084
1628917405000,0.3134520107253565
1628917435000,0.31306973825710754
1628917465000,0.31205470393362017
1628917495000,0.32083827461204223
1628917525000,0.3089649498478393
1628917555000,0.3170088056915545
1628917585000,0.31753762757352944
1628917615000,0.3225471314849045
1628917645000,0.3129693777097367
1628917675000,0.31061334359133125
1628917705000,0.31238978808933004
1628917735000,0.3198682793846154
1628917765000,0.3183625731884058
1628917795000,0.3147113081632653
1628917825000,0.31735902263349514
1628917855000,0.3205309443367656
1628917885000,0.31404523674475954
1628917915000,0.3123518331508516
1628917945000,0.31346682845629265
1628917975000,0.3179760668298653
1628918005000,0.3179076798628429
1628918035000,0.31233953471971065
1628918065000,0.3148980800731261
1628918095000,0.31686066153846154
1628918125000,0.31218715536933583
1628918155000,0.3178219315270936
1628918185000,0.32197078481548697
1628918215000,0.31493098292682925
1628918245000,0.3119721456467662
1628918275000,0.3161971562994522
1628918305000,0.316488964652568
1628918335000,0.3128047952468007
1628918365000,0.3147958696676737
1628918395000,0.3129949213414634
1628918425000,0.3125957056034483
1628918455000,0.3175554523839009
1628918485000,0.3144905965957447
1628918515000,0.31405126857142857
1628918545000,0.32045794467437616
1628918575000,0.3113958968596059
1628918605000,0.31239452980828697
1628918635000,0.3163363135802469
1628918665000,0.3165608694730466
1628918695000,0.3170823028660436
1628918725000,0.31594754311926604
1628918755000,0.3131246327250608
1628918785000,0.3191054565217391
1628918815000,0.3152391857406269
1628918845000,0.3154307100374065
1628918875000,0.3192864098765432
1628918905000,0.3177158383527965
1628918935000,0.3217065301980198
1628918965000,0.31441239696969703
1628918995000,0.3185533557317073
1628919025000,0.31481744765432107
1628919055000,0.31159695330882353
1628919085000,0.3116422538925769
1628919115000,0.3113719652093596
1628919145000,0.3182581690432663
1628919175000,0.3164094477231329
1628919205000,0.3181972383950617
1628919235000,0.3195633896907216
1628919265000,0.3170511377588307
1628919295000,0.3139267969406119
1628919325000,0.3128808017146356
1628919355000,0.3133347913971934
1628919385000,0.3142137075483092
1628919415000,0.31580953824257424
1628919445000,0.31193541734820324
1628919475000,0.31126708870772946
1628919505000,0.31294124231955583
1628919535000,0.31629739326805384
1628919565000,0.3155121544091182
1628919595000,0.3123770438670695
1628919625000,0.31040183452669895
1628919655000,0.3136784759556104
1628919685000,0.3154791349206349
1628919715000,0.3106724519432449
1628919745000,0.3087081466179159
1628919775000,0.3228787369391518
1628919805000,0.3130473385812072
1628919835000,0.31233645058678194
1628919865000,0.3163691214682295
1628919895000,0.3208083593094945
1628919925000,0.3169352987124464
1628919955000,0.3152110971657425
1628919985000,0.3156005946029777
1628920015000,0.31309184731315626
1628920045000,0.31267190147510754
1628920075000,0.3134251122054381
1628920105000,0.3162741187270502
1628920135000,0.3117163215840387
1628920165000,0.3124140227493917
1628920195000,0.3125002461869619
1628920225000,0.3123051098350641
1628920255000,0.31466956650276584
1628920285000,0.31641509572490706
1628920315000,0.3154164902140673
1628920345000,0.3120910281481481
1628920375000,0.3154569577344701
1628920405000,0.31512454318322025
1628920435000,0.3155367921307506
1628920465000,0.31740628501547985
1628920495000,0.31143495691937423
1628920525000,0.3117033520961776
1628920555000,0.3129717041137326
1628920585000,0.3204825376838235
1628920615000,0.3192414628411911
1628920645000,0.3174561327471195
1628920675000,0.3149263364417178
1628920705000,0.3122320094234346
1628920735000,0.3205827202315661
1628920765000,0.3166567344722392
1628920795000,0.3098887740694789
1628920825000,0.3150355061050061
1628920855000,0.3149262489335771
1628920885000,0.3148659586848635
1628920915000,0.3109515437956205
1628920945000,0.3152960847920546
1628920975000,0.3089962624923641
1628921005000,0.3144164264185479
1628921035000,0.3152653576899321
1628921065000,0.3114377587144623
1628921095000,0.3159840738997555
1628921125000,0.3190201043398533
1628921155000,0.317994706936771
1628921185000,0.3134964791229154
1628921215000,0.31679603862111044
1628921245000,0.318083132834891
1628921275000,0.31232194159402243
1628921305000,0.3106742953781513
1628921335000,0.31382212379499697
1628921365000,0.3151773211750306
1628921395000,0.3207038520564764
1628921425000,0.3133779790569504
1628921455000,0.3227963337281796
1628921485000,0.3114968123067409
1628921515000,0.3163352042848521
1628921545000,0.31418568562765314
1628921575000,0.31385084944785274
1628921605000,0.3246134834260977
1628921635000,0.3098860355921856
1628921665000,0.3220615810042347
1628921695000,0.3164876342073171
1628921725000,0.31737799627329194
1628921755000,0.31652508731527096
1628921785000,0.31293366921182264
1628921815000,0.3159925177121771
1628921845000,0.3146622034653465
1628921875000,0.3189724549599507
1628921905000,0.31096568646153844
1628921935000,0.3128236968058968
1628921965000,0.3132041797670141
1628921995000,0.3106762705811138
1628922025000,0.3129579751975684
1628922055000,0.31301285993993994
1628922085000,0.3158173087568892
1628922115000,0.2477022688969259
1628922145000,0.31208851335365856
1628922175000,0.3153894855644664
1628922205000,0.31774035674846624
1628922235000,0.31539504134495644
1628922265000,0.3101092953488372
1628922295000,0.3109152803778184
1628922325000,0.3180439271062271
1628922355000,0.31935989975579976
1628922385000,0.31831779963031426
1628922415000,0.31267436790953546
1628922445000,0.31281593828883497
1628922475000,0.3150913800247372
1628922505000,0.3134389818573185
1628922535000,0.3149902340073529
1628922565000,0.311767011977887
1628922595000,0.314964633682266
1628922625000,0.3179901838101035
1628922655000,0.3111639868436934
1628922685000,0.31146214274580336
1628922715000,0.3169099047239264
1628922745000,0.3201352693627451
1628922775000,0.3103981411947729
1628922805000,0.3124982020481928
1628922835000,0.3135908742544127
1628922865000,0.31278570105590064
1628922895000,0.3130241168988492
1628922925000,0.31580177769092005
1628922955000,0.3113504272671191
1628922985000,0.3130871120195241
1628923015000,0.3132530952292441
1628923045000,0.3144168942389327
1628923075000,0.3222008315043157
1628923105000,0.3103962140577041
1628923135000,0.31080605540048545
1628923165000,0.3109578415375078
1628923195000,0.3143171597779149
1628923225000,0.3175163504559271
1628923255000,0.3166820522451456
1628923285000,0.31148536267080745
1628923315000,0.3151057247985121
1628923345000,0.31446033376304483
1628923375000,0.31229094648226097
1628923405000,0.31260239957343083
1628923435000,0.31337928615766597
1628923465000,0.3140924400481058
1628923495000,0.3163914164425428
1628923525000,0.3147138598904443
1628923555000,0.3124818983312732
1628923585000,0.3111574606376456
1628923615000,0.3174976658400496
1628923645000,0.3157328232727273
1628923675000,0.3110778989499691
1628923705000,0.3183623000609013
1628923735000,0.3162031636697248
1628923765000,0.3116999711467324
1628923795000,0.3182357285452323
1628923825000,0.3221643663803681
1628923855000,0.32214030661719234
1628923885000,0.31774756825980394
1628923915000,0.3164760697376449
1628923945000,0.3169470344785276
1628923975000,0.3145649619538835
1628924005000,0.3124459521765788
1628924035000,0.3129456947368421
1628924065000,0.31635811771217714
1628924095000,0.3168625823310601
1628924125000,0.31837487729498165
1628924155000,0.3190802563112745
1628924185000,0.3182165573629082
1628924215000,0.32127021476715684
1628924245000,0.3173193220923077
1628924275000,0.25519816735074624
1628924305000,0.3121796101547988
1628924335000,0.3172650063112745
1628924365000,0.3120935697230769
1628924395000,0.31457948982630274
1628924425000,0.3106282715496368
1628924455000,0.3153436558425584
1628924485000,0.3120393411084044
1628924515000,0.3186328349568434
1628924545000,0.3176229258461539
1628924575000,0.3194019576565406
1628924605000,0.3120821468518519
1628924635000,0.321286058470948
1628924665000,0.3155180748454883
1628924695000,0.3186134334141904
1628924725000,0.31098274091754496
1628924755000,0.3144076686166971
1628924785000,0.31428662286773795
1628924815000,0.31452566296296297
1628924845000,0.32015638602941177
1628924875000,0.31095181388716675
1628924905000,0.31225686391941393
1628924935000,0.315843952657602
1628924965000,0.3153358576923077
1628924995000,0.31282050379289583
1628925025000,0.3155553224366707
1628925055000,0.31078877834240776
1628925085000,0.32058766035648434
1628925115000,0.3148112661764706
1628925145000,0.3104032876237624
1628925175000,0.309579095174099
1628925205000,0.3155789329044117
1628925235000,0.31835748225905464
1628925265000,0.315358540196681
1628925295000,0.31691106464771324
1628925325000,0.31213347614399023
1628925355000,0.31995210287500003
1628925385000,0.3161331657585139
1628925415000,0.31697695737905696
1628925445000,0.31376061375921377
1628925475000,0.3168551487241798
1628925505000,0.31623881289156625
1628925535000,0.31103661102941177
1628925565000,0.3154409213235294
1628925595000,0.3132668632653061
1628925625000,0.31031983160779536
1628925655000,0.310676814626683
1628925685000,0.3127191756723716
1628925715000,0.3115883478128797
1628925745000,0.3087644216367018
1628925775000,0.3097783881376767
1628925805000,0.3158608678351784
1628925835000,0.31447954921116505
1628925865000,0.31350997672309555
1628925895000,0.3166803434567901
1628925925000,0.31480554651589243
1628925955000,0.3168712710687961
1628925985000,0.31875415289765724
1628926015000,0.3182239503937008
1628926045000,0.3083508888613861
1628926075000,0.313773437409201
1628926105000,0.3168590452690167
1628926135000,0.3116140000609013
1628926165000,0.3122560345319281
1628926195000,0.3132892916105328
1628926225000,0.3154901368967624
1628926255000,0.3218626397342995
1628926285000,0.3166605353300733
1628926315000,0.3172895203076923
1628926345000,0.3135984983754513
1628926375000,0.31253922852779475
1628926405000,0.3168672831105711
1628926435000,0.3126588363414634
1628926465000,0.32009259176904176
1628926495000,0.3106896292800968
1628926525000,0.3158319421116505
1628926555000,0.3154501503965833
1628926585000,0.3167365302495435
1628926615000,0.31606391474201473
1628926645000,0.3189555834363412
1628926675000,0.310230756601467
1628926705000,0.3114081350920245
1628926735000,0.31070066642424243
1628926765000,0.31269874236239953
1628926795000,0.3146313285279805
1628926825000,0.3156720302752293
1628926855000,0.3127588124175165
1628926885000,0.3196499484510533
1628926915000,0.3181558617866005
1628926945000,0.3172432408897014
1628926975000,0.3179658075528701
1628927005000,0.31208428950962136
1628927035000,0.3184786254938272
1628927065000,0.31205536779252113
1628927095000,0.3133596713849908
1628927125000,0.31787192637698897
1628927155000,0.3192954028834356
1628927185000,0.315212624355129
1628927215000,0.3161208561080417
1628927245000,0.3163312303921569
1628927275000,0.3133601986650485
1628927305000,0.31590846625463537
1628927335000,0.3145484873703478
1628927365000,0.3126085330493001
1628927395000,0.31106674525277433
1628927425000,0.317479345046729
1628927455000,0.3155769130086313
1628927485000,0.3153970139506173
1628927515000,0.3110263104039168
1628927545000,0.3134024771273385
1628927575000,0.3127400500306185
1628927605000,0.31430548373680944
1628927635000,0.3137798037607891
1628927665000,0.3128223719018405
1628927695000,0.31099549969987994
1628927725000,0.31155058480148884
1628927755000,0.3167048328239609
1628927785000,0.3134260689846154
1628927815000,0.30971919011124843
1628927845000,0.3173213031843233
1628927875000,0.3115547141370869
1628927905000,0.31393130611995096
1628927935000,0.3208997688084841
1628927965000,0.31643612400489896
1628927995000,0.313152552184466
1628928025000,0.31473711914634145
1628928055000,0.31198117598039216
1628928085000,0.316031710145808
1628928115000,0.313191034529703
1628928145000,0.31492578397823456
1628928175000,0.3084788804098855
1628928205000,0.31214755316686965
1628928235000,0.3161157256830601
1628928265000,0.3187905786102719
1628928295000,0.3178919872014697
1628928325000,0.31347214297976694
1628928355000,0.31347081766503665
1628928385000,0.3096459865890998
1628928415000,0.3168767142857143
1628928445000,0.3152813660083782
1628928475000,0.3190934643031785
1628928505000,0.3166302464414958
1628928535000,0.3153582779692308
1628928565000,0.30887098402402396
1628928595000,0.32118641102895873
1628928625000,0.31063079039167685
1628928655000,0.31646521084558826
1628928685000,0.3214179186503067
1628928715000,0.31977200525990096
1628928745000,0.317764887144623
1628928775000,0.31257921574754904
1628928805000,0.3153122430674847
1628928835000,0.3131925142066421
1628928865000,0.3150575899753997
1628928895000,0.3153634156779661
1628928925000,0.3114887391809291
1628928955000,0.3152898379117464
1628928985000,0.31285831060419234
1628929015000,0.31300397451456313
1628929045000,0.31707005218181816
1628929075000,0.3171834816656308
1628929105000,0.31673796305147056
1628929135000,0.32048211591610115
1628929165000,0.3130269731662592
1628929195000,0.3143073248756219
1628929225000,0.3187405531707317
1628929255000,0.31683799457647777
1628929285000,0.3180437211206897
1628929315000,0.3173411244720497
1628929345000,0.3142087041641521
1628929375000,0.31108445402930396
1628929405000,0.3128336175675676
1628929435000,0.3155665529663609
1628929465000,0.31321154759878417
1628929495000,0.3198682992097264
1628929525000,0.3142531681454097
1628929555000,0.3168203250612745
1628929585000,0.3140313288834952
1628929615000,0.31371080120845923
1628929645000,0.31148284172225593
1628929675000,0.31205218646662586
1628929705000,0.31732769594843463
1628929735000,0.3179738917740945
1628929765000,0.3164195980416157
1628929795000,0.3178025336778115
1628929825000,0.315312827596804
1628929855000,0.31936259684405943
1628929885000,0.3180914521230769
1628929915000,0.3210981196691177
1628929945000,0.3148441940483571
1628929975000,0.3117298795399516
1628930005000,0.31090424972544234
1628930035000,0.3192860707748627
1628930065000,0.3133328359404097
1628930095000,0.3139942699696049
1628930125000,0.3212153039215686
1628930155000,0.3133496012987013
1628930185000,0.3139692659627329
1628930215000,0.3098811732283465
1628930245000,0.3159368086404834
1628930275000,0.3116450108292079
1628930305000,0.31387315782477343
1628930335000,0.31679111607361965
1628930365000,0.3154431467878788
1628930395000,0.3200803864083641
1628930425000,0.31097924194528875
1628930455000,0.3147854000604229
1628930485000,0.31344828970588234
1628930515000,0.31248243991309743
1628930545000,0.3125960813797314
1628930575000,0.31607630995775504
1628930605000,0.3174147008109794
1628930635000,0.31840012200725515
1628930665000,0.3127612503376305
1628930695000,0.3182331239051095
1628930725000,0.31454181836734696
1628930755000,0.3117697367510809
1628930785000,0.3193134111580217
1628930815000,0.3124307364914425
1628930845000,0.3125964112864077
1628930875000,0.3173814448877805
1628930905000,0.309924172859745
1628930935000,0.3179517657055215
1628930965000,0.31199172679778736
1628930995000,0.3150389743985194
1628931025000,0.3140412313296904
1628931055000,0.31161267271039605
1628931085000,0.3138161244785276
1628931115000,0.3165919591950465
1628931145000,0.31423488752304857
1628931175000,0.3118493653846154
1628931205000,0.3105526656633907
1628931235000,0.31335045930445393
1628931265000,0.3149077261349693
1628931295000,0.3107874326593137
1628931325000,0.3172889481345565
1628931355000,0.3164478046483181
1628931385000,0.3170959954545455
1628931415000,0.3170068843446602
1628931445000,0.3121500395768513
1628931475000,0.3121868339817629
1628931505000,0.3166648031384615
1628931535000,0.3147463262936221
1628931565000,0.3114985156500308
1628931595000,0.320736933849969
1628931625000,0.3169835822263223
1628931655000,0.3165114916410572
1628931685000,0.3116712138855055
1628931715000,0.3190359419571865
1628931745000,0.3168629781964176
1628931775000,0.3112941133977067
1628931805000,0.3159259492565056
1628931835000,0.3137324756441718
1628931865000,0.31280428422345
1628931895000,0.3164144402811736
1628931925000,0.3147686565244279
1628931955000,0.3158683173619632
1628931985000,0.31179592582822085
1628932015000,0.3128143059664388
1628932045000,0.31896446795343136
1628932075000,0.3117863931456548
1628932105000,0.3151761381011097
1628932135000,0.3139237535911602
1628932165000,0.3136883552969994
1628932195000,0.3125608065323565
1628932225000,0.3144792993872549
1628932255000,0.3112609184848485
1628932285000,0.3125343073246431
1628932315000,0.3203660089230769
1628932345000,0.31714086850247525
1628932375000,0.3175714194956949
1628932405000,0.31548303564179103
1628932435000,0.3115283588306943
1628932465000,0.3147455230153846
1628932495000,0.3111358549055454
1628932525000,0.31580796877715706
1628932555000,0.314340144002486
1628932585000,0.3113875821909425
1628932615000,0.31334438377403845
1628932645000,0.31179948421052633
1628932675000,0.3114751805298829
1628932705000,0.3178088992135511
1628932735000,0.31713985471930906
1628932765000,0.31334911288723666
1628932795000,0.3121064371184371
1628932825000,0.31628175626911315
1628932855000,0.31658196200366523
1628932885000,0.31386436040391674
1628932915000,0.3149441777570093
1628932945000,0.3121541995729103
1628932975000,0.3125177718215159
1628933005000,0.3128327959702418
1628933035000,0.3177311325183374
1628933065000,0.3249762941939469
1628933095000,0.31158592179176753
1628933125000,0.3108779310532688
1628933155000,0.3143112224201474
1628933185000,0.31507207419939576
1628933215000,0.3137622332923077
1628933245000,0.3189992360024082
1628933275000,0.3186635820496894
1628933305000,0.32066658188539743
1628933335000,0.3116463575425791
1628933365000,0.3171427350306749
1628933395000,0.3123104788293898
1628933425000,0.3154566270006109
1628933455000,0.3113259484422725
1628933485000,0.3113518118357488
1628933515000,0.3101700379097093
1628933545000,0.31160812864930343
1628933575000,0.3117041781750925
1628933605000,0.3148595946983547
1628933635000,0.31074935963414635
1628933665000,0.3115437426097712
1628933695000,0.3166306389506173
1628933725000,0.3176815260061919
1628933755000,0.3124074786020846
1628933785000,0.3106933675870348
1628933815000,0.31791637032019704
1628933845000,0.31262411200738915
1628933875000,0.3111389381538461
1628933905000,0.31955601369945685
1628933935000,0.313466229068323
1628933965000,0.3131636177872861
1628933995000,0.3166334082920792
1628934025000,0.3113386431045145
1628934055000,0.3126470020897357
1628934085000,0.3109117148871263
1628934115000,0.3089901909815951
1628934145000,0.31571826569343064
1628934175000,0.3130004410380205
1628934205000,0.3128726931763285
1628934235000,0.3202168815853659
1628934265000,0.31909326078066913
1628934295000,0.3170304650735294
1628934325000,0.3153965088646023
1628934355000,0.3093908690753215
1628934385000,0.3163247375308642
1628934415000,0.3184178673206622
1628934445000,0.3146929881884945
1628934475000,0.3120084791794244
1628934505000,0.31319701975830816
1628934535000,0.3132646841201717
1628934565000,0.31117424476309224
1628934595000,0.3138450842267406
1628934625000,0.3167412815365551
1628934655000,0.314968761581223
1628934685000,0.30934093629130965
1628934715000,0.3157560321010475
1628934745000,0.3162682418422637
1628934775000,0.3157383292155652
1628934805000,0.31603573609394314
1628934835000,0.3158756241507103
1628934865000,0.3162723591325596
1628934895000,0.31615032524570025
1628934925000,0.3150215414285714
1628934955000,0.3137127528138528
1628934985000,0.3245841573012939
1628935015000,0.31745626245465536
1628935045000,0.3126104185669782
1628935075000,0.31579744855384617
1628935105000,0.3116441182038835
1628935135000,0.3136260791437309
1628935165000,0.3159718782262997
1628935195000,0.3175086600976205
1628935225000,0.31211030234567894
1628935255000,0.3170095254247573
1628935285000,0.3179000685945273
1628935315000,0.321067674829932
1628935345000,0.3152360726205192
1628935375000,0.3165057988350705
1628935405000,0.3136622257831325
1628935435000,0.3141695753649635
1628935465000,0.3146185615478367
1628935495000,0.3188106014625228
1628935525000,0.3111516325863113
1628935555000,0.320983747195122
1628935585000,0.3172593339404979
1628935615000,0.3158140243661101
1628935645000,0.32160684920343136
1628935675000,0.31587556356495466
1628935705000,0.3157929053808948
1628935735000,0.3142791020195839
1628935765000,0.31323799987797435
1628935795000,0.3167905024074074
1628935825000,0.3112877615149664
1628935855000,0.3149159289837643
1628935885000,0.3114574944987775
1628935915000,0.31533573932721715
1628935945000,0.3183471260147602
1628935975000,0.31390606508912106
1628936005000,0.3212602472615385
1628936035000,0.3188439543478261
1628936065000,0.31253503138957817
1628936095000,0.31418204805589306
1628936125000,0.31763757604166665
1628936155000,0.31806419224664223
1628936185000,0.3180464547692308
1628936215000,0.3150524198055893
1628936245000,0.3118047991432069
1628936275000,0.31232937732843136
1628936305000,0.3168087454047474
1628936335000,0.31210625281989085
1628936365000,0.3121644539215686
1628936395000,0.3124403415841584
1628936425000,0.3201036717917676
1628936455000,0.31319648417177914
1628936485000,0.3110299043956044
1628936515000,0.3119268360198388
1628936545000,0.32085229190858555
1628936575000,0.3103770360387644
1628936605000,0.3123922892059553
1628936635000,0.31791686858736057
1628936665000,0.3134052731325301
1628936695000,0.3142751424487259
1628936725000,0.3115878325382263
1628936755000,0.31271352464917634
1628936785000,0.29079428879256963
1628936815000,0.31204127382133995
1628936845000,0.2483130293113955
1628936875000,0.25275382085106385
1628936905000,0.3122572426280074
1628936935000,0.3106278696526508
1628936965000,0.3095027883220651
1628936995000,0.3131765912804878
1628937025000,0.3138764001814882
1628937055000,0.3104412203545232
1628937085000,0.31302404439759035
1628937115000,0.3161385979692308
1628937145000,0.3201780420271941
1628937175000,0.3224394460778258
1628937205000,0.32269168666666664
1628937235000,0.31090461773700306
1628937265000,0.31297317702205885
1628937295000,0.31041977337423315
1628937325000,0.3128130119237861
1628937355000,0.31240651378461537
1628937385000,0.3185757656880734
1628937415000,0.3183553089230769
1628937445000,0.3170681096415328
1628937475000,0.3154146162028448
1628937505000,0.32153052761329304
1628937535000,0.31345283839611177
1628937565000,0.3123587339199029
1628937595000,0.3130509055865921
1628937625000,0.3121716055350553
1628937655000,0.3164116950542823
1628937685000,0.31397725494505496
1628937715000,0.3125064324091189
1628937745000,0.3155839424390244
1628937775000,0.314807487195122
1628937805000,0.3173019860650706
1628937835000,0.3216982582976118
1628937865000,0.3127658916566627
1628937895000,0.3156662102850062
1628937925000,0.31789951618814904
1628937955000,0.3164506395061729
1628937985000,0.3137145617396594
1628938015000,0.3132965411619283
1628938045000,0.31648130446096656
1628938075000,0.3152715690987125
1628938105000,0.3137639554187192
1628938135000,0.3167680618556701
1628938165000,0.31667507712895376
1628938195000,0.3176517434089516
1628938225000,0.3156769917639828
1628938255000,0.3117999913414634
1628938285000,0.31220237920972643
1628938315000,0.3160194478847333
1628938345000,0.318716313661884
1628938375000,0.31843703070719603
1628938405000,0.31269240000000004
1628938435000,0.3113994084724799
1628938465000,0.3163982619639528
1628938495000,0.3125095700123153
1628938525000,0.3176266730392157
1628938555000,0.31443977827145464
1628938585000,0.3148260604579208
1628938615000,0.31248884515151515
1628938645000,0.3185520734068628
1628938675000,0.3200424380569307
1628938705000,0.3089962759779951
1628938735000,0.3159637540376442
1628938765000,0.3096494968769137
1628938795000,0.3120446415799143
1628938825000,0.2870938403314917
1628938855000,0.31596140330882355
1628938885000,0.3121732355900621
1628938915000,0.31415941221747096
1628938945000,0.3124876521818182
1628938975000,0.3183236064476886
1628939005000,0.3161581272394881
1628939035000,0.3162307387767584
1628939065000,0.31056289760908545
1628939095000,0.3119964832198143
1628939125000,0.3122238494146642
1628939155000,0.31793855058389675
1628939185000,0.3124022023114355
1628939215000,0.31563167834474176
1628939245000,0.3109357408175717
1628939275000,0.3161784568472307
1628939305000,0.3161140524710189
1628939335000,0.3159486860955928
1628939365000,0.3147522840445269
1628939395000,0.31772267995049497
1628939425000,0.3186185617755857
1628939455000,0.31733247595092023
1628939485000,0.31261786652119705
1628939515000,0.31186780664634145
1628939545000,0.3110177773823884
1628939575000,0.3139029174937965
1628939605000,0.315349634226553
1628939635000,0.3198239463294263
1628939665000,0.3215466179677819
1628939695000,0.3151629298886139
1628939725000,0.31401635058175137
1628939755000,0.31258585673369893
1628939785000,0.3223066154869933
1628939815000,0.3121279696186962
1628939845000,0.3112780221260816
1628939875000,0.31224138339460783
1628939905000,0.3134129722119532
1628939935000,0.31602811366950184
1628939965000,0.3118713645654835
1628939995000,0.3170220347852761
1628940025000,0.3181224803549572
1628940055000,0.3150531072348253
1628940085000,0.3132612077675841
1628940115000,0.3168277113939394
1628940145000,0.3130912462200369
1628940175000,0.3164779914841849
1628940205000,0.3144296577181208
1628940235000,0.31620477615291265
1628940265000,0.3133941368486353
1628940295000,0.3132386091523341
1628940325000,0.3127766474524248
1628940355000,0.3129693138414634
1628940385000,0.3181319215662651
1628940415000,0.3146415869804401
1628940445000,0.31191600339715875
1628940475000,0.31177457399380804
1628940505000,0.3168846240808824
1628940535000,0.31387877188633617
1628940565000,0.3117273035866261
1628940595000,0.3135486282582217
1628940625000,0.313378415132798
1628940655000,0.31273819606060604
1628940685000,0.3155846425427873
1628940715000,0.31267243782794385
1628940745000,0.3125742369956549
1628940775000,0.3114139445398773
1628940805000,0.3150184163514338
1628940835000,0.31204077501527183
1628940865000,0.3125863296182266
1628940895000,0.3132846076405868
1628940925000,0.31247859061925204
1628940955000,0.31421277131350683
1628940985000,0.3113592189708618
1628941015000,0.3151990319427148
1628941045000,0.32207321341538464
1628941075000,0.3121881964042157
1628941105000,0.3187205976941748
1628941135000,0.31584356331904473
1628941165000,0.3109226831192661
1628941195000,0.3118073436329588
1628941225000,0.31117982274678113
1628941255000,0.3150569285625389
1628941285000,0.3158637726443769
1628941315000,0.3132339874772037
1628941345000,0.3139310348980852
1628941375000,0.3099032705302096
1628941405000,0.31347957423873324
1628941435000,0.31806926923547396
1628941465000,0.3136392868131868
1628941495000,0.3108897436196319
1628941525000,0.31716817305053024
1628941555000,0.3183960843788438
1628941585000,0.3109335071899341
1628941615000,0.31241605498132
1628941645000,0.3190500493554328
1628941675000,0.3099596840024331
1628941705000,0.3157993760803409
1628941735000,0.3177139233312921
1628941765000,0.3148187415847666
1628941795000,0.31203689450617283
1628941825000,0.3156861358722359
1628941855000,0.3207416108923077
1628941885000,0.3112824568603214
1628941915000,0.31990675309626004
1628941945000,0.31750803739342265
1628941975000,0.3143028022235948
1628942005000,0.3189285949845201
1628942035000,0.31522017545454545
1628942065000,0.3170912418237082
1628942095000,0.316418402200489
1628942125000,0.31652863444511825
1628942155000,0.3156284366955446
1628942185000,0.3161515173076923
1628942215000,0.3152006674019608
1628942245000,0.3181356447724477
1628942275000,0.3122053702735562
1628942305000,0.3155205096873084
1628942335000,0.31121700839975475
1628942365000,0.31590214666666666
1628942395000,0.3161078891064871
1628942425000,0.3167607628903858
1628942455000,0.31922297555831264
1628942485000,0.31505252176870746
1628942515000,0.3169272741856177
1628942545000,0.3201008704669497
1628942575000,0.3077654012605042
1628942605000,0.31509721145454544
1628942635000,0.3140958687689509
1628942665000,0.31282323775322285
1628942695000,0.3157195525045263
1628942725000,0.3173170249848024
1628942755000,0.3164974017737003
1628942785000,0.3129343348780488
1628942815000,0.3114093163944344
1628942845000,0.3133015911384616
1628942875000,0.31562183943833944
1628942905000,0.3146145716992665
1628942935000,0.31154863538367844
1628942965000,0.3123306891251519
1628942995000,0.311864796004917
1628943025000,0.3125551231334149
1628943055000,0.32009626185438705
1628943085000,0.3119964942028985
1628943115000,0.31214139707317073
1628943145000,0.3161517280864197
1628943175000,0.3150613998786408
1628943205000,0.31290451021276594
1628943235000,0.31322522418379684
1628943265000,0.31655172697530864
1628943295000,0.3179524202219482
1628943325000,0.31258267846625765
1628943355000,0.3101808459692308
1628943385000,0.3098617446396124
1628943415000,0.31638269463855423
1628943445000,0.31265483040581465
1628943475000,0.3114638724938875
1628943505000,0.3165849693333333
1628943535000,0.3178865034981906
1628943565000,0.30991885712553063
1628943595000,0.32288505030525033
1628943625000,0.31379324501216543
1628943655000,0.31307748911564626
1628943685000,0.31184558507094384
1628943715000,0.3093908920761671
1628943745000,0.3116131182808717
1628943775000,0.31903480842490844
1628943805000,0.3128819241905925
1628943835000,0.3136686444785276
1628943865000,0.31380011015479875
1628943895000,0.3166955407612032
1628943925000,0.3123881379816514
1628943955000,0.3120319053145999
1628943985000,0.3122004788473329
1628944015000,0.31331891256965944
1628944045000,0.3151023358162632
1628944075000,0.3118747099450885
1628944105000,0.3158682485185185
1628944135000,0.315695228319123
1628944165000,0.3131043585203153
1628944195000,0.3175451844785276
1628944225000,0.3123701886951293
1628944255000,0.3166309440097799
1628944285000,0.3148415303384615
1628944315000,0.31363952688106794
1628944345000,0.3111702394768857
1628944375000,0.313143051573103
1628944405000,0.31029823429095355
1628944435000,0.3181028369794904
1628944465000,0.3194179433518862
1628944495000,0.3188996452690167
1628944525000,0.31145003974121993
1628944555000,0.317362868
1628944585000,0.3129723040718563
1628944615000,0.3179779792326431
1628944645000,0.31430435183571875
1628944675000,0.31356904334763946
1628944705000,0.3115997615712546
1628944735000,0.3119818530424093
1628944765000,0.3144370131047152
1628944795000,0.32028398559166155
1628944825000,0.3131599096873084
1628944855000,0.3129624929932391
1628944885000,0.3174554672029703
1628944915000,0.31122391520681264
1628944945000,0.3128228118757613
1628944975000,0.31215168704726826
1628945005000,0.3165470854601227
1628945035000,0.3091830543848965
1628945065000,0.3153279538186157
1628945095000,0.3186330767901235
1628945125000,0.314436941219963
1628945155000,0.31256208860450946
1628945185000,0.31321084877450983
1628945215000,0.31627228500307314
1628945245000,0.3133231548327138
1628945275000,0.31740922187690435
1628945305000,0.3210126064419025
1628945335000,0.3186255244733581
1628945365000,0.3158234542664211
1628945395000,0.3129965008594229
1628945425000,0.3098208116717325
1628945455000,0.3156473824290999
1628945485000,0.3171069621007371
1628945515000,0.3104568293504902
1628945545000,0.310709328580209
1628945575000,0.31228199044978433
1628945605000,0.3104159508034611
1628945635000,0.31809401086419753
1628945665000,0.3146796045787546
1628945695000,0.3152031
1628945725000,0.3113907090252708
1628945755000,0.3206987758917589
1628945785000,0.3168417499691548
1628945815000,0.31995888250605325
1628945845000,0.31572903826934795
1628945875000,0.31683727205973866
1628945905000,0.3175664898586355
1628945935000,0.3154967462962963
1628945965000,0.31953904950738915
1628945995000,0.31214099688834657
1628946025000,0.31325456830900245
1628946055000,0.31181036547978275
1628946085000,0.31805370931639443
1628946115000,0.3165340600370599
1628946145000,0.3123185808933002
1628946175000,0.3086132873846154
1628946205000,0.3164896996336996
1628946235000,0.3167737498442368
1628946265000,0.3190919772949816
1628946295000,0.31255363286670723
1628946325000,0.31296754708007224
1628946355000,0.31741998758409784
1628946385000,0.31377464238861386
1628946415000,0.31179753605651106
1628946445000,0.3169561474390244
1628946475000,0.3157010998159509
1628946505000,0.3105000408562691
1628946535000,0.3155257090686274
1628946565000,0.3165293242874845
1628946595000,0.3134884415129151
1628946625000,0.3172034368615385
1628946655000,0.3194045155351682
1628946685000,0.3134218148379052
1628946715000,0.3201970439201452
1628946745000,0.31983671299261085
1628946775000,0.3116676252887538
1628946805000,0.31704840068578555
1628946835000,0.3177210750617284
1628946865000,0.31916934936014624
1628946895000,0.31414732587878785
1628946925000,0.3156633252012384
1628946955000,0.3178787533704391
1628946985000,0.3159465830177153
1628947015000,0.3109371019441069
1628947045000,0.3136836263028817
1628947075000,0.3154186798176292
1628947105000,0.3113024520048603
1628947135000,0.32076112340951196
1628947165000,0.31372135215517244
1628947195000,0.3160355330645161
1628947225000,0.3174796629516228
1628947255000,0.31366411754601226
1628947285000,0.3145344189676617
1628947315000,0.3139934678746929
1628947345000,0.31151576908420403
1628947375000,0.31678890846528623
1628947405000,0.3156217441337386
1628947435000,0.31090108203703704
1628947465000,0.317449903125
1628947495000,0.3148243867359413
1628947525000,0.3219699588092345
1628947555000,0.3159503682411436
1628947585000,0.3118833202172601
1628947615000,0.3124901488698839
1628947645000,0.3133245062461727
1628947675000,0.3209983407814408
1628947705000,0.3211904601355515
1628947735000,0.3169564181652491
1628947765000,0.3188645536419753
1628947795000,0.31359520364963506
1628947825000,0.3171285170316302
1628947855000,0.3115587479435236
1628947885000,0.31731599257213017
1628947915000,0.31744711954022986
1628947945000,0.3234114573710073
1628947975000,0.3160985743653251
1628948005000,0.3153220097230769
1628948035000,0.3157394588744589
1628948065000,0.3165077158247109
1628948095000,0.3150209836095764
1628948125000,0.31578802205791745
1628948155000,0.3215472722943723
1628948185000,0.315549548458693
1628948215000,0.3141989153370439
1628948245000,0.31427463493026075
1628948275000,0.3169145537990196
1628948305000,0.3128254217925107
1628948335000,0.3139750625930521
1628948365000,0.3114414590376311
1628948395000,0.31318000372632865
1628948425000,0.3162106084490042
1628948455000,0.31436672925045706
1628948485000,0.3122764781097561
1628948515000,0.312216004
1628948545000,0.3124811368677636
1628948575000,0.3193860184454041
1628948605000,0.3165509847314424
1628948635000,0.3174714063647491
1628948665000,0.3135980493902439
1628948695000,0.3170116624923266
1628948725000,0.31190574234567897
1628948755000,0.313159241764343
1628948785000,0.31305009424724606
1628948815000,0.3101264774909964
1628948845000,0.31167920477918937
1628948875000,0.3232021211362248
1628948905000,0.31129348168587023
1628948935000,0.3196069845820433
1628948965000,0.31592271835599506
1628948995000,0.31143248699386505
1628949025000,0.31210692599145823
1628949055000,0.3159657004845548
1628949085000,0.31616531643835616
1628949115000,0.3112580267320662
1628949145000,0.31952507804428043
1628949175000,0.3129093858629131
1628949205000,0.3123180740348692
1628949235000,0.3109990463235294
1628949265000,0.31602679588957056
1628949295000,0.3116523237569061
1628949325000,0.3153291571867322
1628949355000,0.3175654973793925
1628949385000,0.31536267376237626
1628949415000,0.3109650753254805
1628949445000,0.3189066042566317
1628949475000,0.3136208728440367
1628949505000,0.31090756674772035
1628949535000,0.3099379135069655
1628949565000,0.3127170996294009
1628949595000,0.3135315471306471
1628949625000,0.31353511696859904
1628949655000,0.3137229432014833
1628949685000,0.3163466255189255
1628949715000,0.31616588698839343
1628949745000,0.3119382987372219
1628949775000,0.3123840256773399
1628949805000,0.3124893005518087
1628949835000,0.3129528057285181
1628949865000,0.31809617414004915
1628949895000,0.31328235864978904
1628949925000,0.313599840502451
1628949955000,0.316962996
1628949985000,0.3141047388922336
1628950015000,0.3200134344231956
1628950045000,0.3178468942507645
1628950075000,0.3151397694427434
1628950105000,0.31069750871670704
1628950135000,0.3170986683497537
1628950165000,0.31242399221336603
1628950195000,0.31502668213851764
1628950225000,0.31574335224063843
1628950255000,0.31642237737447065
1628950285000,0.31655758100490194
1628950315000,0.31086325901538464
1628950345000,0.3119296625759417
1628950375000,0.31192008692730605
1628950405000,0.3233278688432836
1628950435000,0.31972395426642114
1628950465000,0.31833148163894026
1628950495000,0.3123709555487431
1628950525000,0.3122030793552387
1628950555000,0.3191145622754491
1628950585000,0.314442094002448
1628950615000,0.3133458092129347
1628950645000,0.3111407103553921
1628950675000,0.308784588099575
1628950705000,0.31409917314814817
1628950735000,0.3167159858199753
1628950765000,0.3164930077443147
1628950795000,0.3134489458823529
1628950825000,0.31538712669902913
1628950855000,0.32320565511083743
1628950885000,0.3121334195863747
1628950915000,0.31108273925970875
1628950945000,0.3143206201230769
1628950975000,0.3144677626513317
1628951005000,0.3143295149053146
1628951035000,0.31206789210686103
1628951065000,0.3119285890842935
1628951095000,0.319162057382134
1628951125000,0.316531816
1628951155000,0.31752127645962736
1628951185000,0.3202167367901235
1628951215000,0.31209717901159245
1628951245000,0.3121913194581281
1628951275000,0.31078102937233393
1628951305000,0.3180774204094293
1628951335000,0.3167236602681292
1628951365000,0.31807501749688666
1628951395000,0.3169151932307692
1628951425000,0.315867471018914
1628951455000,0.3153006077681874
1628951485000,0.3199543275904353
1628951515000,0.31194014716183577
1628951545000,0.3123669977452773
1628951575000,0.3120116128474367
1628951605000,0.3125750409285278
1628951635000,0.318056088573156
1628951665000,0.3149330461866992
1628951695000,0.3101470915398661
1628951725000,0.3170811999378496
1628951755000,0.3120910461729932
1628951785000,0.3147503755139057
1628951815000,0.3108016877192982
1628951845000,0.3150131741837969
1628951875000,0.3203488270581114
1628951905000,0.31698517232742823
1628951935000,0.3203355163803681
1628951965000,0.3193036830049261
1628951995000,0.3142833996926859
1628952025000,0.3134743344403444
1628952055000,0.3177226949760766
1628952085000,0.31465401206896554
1628952115000,0.31478814067901234
1628952145000,0.31790621474597275
1628952175000,0.31887447644141353
1628952205000,0.3174866079538555
1628952235000,0.3175137711206897
1628952265000,0.3131283218807621
1628952295000,0.3139850048765432
1628952325000,0.31871898641136504
1628952355000,0.31515004934903906
1628952385000,0.31245089205864385
1628952415000,0.31948967878228784
1628952445000,0.31271134419315405
1628952475000,0.31898802760774514
1628952505000,0.3125751504926109
1628952535000,0.3192299182577565
1628952565000,0.3187887805693069
1628952595000,0.3167707161230769
1628952625000,0.3167632004237288
1628952655000,0.3194274984793187
1628952685000,0.3163833860508369
1628952715000,0.3144025574287447
1628952745000,0.31869924065934063
1628952775000,0.3179228646695491
1628952805000,0.31643608095238096
1628952835000,0.318277693003096
1628952865000,0.31772251955719555
1628952895000,0.3110496677083333
1628952925000,0.31864106032238065
1628952955000,0.31279109975639463
1628952985000,0.31668243278186275
1628953015000,0.3154373171132765
1628953045000,0.31308648177278403
1628953075000,0.3135611148148148
1628953105000,0.31264605122699385
1628953135000,0.320490456127451
1628953165000,0.3126667302453988
1628953195000,0.3113101162790698
1628953225000,0.31107403731072075
1628953255000,0.31240334960725075
1628953285000,0.31288272368257897
1628953315000,0.3124064336
1628953345000,0.3125680080074488
1628953375000,0.3175567595588235
1628953405000,0.3203988040268456
1628953435000,0.3207518839657283
1628953465000,0.3130024890452877
1628953495000,0.3157851975271411
1628953525000,0.31089880968523004
1628953555000,0.3223939888820259
1628953585000,0.3159045394248053
1628953615000,0.31634477121861604
1628953645000,0.3117856832823025
1628953675000,0.3169712716064757
1628953705000,0.3149426882317073
1628953735000,0.3120376133657351
1628953765000,0.31219946831377393
1628953795000,0.3131564361401352
1628953825000,0.3125940888681592
1628953855000,0.3153985904849601
1628953885000,0.31245456749533873
1628953915000,0.31397710999390616
1628953945000,0.3185668750758035
1628953975000,0.3181275742014742
1628954005000,0.3152956670761671
1628954035000,0.31740097854523225
1628954065000,0.3115747212545676
1628954095000,0.3111721055757576
1628954125000,0.31173627906832296
1628954155000,0.31542149618644066
1628954185000,0.3134145558805606
1628954215000,0.31041507196831203
1628954245000,0.31259969021871203
1628954275000,0.31425962144622993
1628954305000,0.3172663280517879
1628954335000,0.3107449428398058
1628954365000,0.3122726410967344
1628954395000,0.31229607595325953
1628954425000,0.3131298910604192
1628954455000,0.3153038166768479
1628954485000,0.3148827235657002
1628954515000,0.3171683712907117
1628954545000,0.31765761316770186
1628954575000,0.3192914784482759
1628954605000,0.3117317714805825
1628954635000,0.31218059682824656
1628954665000,0.3146507876307693
1628954695000,0.3151545547008547
1628954725000,0.31739532144166155
1628954755000,0.3102999745061729
1628954785000,0.3187846423053341
1628954815000,0.31673971858461536
1628954845000,0.3124635408476659
1628954875000,0.3169731282648682
1628954905000,0.31190840987124463
1628954935000,0.31147475637462235
1628954965000,0.3128874108655617
1628954995000,0.31121628681790314
1628955025000,0.31499067144630666
1628955055000,0.3210238126786824
1628955085000,0.3156649433210784
1628955115000,0.3132894333538462
1628955145000,0.3195728064254523
1628955175000,0.3125432508348794
1628955205000,0.3134343266996292
1628955235000,0.3116190420765027
1628955265000,0.31633154829683696
1628955295000,0.3161540528475199
1628955325000,0.31326686947115384
1628955355000,0.3133796680902989
1628955385000,0.3177229877463054
1628955415000,0.3171610829734732
1628955445000,0.3178645221393035
1628955475000,0.31331924196151456
1628955505000,0.31282072640823744
1628955535000,0.3122605186732187
1628955565000,0.3112118889294404
1628955595000,0.3111726299082569
1628955625000,0.3115438430693069
1628955655000,0.3143497099817407
1628955685000,0.31192759149577803
1628955715000,0.3128063197320341
1628955745000,0.316165501405868
1628955775000,0.3103899120972645
1628955805000,0.3107661566003617
1628955835000,0.3183323541511772
1628955865000,0.31512010535384616
1628955895000,0.3117433894736842
1628955925000,0.3119710605487805
1628955955000,0.3162558231094979
1628955985000,0.3161153064356436
1628956015000,0.3194315479975354
1628956045000,0.3106491635862913
1628956075000,0.31460296859250153
1628956105000,0.3157542021766169
1628956135000,0.3126685643995098
1628956165000,0.31240360239117104
1628956195000,0.31175634950433706
1628956225000,0.3121582542787286
1628956255000,0.316862638438072
1628956285000,0.3164757266337854
1628956315000,0.3116776985230769
1628956345000,0.3101487795496044
1628956375000,0.31076391339889364
1628956405000,0.3146585297395518
1628956435000,0.31613939140383424
1628956465000,0.31167188782874616
1628956495000,0.3198178432068544
1628956525000,0.3155990202329859
1628956555000,0.31952411808185704
1628956585000,0.3107045831591887
1628956615000,0.3109817707768188
1628956645000,0.3136960452248922
1628956675000,0.3119134635009311
1628956705000,0.3105876924104432
1628956735000,0.31284007016574583
1628956765000,0.31174347444717443
1628956795000,0.31204218137676704
1628956825000,0.3108579367384615
1628956855000,0.3122732465978129
1628956885000,0.3217141893034826
1628956915000,0.3160499800245851
1628956945000,0.3137846183622829
1628956975000,0.31283752071041543
1628957005000,0.3134467854789506
1628957035000,0.32208617403965306
1628957065000,0.31211321976600986
1628957095000,0.3136507290142592
1628957125000,0.3175808592364532
1628957155000,0.31180022808716706
1628957185000,0.31507817074500305
1628957215000,0.3124479455773956
1628957245000,0.3163563588490099
1628957275000,0.3119867363245237
1628957305000,0.31231818424908425
1628957335000,0.3167991443425077
1628957365000,0.3171894006836544
1628957395000,0.3154106407519709
1628957425000,0.31880359414277004
1628957455000,0.316057865970516
1628957485000,0.31552298272894896
1628957515000,0.31536351287787184
1628957545000,0.3112558987265009
1628957575000,0.3118473642512077
1628957605000,0.3190596313953488
1628957635000,0.309288633003096
1628957665000,0.31159415715162675
1628957695000,0.3165622240911892
1628957725000,0.3180270258845437
1628957755000,0.31183368882101403
1628957785000,0.3249734137003058
1628957815000,0.3157847921327597
1628957845000,0.3101656549876847
1628957875000,0.3128572557125307
1628957905000,0.3123620410304159
1628957935000,0.3133965948296837
1628957965000,0.3105939290361446
1628957995000,0.3144317690621194
1628958025000,0.3139436511138614
1628958055000,0.31584917159438
1628958085000,0.3132651117287721
1628958115000,0.3149358547953573
1628958145000,0.3164201272894899
1628958175000,0.3201914141791045
1628958205000,0.3120727078850856
1628958235000,0.3126099107386716
1628958265000,0.3131771941723497
1628958295000,0.3125389016625616
1628958325000,0.31368224719512194
1628958355000,0.3194912948479205
1628958385000,0.31399085823095824
1628958415000,0.31803745912722803
1628958445000,0.3151302952264382
1628958475000,0.32107293752299204
1628958505000,0.3173154793939394
1628958535000,0.3117622117321867
1628958565000,0.3206990184763047
1628958595000,0.31541088429701764
1628958625000,0.31360433643699565
1628958655000,0.3167378234161491
1628958685000,0.3118060520884521
1628958715000,0.31845774714898833
1628958745000,0.3152941137888957
1628958775000,0.3097769420049201
1628958805000,0.3110994367878788
1628958835000,0.31716621918063315
1628958865000,0.31740454270573565
1628958895000,0.3120420524277812
1628958925000,0.3126970443266833
1628958955000,0.3155236144927536
1628958985000,0.31436702267726163
1628959015000,0.31616369878345496
1628959045000,0.3119544308348568
1628959075000,0.3177310305033353
1628959105000,0.3135536956118665
1628959135000,0.3175153240798503
1628959165000,0.31944981654456656
1628959195000,0.3137769521419829
1628959225000,0.316869765716057
1628959255000,0.3147122042279412
1628959285000,0.312284634935305
1628959315000,0.3164953130272953
1628959345000,0.3115852618302228
1628959375000,0.3121034778857837
1628959405000,0.3133301483870968
1628959435000,0.3097287940119761
1628959465000,0.3122674614583333
1628959495000,0.30978322199754904
1628959525000,0.3118413105421687
1628959555000,0.3124150903126916
1628959585000,0.3117032558949297
1628959615000,0.31191075995116
1628959645000,0.32383484556031844
1628959675000,0.3162880675891759
1628959705000,0.3150369910209102
1628959735000,0.3118147615057681
1628959765000,0.3118891689908257
1628959795000,0.3122369301285977
1628959825000,0.31485569875
1628959855000,0.3138912764093137
1628959885000,0.3180400185342217
1628959915000,0.3206805722568579
1628959945000,0.3107413249077491
1628959975000,0.3140788114391144
1628960005000,0.3124818551995163
1628960035000,0.3190262357579462
1628960065000,0.32268592462552426
1628960095000,0.3165523963212753
1628960125000,0.3135965624467438
1628960155000,0.3125453353808354
1628960185000,0.3121613336597307
1628960215000,0.3145178285626911
1628960245000,0.3161006625151883
1628960275000,0.3163650228059333
1628960305000,0.3146541227467811
1628960335000,0.3169552663069544
1628960365000,0.3126720095556908
1628960395000,0.3211541894318876
1628960425000,0.3151830743068392
1628960455000,0.31242145024183804
1628960485000,0.3106762854410858
1628960515000,0.31786316403940884
1628960545000,0.3153130501538461
1628960575000,0.315133441044323
1628960605000,0.3169922639143731
1628960635000,0.3161589279212792
1628960665000,0.31605482910447763
1628960695000,0.31235624782874616
1628960725000,0.3226785264139217
1628960755000,0.3180276583075973
1628960785000,0.3176848532365396
1628960815000,0.31558589618413085
1628960845000,0.3158100005524862
1628960875000,0.3146805448127686
1628960905000,0.3104862202315661
1628960935000,0.31277298522107816
1628960965000,0.3110559462339253
1628960995000,0.31210930498498496
1628961025000,0.31673825457317073
1628961055000,0.3125006360515021
1628961085000,0.3173155710526316
1628961115000,0.31393831350855744
1628961145000,0.3140219375457876
1628961175000,0.31537080006086426
1628961205000,0.31161246672738313
1628961235000,0.3142009824583076
1628961265000,0.31665237422492404
1628961295000,0.3193819983445739
1628961325000,0.3193767591191067
1628961355000,0.320902772969697
1628961385000,0.3116151688118812
1628961415000,0.3208464407678245
1628961445000,0.3197790083383686
1628961475000,0.31894228526703494
1628961505000,0.3176380307317073
1628961535000,0.3118966450030285
1628961565000,0.3179747978645516
1628961595000,0.3202912835894284
1628961625000,0.31168924887538
1628961655000,0.31536007237977803
1628961685000,0.3134789006199628
1628961715000,0.31491932862430605
1628961745000,0.31435850495049505
1628961775000,0.3109804475379939
1628961805000,0.3162463534195933
1628961835000,0.31147330794621025
1628961865000,0.31186815303030296
1628961895000,0.31078339963833634
1628961925000,0.3163249142857143
1628961955000,0.3121002205205811
1628961985000,0.3168781184842884
1628962015000,0.3130024444101297
1628962045000,0.3192243194444445
1628962075000,0.3159406813072694
1628962105000,0.3180313501236094
1628962135000,0.3119471773853779
1628962165000,0.3129345036374846
1628962195000,0.31378425218730743
1628962225000,0.31712472938331315
1628962255000,0.3158407478260869
1628962285000,0.31185641003649633
1628962315000,0.3146660764017252
1628962345000,0.3113323186732187
1628962375000,0.31268321375305624
1628962405000,0.3163124671931956
1628962435000,0.3115800725075529
1628962465000,0.3187990418504902
1628962495000,0.3126327300613497
1628962525000,0.31115328406759196
1628962555000,0.31749252309597525
1628962585000,0.3097812428571429
1628962615000,0.3146191727384615
1628962645000,0.3161343622801698
1628962675000,0.31484614278606965
1628962705000,0.3191185998788613
1628962735000,0.31838048082869513
1628962765000,0.3114394511015912
1628962795000,0.3144807765470297
1628962825000,0.31751013347534995
1628962855000,0.3173932815337424
1628962885000,0.3181671427607362
1628962915000,0.3117477191528545
1628962945000,0.3147704674390244
1628962975000,0.31203444510532835
1628963005000,0.3122439980958231
1628963035000,0.31319433764561616
1628963065000,0.31180530933087786
1628963095000,0.3169230897608829
1628963125000,0.3175122702970297
1628963155000,0.311398073276388
1628963185000,0.31668698169777243
1628963215000,0.3192566601684717
1628963245000,0.3143566630959752
1628963275000,0.313247903817734
1628963305000,0.3136722772121212
1628963335000,0.3119171832725061
1628963365000,0.3176961870313461
1628963395000,0.3131555339341205
1628963425000,0.3185174466584917
1628963455000,0.3108473963257808
1628963485000,0.3152692235906863
1628963515000,0.3177791388957055
1628963545000,0.31641999043800123
1628963575000,0.31441672850958563
1628963605000,0.3154416784633999
1628963635000,0.3177239386901152
1628963665000,0.3186068713848039
1628963695000,0.3106381770922419
1628963725000,0.3185176687004271
1628963755000,0.3108521884987894
1628963785000,0.31229041703567034
1628963815000,0.25541072667865705
1628963845000,0.2517557952554745
1628963875000,0.3109697119047619
1628963905000,0.3155269030432136
1628963935000,0.31781554978381715
1628963965000,0.3114706575183374
1628963995000,0.3152927364654636
1628964025000,0.3132101385714286
1628964055000,0.3147518998142415
1628964085000,0.3125766898148148
1628964115000,0.318314947515528
1628964145000,0.31611479739454096
1628964175000,0.31032349208282584
1628964205000,0.3085633301615799
1628964235000,0.311170948578492
1628964265000,0.3160246016069221
1628964295000,0.31415870080595165
1628964325000,0.31122655708154506
1628964355000,0.3158924621183801
1628964385000,0.3120217345274861
1628964415000,0.3188556305487805
1628964445000,0.3194272781931464
1628964475000,0.31315672282410223
1628964505000,0.3201522365302382
1628964535000,0.31190205761875384
1628964565000,0.3161168504842615
1628964595000,0.3154316514580802
1628964625000,0.31354792533908754
1628964655000,0.32240988877988963
1628964685000,0.3167484439274925
1628964715000,0.3138730385986478
1628964745000,0.31545575174346197
1628964775000,0.3126250221534653
1628964805000,0.3196934448569689
1628964835000,0.31637065593116165
1628964865000,0.31922057322738384
1628964895000,0.31270090196319017
1628964925000,0.31986290602484474
1628964955000,0.3134133949751861
1628964985000,0.3131430044512195
1628965015000,0.3125802540037244
1628965045000,0.3151973187120292
1628965075000,0.3148620365069739
1628965105000,0.31698793414028553
1628965135000,0.3194007773584905
1628965165000,0.3111465284671533
1628965195000,0.32041261827099937
1628965225000,0.3126813456668716
1628965255000,0.3127764380778589
1628965285000,0.3130576956441718
1628965315000,0.3102621368548877
1628965345000,0.3160656078001219
1628965375000,0.3141832343634116
1628965405000,0.3163239841358025
1628965435000,0.3155011342751843
1628965465000,0.310428008308248
1628965495000,0.3113954016979988
1628965525000,0.3161153705772812
1628965555000,0.3198465345310597
1628965585000,0.3125924632515337
1628965615000,0.31527867137569404
1628965645000,0.31413364350213546
1628965675000,0.3200632563603165
1628965705000,0.31390873027577937
1628965735000,0.3124553356272838
1628965765000,0.31699984256097563
1628965795000,0.3133737465770171
1628965825000,0.31722326615289764
1628965855000,0.3168360722085889
1628965885000,0.3097747719148936
1628965915000,0.3127934206938527
1628965945000,0.2477844258201701
1628965975000,0.3115688354798762
1628966005000,0.3125340122743682
1628966035000,0.31590424229588704
1628966065000,0.31651318099631
1628966095000,0.3150545237330037
1628966125000,0.3136841595705521
1628966155000,0.3200432204379562
1628966185000,0.31243251682013506
1628966215000,0.3164745316533497
1628966245000,0.3136573288627936
1628966275000,0.3125555344553244
1628966305000,0.31383027545899633
1628966335000,0.3117512797705314
1628966365000,0.3107033328850856
1628966395000,0.3132285459735577
1628966425000,0.3114547742874469
1628966455000,0.321530607314075
1628966485000,0.3124253015970516
1628966515000,0.31154082954682777
1628966545000,0.31072014475609755
1628966575000,0.31277051680876977
1628966605000,0.31304324373069803
1628966635000,0.31428058816676885
1628966665000,0.3175674080882353
1628966695000,0.3116426600121359
1628966725000,0.3171198263157895
1628966755000,0.3166057296430732
1628966785000,0.3156388071384991
1628966815000,0.32515901773700306
1628966845000,0.3119556896111786
1628966875000,0.3207974282960199
1628966905000,0.3113984152605459
1628966935000,0.31200718783036263
1628966965000,0.3150954679210364
1628966995000,0.3214393549471064
1628967025000,0.31887015321494183
1628967055000,0.31255708951612904
1628967085000,0.312019595407226
1628967115000,0.3166325098330241
1628967145000,0.30958469300309605
1628967175000,0.3133090596674877
1628967205000,0.3209106915315315
1628967235000,0.31266096902871104
1628967265000,0.3133278971604938
1628967295000,0.3126882548862938
1628967325000,0.3143407897513645
1628967355000,0.3191536134782609
1628967385000,0.3135544785670545
1628967415000,0.3128759512300123
1628967445000,0.3131416474106042
1628967475000,0.3191702539692308
1628967505000,0.31451420480349346
1628967535000,0.31677334996915485
1628967565000,0.31350756070544555
1628967595000,0.3122181574861368
1628967625000,0.31560747288753804
1628967655000,0.3128916269184652
1628967685000,0.3117809098531212
1628967715000,0.3235502320950061
1628967745000,0.3176173192164179
1628967775000,0.31661113522516965
1628967805000,0.3123929655717761
1628967835000,0.31115156703296704
1628967865000,0.3180654618126888
1628967895000,0.3153477124307693
1628967925000,0.3218331431970714
1628967955000,0.3118530825386997
1628967985000,0.31832902157221205
1628968015000,0.3149007230961298
1628968045000,0.31459492819571866
1628968075000,0.3117077352034525
1628968105000,0.3146553528465347
1628968135000,0.3116753019680197
1628968165000,0.3178718136977887
1628968195000,0.31267254685960594
1628968225000,0.3218389124923827
1628968255000,0.3299978596523898
1628968285000,0.3709448469724769
1628968315000,0.3742545525184275
1628968345000,0.37405437613219095
1628968375000,0.3729574303123087
1628968405000,0.3757245099878935
1628968435000,0.3757496673658236
1628968465000,0.31854672782874616
1628968495000,0.3139532071038251
1628968525000,0.3118550724244294
1628968555000,0.3128557332920792
1628968585000,0.3163457618357488
1628968615000,0.31526153732264034
1628968645000,0.31016758871763256
1628968675000,0.31163782195571954
1628968705000,0.3124335598181818
1628968735000,0.3136883184662577
1628968765000,0.31491727
1628968795000,0.3190722299323909
1628968825000,0.31651617398523985
1628968855000,0.3143355774116237
1628968885000,0.3123516471223022
1628968915000,0.3176212530909091
1628968945000,0.31463334226552986
1628968975000,0.3134083210300429
1628969005000,0.3163814458204334
1628969035000,0.31731435455665025
1628969065000,0.3150756927828746
1628969095000,0.3166939549295775
1628969125000,0.30984099294045425
1628969155000,0.3127930153092468
1628969185000,0.3179407137523335
1628969215000,0.3134939465401102
1628969245000,0.3112105261613692
1628969275000,0.3115088019488429
1628969305000,0.31462780761266745
1628969335000,0.31404758472392635
1628969365000,0.31660628003696856
1628969395000,0.3145645977562159
1628969425000,0.3156311512285012
1628969455000,0.3161199062309102
1628969485000,0.3169664611801242
1628969515000,0.3082406779794313
1628969545000,0.3140651619430693
1628969575000,0.3146640112546125
1628969605000,0.3156708332929048
1628969635000,0.31439193400488397
1628969665000,0.3174613435128519
1628969695000,0.30965663665850673
1628969725000,0.3159958851351352
1628969755000,0.3157758921998781
1628969785000,0.31725663756773026
1628969815000,0.31540860822590544
1628969845000,0.31154820761203195
1628969875000,0.3135981826970443
1628969905000,0.3141757462009804
1628969935000,0.3171226391489362
1628969965000,0.3103662324471299
1628969995000,0.3123037154420922
1628970025000,0.31594823244582043
1628970055000,0.3139073936546675
1628970085000,0.3184223472034419
1628970115000,0.31599426552776083
1628970145000,0.3161755785180573
1628970175000,0.3129347220472441
1628970205000,0.31653139220698256
1628970235000,0.31292351094801224
1628970265000,0.3158814948265368
1628970295000,0.31425502155067153
1628970325000,0.3157677245169082
1628970355000,0.3160027640634533
1628970385000,0.32359392431276723
1628970415000,0.3204951327980235
1628970445000,0.31719713294832824
1628970475000,0.313892597195122
1628970505000,0.31769915024420026
1628970535000,0.3205962567219153
1628970565000,0.31506125615671643
1628970595000,0.3123385048840049
1628970625000,0.31873459586374703
1628970655000,0.31413145630461925
1628970685000,0.3150008679141104
1628970715000,0.3144096539888683
1628970745000,0.3206447481570997
1628970775000,0.32059664739103744
1628970805000,0.31477712049278844
1628970835000,0.31246357913669065
1628970865000,0.31581795753176045
1628970895000,0.3166743644130301
1628970925000,0.31742133209951456
1628970955000,0.3122368076401725
1628970985000,0.3117722258801729
1628971015000,0.31243902301488835
1628971045000,0.31227691291925463
1628971075000,0.3145447024178549
1628971105000,0.3080297103510896
1628971135000,0.3130581628588882
1628971165000,0.31157374763658685
1628971195000,0.3158843643166357
1628971225000,0.3126866018948655
1628971255000,0.3096398251518834
1628971285000,0.3136632733292079
1628971315000,0.31413841247683755
1628971345000,0.31430661192660553
1628971375000,0.3174904194651741
1628971405000,0.31191379981617645
1628971435000,0.31723453295950155
1628971465000,0.3122141924984501
1628971495000,0.3197780764051884
1628971525000,0.3126483750152718
1628971555000,0.31215069987951805
1628971585000,0.3160156677595629
1628971615000,0.3127877513447433
1628971645000,0.31926576160337555
1628971675000,0.3168525312267658
1628971705000,0.312512755500618
1628971735000,0.31538616451414514
1628971765000,0.3237500338528678
1628971795000,0.3127505547953573
1628971825000,0.3191420754612546
1628971855000,0.31146225083281925
1628971885000,0.31545735276225945
1628971915000,0.3127294172622653
1628971945000,0.3154487745121951
1628971975000,0.3144233914509332
1628972005000,0.3237343658612144
1628972035000,0.3129555034275406
1628972065000,0.31518648261949106
1628972095000,0.31607384686548995
1628972125000,0.3141697676506765
1628972155000,0.3126910469640644
1628972185000,0.31970771102985984
1628972215000,0.3082368618989653
1628972245000,0.313557563189812
1628972275000,0.3122465096794081
1628972305000,0.3156773100369458
1628972335000,0.3119287884146342
1628972365000,0.312332699626401
1628972395000,0.3159618535823637
1628972425000,0.3151382410900184
1628972455000,0.31446446092592595
1628972485000,0.31150337239679604
1628972515000,0.3115392536760311
1628972545000,0.3130174622881356
1628972575000,0.3113330957395009
1628972605000,0.3123875470695971
1628972635000,0.3117716343083486
1628972665000,0.31133234993917275
1628972695000,0.31472954892703864
1628972725000,0.31949315681536555
1628972755000,0.3163809670979667
1628972785000,0.3103798386937769
1628972815000,0.3115865749381188
1628972845000,0.3168909464677223
1628972875000,0.3111963987124464
1628972905000,0.31120075021459226
1628972935000,0.3128386766193708
1628972965000,0.3131281368421053
1628972995000,0.3128367898773006
1628973025000,0.3123813666259169
1628973055000,0.3155533709380748
1628973085000,0.3118001050694025
1628973115000,0.3160749016304348
1628973145000,0.3177613151702786
1628973175000,0.3114969725728156
1628973205000,0.31477309752628324
1628973235000,0.3122547403595784
1628973265000,0.3215488760371517
1628973295000,0.3163312811227637
1628973325000,0.31418355604192355
1628973355000,0.3186684383251834
1628973385000,0.31862791878078817
1628973415000,0.3183899570991432
1628973445000,0.3178657831398901
1628973475000,0.3198069120972644
1628973505000,0.3174065396063961
1628973535000,0.3169298485033598
1628973565000,0.3140357137909709
1628973595000,0.3148907654534238
1628973625000,0.31668411505507954
1628973655000,0.311068667253949
1628973685000,0.31600101873862946
1628973715000,0.3189780999381953
1628973745000,0.312717554396604
1628973775000,0.3186680440512508
1628973805000,0.3207446026608911
1628973835000,0.3147815549235474
1628973865000,0.3089968240956468
1628973895000,0.3129905155421687
1628973925000,0.3130260973748474
1628973955000,0.3120974697986577
1628973985000,0.3131826230485556
1628974015000,0.3136573263255241
1628974045000,0.31363555905998763
1628974075000,0.3105434701519757
1628974105000,0.3126158131773399
1628974135000,0.3136854828742515
1628974165000,0.31236869683313034
1628974195000,0.3157862151796778
1628974225000,0.32073969513973266
1628974255000,0.3156599140490798
1628974285000,0.3130074397776405
1628974315000,0.3106417272671191
1628974345000,0.3174638041281577
1628974375000,0.3087990423031026
1628974405000,0.3113046620606061
1628974435000,0.3205072240763547
1628974465000,0.3223939942331288
1628974495000,0.31546456894447833
1628974525000,0.3178549042279412
1628974555000,0.3243723531153609
1628974585000,0.3106045409257004
1628974615000,0.3144021660342717
1628974645000,0.31108780399999997
1628974675000,0.31791741661576056
1628974705000,0.31555766424581005
1628974735000,0.3179492070719603
1628974765000,0.31612946119493057
1628974795000,0.31558963909866017
1628974825000,0.3216002316758748
1628974855000,0.3134069127082048
1628974885000,0.317086720624235
1628974915000,0.31332039044703003
1628974945000,0.32457531083384056
1628974975000,0.3107702076827757
1628975005000,0.3177206597658657
1628975035000,0.3123368868923077
1628975065000,0.3179863690184049
1628975095000,0.3134216228998133
1628975125000,0.3117404781043791
1628975155000,0.31460926038200865
1628975185000,0.3145912366120219
1628975215000,0.31783767971727106
1628975245000,0.317851635928878
1628975275000,0.31608229317220543
1628975305000,0.31146086515337423
1628975335000,0.3158708846341464
1628975365000,0.3130526151105651
1628975395000,0.3126614481595092
1628975425000,0.3164259635809988
1628975455000,0.3110965064615385
1628975485000,0.3166082579108125
1628975515000,0.31464415612623764
1628975545000,0.3155936176650367
1628975575000,0.3161274899133663
1628975605000,0.3174601131935882
1628975635000,0.3170466368680641
1628975665000,0.3216322745510836
1628975695000,0.3156822720344192
1628975725000,0.31611931023479833
1628975755000,0.31426916594464505
1628975785000,0.312593050091631
1628975815000,0.3170492087198516
1628975845000,0.3126945874390244
1628975875000,0.3115866066991474
1628975905000,0.3175535113207547
1628975935000,0.3218448291898577
1628975965000,0.3125896131238448
1628975995000,0.3133207281403941
1628976025000,0.3113683836397059
1628976055000,0.3223258908979841
1628976085000,0.3163088054972205
1628976115000,0.3130347091799265
1628976145000,0.30984348111380144
1628976175000,0.3144192413688673
1628976205000,0.3086282385033193
1628976235000,0.3123010545955882
1628976265000,0.31565864086687306
1628976295000,0.3130169493349456
1628976325000,0.3121512364654636
1628976355000,0.31702630067692306
1628976385000,0.3192190591687041
1628976415000,0.3135719025990099
1628976445000,0.3155086642944785
1628976475000,0.31188770605875155
1628976505000,0.31865262600732597
1628976535000,0.3162000025246305
1628976565000,0.3165180184454041
1628976595000,0.3149767716564417
1628976625000,0.3194064336185819
1628976655000,0.3132776241273729
1628976685000,0.3159574959677419
1628976715000,0.31204468399999996
1628976745000,0.3110470219178082
1628976775000,0.3132042241995074
1628976805000,0.3141231584777228
1628976835000,0.3120530152769325
1628976865000,0.3156147770541692
1628976895000,0.32080208901985113
1628976925000,0.32030523725124377
1628976955000,0.3123148781383956
1628976985000,0.3148369972527473
1628977015000,0.31268824325323474
1628977045000,0.31834265186316435
1628977075000,0.3166189517094017
1628977105000,0.3153862130086313
1628977135000,0.3160673678175093
1628977165000,0.3157446651644336
1628977195000,0.3127132039322444
1628977225000,0.31543198772144165
1628977255000,0.3131061200734394
1628977285000,0.3178413074143302
1628977315000,0.312044553125
1628977345000,0.3150656683414044
1628977375000,0.3147352791616039
1628977405000,0.3156967497880073
1628977435000,0.31099329276960785
1628977465000,0.3218772314426634
1628977495000,0.3133294581072936
1628977525000,0.3117826241486068
1628977555000,0.3187313156154317
1628977585000,0.3176084406097561
1628977615000,0.3157134388515577
1628977645000,0.31649957191283296
1628977675000,0.3148501742092457
1628977705000,0.31810756591325595
1628977735000,0.3140308424632353
1628977765000,0.3103601761817066
1628977795000,0.3209351150617284
1628977825000,0.3173888886335404
1628977855000,0.3187980183950617
1628977885000,0.3113748973828363
1628977915000,0.3080315393272171
1628977945000,0.31946810310030394
1628977975000,0.3127745524783148
1628978005000,0.31582178907203906
1628978035000,0.3100599751985339
1628978065000,0.31215562121966395
1628978095000,0.3130161350213545
1628978125000,0.3104284357449418
1628978155000,0.3125178661222021
1628978185000,0.3191871542750929
1628978215000,0.31476589841560026
1628978245000,0.3123885752299203
1628978275000,0.31125663762135924
1628978305000,0.3127541129798903
1628978335000,0.3177475604449938
1628978365000,0.3150023332718327
1628978395000,0.3171526491411043
1628978425000,0.31283857962172057
1628978455000,0.3124550269773145
1628978485000,0.32035547103365386
1628978515000,0.3178308671903323
1628978545000,0.31159254350213544
1628978575000,0.3119246068965517
1628978605000,0.32407817829839697
1628978635000,0.3149607448929664
1628978665000,0.3155492705669481
1628978695000,0.313635106019656
1628978725000,0.3109551127921279
1628978755000,0.3204911513949163
1628978785000,0.3142051474264706
1628978815000,0.31653901419791025
1628978845000,0.3150814482568807
1628978875000,0.31267837865372955
1628978905000,0.31713669888751544
1628978935000,0.3122186279975278
1628978965000,0.31473214133906635
1628978995000,0.3116487413366337
1628979025000,0.3167835236519608
1628979055000,0.3124638269821758
1628979085000,0.3161649501206273
1628979115000,0.3128668257020757
1628979145000,0.3191148299938537
1628979175000,0.31678244563106794
1628979205000,0.3188308936567164
1628979235000,0.3131703174390244
1628979265000,0.3151103872738239
1628979295000,0.3160177488357843
1628979325000,0.3173687888888889
1628979355000,0.31546333490508266
1628979385000,0.3167264138650307
1628979415000,0.31496478784530385
1628979445000,0.3189756854140915
1628979475000,0.31658174830508473
1628979505000,0.31167350295384616
1628979535000,0.3185221799393939
1628979565000,0.3214239772113022
1628979595000,0.3110783361599031
1628979625000,0.3160141622492401
1628979655000,0.31487829000598444
1628979685000,0.3201483145871007
1628979715000,0.3132034463429625
1628979745000,0.31684936091401084
1628979775000,0.3114439796262809
1628979805000,0.3131070516806723
1628979835000,0.3156775394523958
1628979865000,0.31872212401215805
1628979895000,0.3124065506690998
1628979925000,0.3153134041412911
1628979955000,0.3125209605471125
1628979985000,0.3123115127051672
1628980015000,0.3126586556915545
1628980045000,0.3093249406153846
1628980075000,0.3172130567401961
1628980105000,0.3150116367410161
1628980135000,0.3174236246051033
1628980165000,0.3116391266788767
1628980195000,0.2889176050455927
1628980225000,0.25018047118226605
1628980255000,0.3157951426821801
1628980285000,0.3159767482142857
1628980315000,0.309227984491018
1628980345000,0.315509164648318
1628980375000,0.31077402882606026
1628980405000,0.3137847195061728
1628980435000,0.3172704146252285
1628980465000,0.3112857461538461
1628980495000,0.31514142697819314
1628980525000,0.3100950369090909
1628980555000,0.3104251596480583
1628980585000,0.31215286541769044
1628980615000,0.3137641165126309
1628980645000,0.3132826642857143
1628980675000,0.31961238557336624
1628980705000,0.3130037078504673
1628980735000,0.3127301540342298
1628980765000,0.31432720988407564
1628980795000,0.3105407355036855
1628980825000,0.31606022836275105
1628980855000,0.3126778956709957
1628980885000,0.3129288569852941
1628980915000,0.3251448135185185
1628980945000,0.3148188001858736
1628980975000,0.3170230623224212
1628981005000,0.3163295298332304
1628981035000,0.31750539327940264
1628981065000,0.3149650517726161
1628981095000,0.3160574109480122
1628981125000,0.3124585262613982
1628981155000,0.3150448672413793
1628981185000,0.3126788515711645
1628981215000,0.3122520869352869
1628981245000,0.32103804031477
1628981275000,0.31133186969325155
1628981305000,0.3142835434808975
1628981335000,0.3113685994447872
1628981365000,0.3155066257731959
1628981395000,0.3114338566037736
1628981425000,0.3166935798288509
1628981455000,0.3141263111384615
1628981485000,0.31767383240740743
1628981515000,0.31120767676272226
1628981545000,0.3169743527812114
1628981575000,0.31228332853643603
1628981605000,0.3178171812192118
1628981635000,0.3122784003712871
1628981665000,0.31786659476635515
1628981695000,0.3126294768902439
1628981725000,0.31502827396413113
1628981755000,0.31925578121980674
1628981785000,0.3224432475840979
1628981815000,0.3114989596577017
1628981845000,0.3091671312461633
1628981875000,0.31528820574572125
1628981905000,0.3091987475507766
1628981935000,0.3128487944751381
1628981965000,0.31591247023370234
1628981995000,0.31803705922509223
1628982025000,0.3157905201716738
1628982055000,0.3125335837037037
1628982085000,0.3130294596794081
1628982115000,0.3194581788156288
1628982145000,0.31205165725658296
1628982175000,0.3143962879363135
1628982205000,0.31119001096813725
1628982235000,0.31361027428924604
1628982265000,0.31583191061728394
1628982295000,0.3177367961728395
1628982325000,0.3178050845637584
1628982355000,0.3232798675260896
1628982385000,0.3162204790214067
1628982415000,0.3110510513973269
1628982445000,0.31654971063306697
1628982475000,0.3135169403625377
1628982505000,0.316572666441303
1628982535000,0.3167786752004935
1628982565000,0.3172862385758514
1628982595000,0.3157329345777234
1628982625000,0.3126540174340086
1628982655000,0.3213632355679702
1628982685000,0.3234648543263288
1628982715000,0.3111850019041769
1628982745000,0.3138612401092233
1628982775000,0.3126590331495098
1628982805000,0.3160688085285285
1628982835000,0.3170723825386997
1628982865000,0.3205305505597015
1628982895000,0.3146941940923077
1628982925000,0.3157057426189005
1628982955000,0.3122993440293937
1628982985000,0.3129079742909988
1628983015000,0.3171844655900621
1628983045000,0.31257481621787025
1628983075000,0.31328932045594576
1628983105000,0.31485672194222497
1628983135000,0.311784405
1628983165000,0.3149706493887531
1628983195000,0.3111589675076923
1628983225000,0.31195810812807884
1628983255000,0.3166407173204587
1628983285000,0.3206333045454545
1628983315000,0.3128393174574209
1628983345000,0.3118616277027027
1628983375000,0.3156560586228288
1628983405000,0.31677250309981403
1628983435000,0.3168231212476837
1628983465000,0.3174446521686011
1628983495000,0.3224294423029557
1628983525000,0.3167315387767584
1628983555000,0.3167977154601227
1628983585000,0.3109938290920321
1628983615000,0.3170216520573566
1628983645000,0.3172423165018541
1628983675000,0.31441781609814484
1628983705000,0.3197514764563107
1628983735000,0.31530406274509803
1628983765000,0.3177004131868132
1628983795000,0.3148463233964569
1628983825000,0.3114120178223844
1628983855000,0.3192654709932968
1628983885000,0.3153047828087167
1628983915000,0.3110670056
1628983945000,0.3120870837237237
1628983975000,0.3203421735653236
1628984005000,0.3134625323475046
1628984035000,0.31960184256880736
1628984065000,0.3134677170656845
1628984095000,0.31714021796589525
1628984125000,0.3127406033887862
1628984155000,0.31279568956414977
1628984185000,0.3154042832298137
1628984215000,0.3148269021658416
1628984245000,0.3154451476368159
1628984275000,0.3115461978365385
1628984305000,0.3105664219879518
1628984335000,0.3160645864647713
1628984365000,0.3119615531094527
1628984395000,0.3125206133414933
1628984425000,0.3172828050900062
1628984455000,0.3194282336196319
1628984485000,0.31173251829787235
1628984515000,0.3142210911945813
1628984545000,0.3160597298780488
1628984575000,0.3134706870049505
1628984605000,0.310780667117394
1628984635000,0.3160599304321363
1628984665000,0.3083338226161369
1628984695000,0.3144897149354641
1628984725000,0.3146158109289617
1628984755000,0.3168722332518337
1628984785000,0.31333599209876545
1628984815000,0.3152624294769231
1628984845000,0.31732817795468465
1628984875000,0.3137015263317191
1628984905000,0.3178409504570384
1628984935000,0.31451258523076925
1628984965000,0.31139588337423313
1628984995000,0.31970344319600497
1628985025000,0.3110856946263125
1628985055000,0.31228449793939395
1628985085000,0.3196489686131387
1628985115000,0.3109947750455373
1628985145000,0.3112266745752427
1628985175000,0.31620249827160496
1628985205000,0.3171113285801341
1628985235000,0.3141100785185185
1628985265000,0.31084920061728394
1628985295000,0.3113706187123947
1628985325000,0.3115653585189645
1628985355000,0.24945613442724454
1628985385000,0.2862607608801956
1628985415000,0.2495531508084577
1628985445000,0.2858742455719557
1628985475000,0.3124897736419753
1628985505000,0.31280036846573683
1628985535000,0.3127353450704225
1628985565000,0.31187250349819057
1628985595000,0.30983652155541946
1628985625000,0.3130579057936029
1628985655000,0.3131398085234094
1628985685000,0.31137953026960785
1628985715000,0.306618585
1628985745000,0.3118172139732685
1628985775000,0.312644958509994
1628985805000,0.3152919907654921
1628985835000,0.3144805481637568
1628985865000,0.3179869951384615
1628985895000,0.3195095188923077
1628985925000,0.3157126092137592
1628985955000,0.322202231372549
1628985985000,0.3158109499695308
1628986015000,0.31230865179012346
1628986045000,0.3153707372205438
1628986075000,0.3153615040312876
1628986105000,0.3123246659286593
1628986135000,0.3191577854477612
1628986165000,0.3145002115621156
1628986195000,0.3131339829238329
1628986225000,0.3157250169193451
1628986255000,0.3134906363247863
1628986285000,0.3085702830824804
1628986315000,0.31637128099574985
1628986345000,0.3125649659851301
1628986375000,0.314623896079614
1628986405000,0.3129347903975535
1628986435000,0.3154816280851064
1628986465000,0.3150310243392747
1628986495000,0.3119932719951189
1628986525000,0.3157305496350365
1628986555000,0.312513709706411
1628986585000,0.3121313291178285
1628986615000,0.3125874873913044
1628986645000,0.3176044437312537
1628986675000,0.31604361858353514
1628986705000,0.3149568103257529
1628986735000,0.3120365431456548
1628986765000,0.3154092995139733
1628986795000,0.3119810828434313
1628986825000,0.31133815103532275
1628986855000,0.3177634945477076
1628986885000,0.3147526452944748
1628986915000,0.3160784141813756
1628986945000,0.31310700941676795
1628986975000,0.3159638340517241
1628987005000,0.3228628954572986
1628987035000,0.31280598208409505
1628987065000,0.3126976344383057
1628987095000,0.3177236266294227
1628987125000,0.3176591151644336
1628987155000,0.3147050394865525
1628987185000,0.3156082067319461
1628987215000,0.3126642108843537
1628987245000,0.3105043985819975
1628987275000,0.3165631049352252
1628987305000,0.3173620094454601
1628987335000,0.3201527880246914
1628987365000,0.3153586186232329
1628987395000,0.3146280367629362
1628987425000,0.3127571926309379
1628987455000,0.31552988498145856
1628987485000,0.3137580293900185
1628987515000,0.3169577798769231
1628987545000,0.3193629241778319
1628987575000,0.31562679858199755
1628987605000,0.315399518872549
1628987635000,0.31335672504615386
1628987665000,0.32002922811540824
1628987695000,0.31229108376068376
1628987725000,0.316887994017094
1628987755000,0.3198799594114041
1628987785000,0.31897046315144084
1628987815000,0.3141833660692213
1628987845000,0.3112422117287721
1628987875000,0.3188972850092536
1628987905000,0.31953324766645924
1628987935000,0.3120157211042945
1628987965000,0.3204993776009792
1628987995000,0.3153128562881563
1628988025000,0.3111096894576478
1628988055000,0.3164919138480392
1628988085000,0.3120905958953004
1628988115000,0.3170643234081261
1628988145000,0.3180055919374248
1628988175000,0.3170468571162213
1628988205000,0.31843627219512194
1628988235000,0.3127236993920973
1628988265000,0.3137545032635468
1628988295000,0.3170709703817734
1628988325000,0.3129405009852217
1628988355000,0.3137959588344699
1628988385000,0.3173352548446069
1628988415000,0.3149662882098765
1628988445000,0.32223903421701605
1628988475000,0.31618775009208105
1628988505000,0.31367950196319017
1628988535000,0.3137552178927681
1628988565000,0.31348921260657736
1628988595000,0.31224816023284313
1628988625000,0.31773718820987656
1628988655000,0.31810527386294724
1628988685000,0.31683762048929665
1628988715000,0.31611008736842106
1628988745000,0.31940946422073985
1628988775000,0.3185252375077495
1628988805000,0.31289131064615383
1628988835000,0.311591422724496
1628988865000,0.3210972754068716
1628988895000,0.3126756206642066
1628988925000,0.3146310965346535
1628988955000,0.31189617315885576
1628988985000,0.3130507471130221
1628989015000,0.3155791649208283
1628989045000,0.3168729818804483
1628989075000,0.31854257851393186
1628989105000,0.3156774589133089
1628989135000,0.3123549637847642
1628989165000,0.31664612311435525
1628989195000,0.31226255784252943
1628989225000,0.3161224926695174
1628989255000,0.31953344214417745
1628989285000,0.3124044566502463
1628989315000,0.3122385072356215
1628989345000,0.3195754013341419
1628989375000,0.32327245584883024
1628989405000,0.31835203762315273
1628989435000,0.3193155147272727
1628989465000,0.31771962052535124
1628989495000,0.3162107940817572
1628989525000,0.3165676748152709
1628989555000,0.3155051453874539
1628989585000,0.3146374434487021
1628989615000,0.3112760769700672
1628989645000,0.3152558132802938
1628989675000,0.3154000006586826
1628989705000,0.3139160208131068
1628989735000,0.316453382205972
1628989765000,0.31861545903540905
1628989795000,0.3166868872615385
1628989825000,0.31658651908302354
1628989855000,0.3197647164417178
1628989885000,0.31814055193607865
1628989915000,0.3121077660236465
1628989945000,0.3174360091243111
1628989975000,0.3169353094859241
1628990005000,0.3123203884057971
1628990035000,0.31569926949469745
1628990065000,0.3121764085343228
1628990095000,0.31256417777093604
1628990125000,0.3126386834862385
1628990155000,0.31408306108041745
1628990185000,0.3124710655980271
1628990215000,0.3215263821714991
1628990245000,0.3169430897796818
1628990275000,0.3114104514845606
1628990305000,0.3072456254960914
1628990335000,0.3161679285362853
1628990365000,0.31794328146311224
1628990395000,0.3154000103510896
1628990425000,0.312354457619915
1628990455000,0.3110989447384616
1628990485000,0.3145085332524272
1628990515000,0.3169417676056338
1628990545000,0.3193408246153846
1628990575000,0.3131450206111444
1628990605000,0.31190195555555555
1628990635000,0.3112681935960591
1628990665000,0.3102123782287823
1628990695000,0.31555888118214714
1628990725000,0.31847396881522405
1628990755000,0.31779812183141304
1628990785000,0.31425998
1628990815000,0.3154168926739927
1628990845000,0.3152065829957029
1628990875000,0.3127069983790524
1628990905000,0.3109912879247573
1628990935000,0.3120596246172688
1628990965000,0.3165671640247678
1628990995000,0.311370712849162
1628991025000,0.3168186421752266
1628991055000,0.31334274592457423
1628991085000,0.3148164895215021
1628991115000,0.3147738448867116
1628991145000,0.3131023281612706
1628991175000,0.3131370369671133
1628991205000,0.319570417747858
1628991235000,0.31125975565058034
1628991265000,0.3184562176291793
1628991295000,0.3106931168902439
1628991325000,0.3180052163265306
1628991355000,0.318737617407182
1628991385000,0.3139132515318627
1628991415000,0.3131175885802469
1628991445000,0.3209242877750611
1628991475000,0.3146353317848411
1628991505000,0.3122380580923077
1628991535000,0.3128617936391437
1628991565000,0.3142559724691358
1628991595000,0.3180514345341615
1628991625000,0.3162777120145631
1628991655000,0.3152728567682927
1628991685000,0.3159441410571604
1628991715000,0.32035876668726826
1628991745000,0.31688630289587183
1628991775000,0.31728697032967035
1628991805000,0.3134044368615385
1628991835000,0.31696421796923074
1628991865000,0.3134300595835885
1628991895000,0.3167857785714286
1628991925000,0.31413334467692305
1628991955000,0.31760363388379204
1628991985000,0.31180531614678897
1628992015000,0.3149062220994475
1628992045000,0.3164817903341289
1628992075000,0.31196830350338045
1628992105000,0.3128582651376147
1628992135000,0.3108264351234568
1628992165000,0.3137425656400966
1628992195000,0.31545735638957817
1628992225000,0.3112612360939431
1628992255000,0.3141594777431421
1628992285000,0.3168836142324425
1628992315000,0.3150443474514563
1628992345000,0.31353695272504595
1628992375000,0.31704908558504225
1628992405000,0.3126189122536946
1628992435000,0.32396024409203983
1628992465000,0.31759362310536043
1628992495000,0.31790315246609124
1628992525000,0.31434566224299065
1628992555000,0.3178119203058104
1628992585000,0.31313017643118146
1628992615000,0.31503446840840843
1628992645000,0.31287803886838866
1628992675000,0.3166422775672372
1628992705000,0.31272427566909977
1628992735000,0.3114315750154607
1628992765000,0.31515966126290224
1628992795000,0.3125646503426791
1628992825000,0.31534932035130225
1628992855000,0.31331631408450705
1628992885000,0.31453509304187194
1628992915000,0.3161588818459657
1628992945000,0.3121024497261108
1628992975000,0.3126882314893617
1628993005000,0.3130592575574365
1628993035000,0.3140476883548983
1628993065000,0.3142701226993865
1628993095000,0.3111255116475558
1628993125000,0.31358994619565217
1628993155000,0.3111253299088146
1628993185000,0.31146704083129584
1628993215000,0.31464416316432503
1628993245000,0.313766593226601
1628993275000,0.3184239712093309
1628993305000,0.3143600398893669
1628993335000,0.31176534643734644
1628993365000,0.3147294089894606
1628993395000,0.31243232010869565
1628993425000,0.3150796160583942
1628993455000,0.31779262095588234
1628993485000,0.3214772168511685
1628993515000,0.31578996029684603
1628993545000,0.31489408625534515
1628993575000,0.31640318175675675
1628993605000,0.3205346346296296
1628993635000,0.31370537426289924
1628993665000,0.31138645511083746
1628993695000,0.31648677216367016
1628993725000,0.3163968097502973
1628993755000,0.3129083103575832
1628993785000,0.3191269292344786
1628993815000,0.3164483405538461
1628993845000,0.31443476159021405
1628993875000,0.3115918494409938
1628993905000,0.3177323074922601
1628993935000,0.3156528432398754
1628993965000,0.3176184326805386
1628993995000,0.3141435552083333
1628994025000,0.3169108853432282
1628994055000,0.3117976704490291
1628994085000,0.3112604553034948
1628994115000,0.31341335191024866
1628994145000,0.31406668370233704
1628994175000,0.31553611626911315
1628994205000,0.3148209365838885
1628994235000,0.31354326842751845
1628994265000,0.31293546061919497
1628994295000,0.3134720795593635
1628994325000,0.3169848437346437
1628994355000,0.3164329614487416
1628994385000,0.3161687659781288
1628994415000,0.31657378126148195
1628994445000,0.3180485172688304
1628994475000,0.3058478801197605
1628994505000,0.31487131793611794
1628994535000,0.3117336337245213
1628994565000,0.31690075177349103
1628994595000,0.31212050583634177
1628994625000,0.3207457909538461
1628994655000,0.3189608689463956
1628994685000,0.31177763217550275
1628994715000,0.3160971815309842
1628994745000,0.3123606281230769
1628994775000,0.3218949375912409
1628994805000,0.3142728868085106
1628994835000,0.3120321871402327
1628994865000,0.3178942431265207
1628994895000,0.3168294389257695
1628994925000,0.315054708
1628994955000,0.3123134276725717
1628994985000,0.3103108434782609
1628995015000,0.3112210724452555
1628995045000,0.31754335223515
1628995075000,0.3176450416411513
1628995105000,0.3158283827838828
1628995135000,0.3102160064792176
1628995165000,0.31519353296568625
1628995195000,0.3117427999378496
1628995225000,0.31337880527283873
1628995255000,0.3155868617153512
1628995285000,0.3179658238878733
1628995315000,0.31665490084848485
1628995345000,0.31642283529411763
1628995375000,0.3135079401319736
1628995405000,0.3115062301863354
1628995435000,0.3167443544280443
1628995465000,0.3189447221331689
1628995495000,0.3099505400851581
1628995525000,0.31999106013639184
1628995555000,0.31642605332114565
1628995585000,0.31797375816389395
1628995615000,0.3117434756623537
1628995645000,0.3181825715432099
1628995675000,0.311295708776267
1628995705000,0.3094603207021792
1628995735000,0.3146976918181818
1628995765000,0.3161203399751707
1628995795000,0.3151259121621622
1628995825000,0.31436770963190186
1628995855000,0.31308121812039313
1628995885000,0.311275247254781
1628995915000,0.3133193065085158
1628995945000,0.3138609616891065
1628995975000,0.31379812157221204
1628996005000,0.3124445738317757
1628996035000,0.31669511257668714
1628996065000,0.31130795400246297
1628996095000,0.3112948562801932
1628996125000,0.3094073444787168
1628996155000,0.3176264341599504
1628996185000,0.3079039039879154
1628996215000,0.314568763202934
1628996245000,0.31632798837492393
1628996275000,0.3145525893203884
1628996305000,0.32151035728977617
1628996335000,0.31772888938480104
1628996365000,0.31249328423645323
1628996395000,0.3181289243857494
1628996425000,0.3161499645631068
1628996455000,0.30975699582052857
1628996485000,0.31250412733415234
1628996515000,0.3138904896636085
1628996545000,0.3161261596107056
1628996575000,0.32011492490660026
1628996605000,0.3164496096107056
1628996635000,0.3161192417230769
1628996665000,0.3162134699568168
1628996695000,0.3160539437575758
1628996725000,0.3113895212831585
1628996755000,0.3150001804576376
1628996785000,0.3229841817005545
1628996815000,0.316340869235474
1628996845000,0.3121413045510455
1628996875000,0.31242987299270075
1628996905000,0.3126154122774709
1628996935000,0.3196598082360172
1628996965000,0.3137521481051345
1628996995000,0.3191880228059332
1628997025000,0.31649612755417955
1628997055000,0.31768015228519203
1628997085000,0.31600991443425075
1628997115000,0.3239166671577655
1628997145000,0.31478563884449906
1628997175000,0.31637488431610944
1628997205000,0.3124797914776211
1628997235000,0.3136341586037967
1628997265000,0.30991621483076925
1628997295000,0.3176116497824736
1628997325000,0.3119208934795856
1628997355000,0.3156023185705559
1628997385000,0.30714487648136835
1628997415000,0.31226520273291924
1628997445000,0.31294758676196394
1628997475000,0.3148886338359469
1628997505000,0.31235501617466177
1628997535000,0.3166180431023912
1628997565000,0.3156302700854701
1628997595000,0.3127178405455673
1628997625000,0.3160087993218249
1628997655000,0.3163787191423244
1628997685000,0.31453989716923075
1628997715000,0.3185573701701094
1628997745000,0.31270090043290044
1628997775000,0.31742467593386403
1628997805000,0.3094784359146341
1628997835000,0.3177924145589143
1628997865000,0.3159563747536946
1628997895000,0.3120551500306185
1628997925000,0.3163302652998776
1628997955000,0.3109284118364857
1628997985000,0.31234771659548505
1628998015000,0.31576968753026635
1628998045000,0.3135501671732523
1628998075000,0.31513217507654623
1628998105000,0.3160631792997543
1628998135000,0.3140886350791717
1628998165000,0.3194437067943175
1628998195000,0.3161815249845393
1628998225000,0.3135877884543762
1628998255000,0.3119060844578313
1628998285000,0.31112616307409674
1628998315000,0.3086140806104129
1628998345000,0.3125345714901478
1628998375000,0.31388988229166664
1628998405000,0.3108596342298289
1628998435000,0.3146428219070609
1628998465000,0.31529889812348666
1628998495000,0.3130802985347985
1628998525000,0.3159009554194734
1628998555000,0.3141296169031462
1628998585000,0.31309329473039216
1628998615000,0.31191366780905755
1628998645000,0.3177073225230769
1628998675000,0.31309242239170226
1628998705000,0.30964231949257426
1628998735000,0.3132708991525424
1628998765000,0.31227988163390663
1628998795000,0.3121037403703704
1628998825000,0.3174616832718327
1628998855000,0.31110802148508826
1628998885000,0.3191567782396088
1628998915000,0.3153355690832834
1628998945000,0.3175371643425077
1628998975000,0.3123549058139535
1628999005000,0.3163955575887393
1628999035000,0.3158449800367422
1628999065000,0.3133801639434889
1628999095000,0.3145882816
1628999125000,0.3164454712261245
1628999155000,0.3164983044280443
1628999185000,0.31380131816535906
1628999215000,0.3165550471314004
1628999245000,0.3159604331899201
1628999275000,0.3198712495145631
1628999305000,0.3127595287384615
1628999335000,0.31204422231051343
1628999365000,0.3123169895440729
1628999395000,0.3186137062962963
1628999425000,0.3152388346153846
1628999455000,0.31006328274818395
1628999485000,0.3179403684079602
1628999515000,0.3143009570555895
1628999545000,0.3109828916207951
1628999575000,0.319408011509901
1628999605000,0.3222008781840341
1628999635000,0.3161810414067278
1628999665000,0.31253416429006703
1628999695000,0.31924862402912624
1628999725000,0.31698262218844986
1628999755000,0.3098245341748768
1628999785000,0.3109273217815741
1628999815000,0.3131829638598648
1628999845000,0.3107949625842009
1628999875000,0.3153603805266381
1628999905000,0.3116365027422304
1628999935000,0.3122133548505186
1628999965000,0.31353294496644296
1628999995000,0.3121905099815157
1629000025000,0.3261743556969697
1629000055000,0.3181024032716049
1629000085000,0.3157187751861042
1629000115000,0.31014193870967743
1629000145000,0.3248914720887246
1629000175000,0.3180915395476773
1629000205000,0.3120664388888889
1629000235000,0.3229408075903614
1629000265000,0.31058337795992713
1629000295000,0.314743164028777
1629000325000,0.3143347091130012
1629000355000,0.3121138077490775
1629000385000,0.3189089813003096
1629000415000,0.31223174897451833
1629000445000,0.3166432253382534
1629000475000,0.3137778389610389
1629000505000,0.31350599152029074
1629000535000,0.31681030183262066
1629000565000,0.3153853715158924
1629000595000,0.3130171169099757
1629000625000,0.31276064928615765
1629000655000,0.3156779644336176
1629000685000,0.3178541698249849
1629000715000,0.3136775235680191
1629000745000,0.31777396775990097
1629000775000,0.31398065810729353
1629000805000,0.3128803332714904
1629000835000,0.31314760939597314
1629000865000,0.3142773343065693
1629000895000,0.3196035800489596
1629000925000,0.31738677590062114
1629000955000,0.3193419132515337
1629000985000,0.31573723807480075
1629001015000,0.31143964870848706
1629001045000,0.3107337510365853
1629001075000,0.3127366573950091
1629001105000,0.3143105990814452
1629001135000,0.31949485599262445
1629001165000,0.31179211965811965
1629001195000,0.3133970260358689
1629001225000,0.31227194023199023
1629001255000,0.3146774500308833
1629001285000,0.317439001047443
1629001315000,0.3118609403030303
1629001345000,0.31600984129505194
1629001375000,0.3131616952731737
1629001405000,0.32125233590852903
1629001435000,0.3184252714906832
1629001465000,0.3144039549270073
1629001495000,0.3157654168316832
1629001525000,0.31391956163366336
1629001555000,0.311193702051901
1629001585000,0.3222716136695018
1629001615000,0.3196743299013564
1629001645000,0.3164505020846107
1629001675000,0.3205171916354557
1629001705000,0.31641797563482466
1629001735000,0.3181971683765842
1629001765000,0.31418863627390503
1629001795000,0.3109928204255319
1629001825000,0.3174308035824583
1629001855000,0.31587352434250765
1629001885000,0.3128009898058253
1629001915000,0.3176700393939394
1629001945000,0.3160580564663024
1629001975000,0.31294155507334964
1629002005000,0.3132149227441285
1629002035000,0.32228115505824645
1629002065000,0.31683859460784314
1629002095000,0.3147651369402985
1629002125000,0.3174840927473878
1629002155000,0.3129330054836722
1629002185000,0.3130655072595281
1629002215000,0.3120971707627119
1629002245000,0.32047231873074555
1629002275000,0.3112376803030303
1629002305000,0.3224237237423313
1629002335000,0.3116221636531365
1629002365000,0.3120847939563863
1629002395000,0.3124143237226277
1629002425000,0.31481964064436185
1629002455000,0.3159646817407182
1629002485000,0.32006619969843186
1629002515000,0.3131905171817058
1629002545000,0.31294112076875386
1629002575000,0.31697630195718657
1629002605000,0.30955926772036474
1629002635000,0.3194576414004914
1629002665000,0.3121516721954162
1629002695000,0.31523935143570536
1629002725000,0.3184809712877388
1629002755000,0.3121156238065716
1629002785000,0.3124474775585697
1629002815000,0.31702583047735616
1629002845000,0.31417084731315625
1629002875000,0.32007062116082224
1629002905000,0.31833110943049603
1629002935000,0.31644798917431194
1629002965000,0.3153013801332526
1629002995000,0.31538117126081583
1629003025000,0.3120791241995074
1629003055000,0.31481918233151185
1629003085000,0.3132832851600985
1629003115000,0.3185769463917526
1629003145000,0.3171148061236987
1629003175000,0.310808675381796
1629003205000,0.31639066242236025
1629003235000,0.3137040839651958
1629003265000,0.3137545280986763
1629003295000,0.3144314882460414
1629003325000,0.31259261843711844
1629003355000,0.3160201044280443
1629003385000,0.3190944839879154
1629003415000,0.31359743760000003
1629003445000,0.32734675110429445
1629003475000,0.32583711905648666
1629003505000,0.3138338064456722
1629003535000,0.3172782618960245
1629003565000,0.3117746529981829
1629003595000,0.3177998607878788
1629003625000,0.3144334351907935
1629003655000,0.3234894049662784
1629003685000,0.3193081553308824
1629003715000,0.3152732843220339
1629003745000,0.31577823166869673
1629003775000,0.3155405893134328
1629003805000,0.3130975179851669
1629003835000,0.3125728948350964
1629003865000,0.31773972196319017
1629003895000,0.31109276236955186
1629003925000,0.25149084541033434
1629003955000,0.3116926798791541
1629003985000,0.31299180599388376
1629004015000,0.3092081569781553
1629004045000,0.3179324012345679
1629004075000,0.3176472137764351
1629004105000,0.31173508026960783
1629004135000,0.3225594912074303
1629004165000,0.3157894678637771
1629004195000,0.3131041185990338
1629004225000,0.3167044994441013
1629004255000,0.3188803076173065
1629004285000,0.316523883006135
1629004315000,0.3164822827190332
1629004345000,0.3133622812269939
1629004375000,0.3176869770392749
1629004405000,0.31672678360148515
1629004435000,0.3177877751080914
1629004465000,0.3155074241421569
1629004495000,0.3169571468007313
1629004525000,0.31579770569659443
1629004555000,0.3131085122276029
1629004585000,0.3115418805402087
1629004615000,0.31689217077205883
1629004645000,0.31881470829748004
1629004675000,0.31168452856269113
1629004705000,0.31122979280926266
1629004735000,0.3172778777300613
1629004765000,0.3169521301101591
1629004795000,0.3137713508934073
1629004825000,0.3133411800492611
1629004855000,0.31416423438831403
1629004885000,0.3116807606041924
1629004915000,0.32037124423312885
1629004945000,0.3188738565829761
1629004975000,0.31723054591651545
1629005005000,0.3117260148034398
1629005035000,0.3174123681846154
1629005065000,0.3189428386996904
1629005095000,0.3191797063698207
1629005125000,0.3129694321939093
1629005155000,0.3181437557307459
1629005185000,0.32123038843537416
1629005215000,0.3146880877160494
1629005245000,0.3117591019500305
1629005275000,0.316820305215282
1629005305000,0.3120446108695652
1629005335000,0.31623101344086024
1629005365000,0.3179998957328386
1629005395000,0.31488183719660195
1629005425000,0.3173126986536108
1629005455000,0.32010068785670914
1629005485000,0.3149642697303921
1629005515000,0.31237428461538463
1629005545000,0.31214472738386306
1629005575000,0.3138600711421628
1629005605000,0.3167982209102091
1629005635000,0.3178353464307883
1629005665000,0.3168346822070676
1629005695000,0.31419054332107843
1629005725000,0.3237159068167985
1629005755000,0.31235365185643565
1629005785000,0.3181109984634296
1629005815000,0.3169996616272009
1629005845000,0.3180848461538461
1629005875000,0.3212568922101449
1629005905000,0.3113557850791717
1629005935000,0.3151022915552855
1629005965000,0.3113911050702505
1629005995000,0.3200363207872079
1629006025000,0.3135375966401955
1629006055000,0.31045080006090137
1629006085000,0.31244432496917385
1629006115000,0.3110896367655966
1629006145000,0.31778117239679604
1629006175000,0.3127276841022444
1629006205000,0.3156169942717855
1629006235000,0.3132091491293532
1629006265000,0.31011135683497537
1629006295000,0.31434190346106305
1629006325000,0.3141025397058824
1629006355000,0.312820868948351
1629006385000,0.30936259759248386
1629006415000,0.3148971458179582
1629006445000,0.311009413980464
1629006475000,0.31051472408980585
1629006505000,0.3119875687843616
1629006535000,0.31139492954545456
1629006565000,0.3125018993218249
1629006595000,0.3119985391859052
1629006625000,0.2470736432481752
1629006655000,0.3116523236972705
1629006685000,0.31715696451016634
1629006715000,0.3120659508216677
1629006745000,0.31120761860321383
1629006775000,0.31236944576587794
1629006805000,0.3116817244036697
1629006835000,0.3123336011076923
1629006865000,0.3158985344532681
1629006895000,0.3185183764813684
1629006925000,0.3122355196078431
1629006955000,0.3169158839253462
1629006985000,0.31138561760736194
1629007015000,0.31221671225728154
1629007045000,0.31385937179802953
1629007075000,0.316440348977136
1629007105000,0.3155505244848485
1629007135000,0.3152973449816401
1629007165000,0.3157242501549907
1629007195000,0.3206160635972989
1629007225000,0.3106944597839136
1629007255000,0.31284347786633965
1629007285000,0.31267127091361097
1629007315000,0.31672343325092706
1629007345000,0.3198638758221681
1629007375000,0.3126289039852851
1629007405000,0.3114928669315403
1629007435000,0.3159089701775873
1629007465000,0.31691442729498165
1629007495000,0.3167333286751361
1629007525000,0.3148272304
1629007555000,0.3133401532970357
1629007585000,0.31570328906832296
1629007615000,0.3212153048795553
1629007645000,0.3075344042579076
1629007675000,0.32212168894348897
1629007705000,0.31483151316595226
1629007735000,0.30956538884826323
1629007765000,0.3176712113496932
1629007795000,0.3181632578105781
1629007825000,0.3096142632344034
1629007855000,0.3157206910812462
1629007885000,0.3121814931117825
1629007915000,0.3148740100737101
1629007945000,0.3202727696264544
1629007975000,0.3107896946666667
1629008005000,0.3190193544163064
1629008635000,0.3130793483302975
1629008665000,0.3171809603355303
1629008695000,0.3164718688929001
1629008725000,0.3111192768753875
1629008755000,0.3129192145420792
1629008785000,0.31312216343101346
1629008815000,0.31729864193548385
1629008845000,0.3108019092808851
1629008875000,0.3208517869402985
1629008905000,0.31207640285540705
1629008935000,0.3111727323600973
1629008965000,0.3103446824129652
1629008995000,0.31327340312312313
1629009025000,0.31481794886091125
1629009055000,0.3187110601476015
1629009085000,0.3111224014888337
1629009115000,0.31597562170160304
1629009145000,0.3126213348175634
1629009175000,0.31503583217338216
1629009325000,0.30924805169902914
1629009355000,0.3165193059393939
1629009385000,0.3156585740694789
1629009415000,0.3144347849172287
1629009445000,0.3158413072133169
1629009505000,0.31147684140243903
1629009535000,0.3118391332923833
1629009595000,0.31232589273504274
1629009565000,0.311757687053021
1629009625000,0.3127730697961705
1629009655000,0.31154908225508315
1629009475000,0.3089337792874396
1629009685000,0.3130045824290999
1629009715000,0.3117305884710234
1629009745000,0.3116262141383495
1629009775000,0.3111902539692308
1629009835000,0.31218670422276623
1629009805000,0.3121079974074074
1629009865000,0.3107762286148238
1629009925000,0.3116120774056029
1629009895000,0.31051212553321145
1629009985000,0.3124996186292835
1629009955000,0.3167335077784692
1629010015000,0.3128803962264151
1629010075000,0.31131268224242425
1629010045000,0.3127292342909536
1629009955000,0.3167335077784692
1629009985000,0.3124996186292835
1629010105000,0.3135023163003663
1629009895000,0.31051212553321145
1629010015000,0.3128803962264151
1629010075000,0.31131268224242425
1629010045000,0.3127292342909536
1629010135000,0.31281900391304346
1629010105000,0.3135023163003663
1629010165000,0.3127720725636251
1629009985000,0.3124996186292835
1629009955000,0.3167335077784692
1629010195000,0.31290755467404674
1629010075000,0.31131268224242425
1629009895000,0.31051212553321145
1629010045000,0.3127292342909536
1629010015000,0.3128803962264151
1629010135000,0.31281900391304346
1629010165000,0.3127720725636251
1629010225000,0.3120198718091698
1629010105000,0.3135023163003663
1629010195000,0.31290755467404674
1629009985000,0.3124996186292835
1629010135000,0.31281900391304346
1629009955000,0.3167335077784692
1629009895000,0.31051212553321145
1629010075000,0.31131268224242425
1629010225000,0.3120198718091698
1629010015000,0.3128803962264151
1629010045000,0.3127292342909536
1629010165000,0.3127720725636251
1629010195000,0.31290755467404674
1629010105000,0.3135023163003663
1629010135000,0.31281900391304346
1629010225000,0.3120198718091698
1629009985000,0.3124996186292835
1629009895000,0.31051212553321145
1629010165000,0.3127720725636251
1629010255000,0.31108586973440394
1629009955000,0.3167335077784692
1629010075000,0.31131268224242425
1629010315000,0.31340589377722466
1629010285000,0.3111238610500611
1629010195000,0.31290755467404674
1629010045000,0.3127292342909536
1629010345000,0.3113026763546798
1629010015000,0.3128803962264151
1629010105000,0.3135023163003663
1629010315000,0.31340589377722466
1629010285000,0.3111238610500611
1629010255000,0.31108586973440394
1629010345000,0.3113026763546798
1629009895000,0.31051212553321145
1629010375000,0.3141278192401961
1629010405000,0.3113533350369458
1629010435000,0.3114732034229829
1629010465000,0.3108949922509225
1629010495000,0.31125656569839305
1629010195000,0.31290755467404674
1629010525000,0.3117455427866831
1629010255000,0.31108586973440394
1629010555000,0.3170489151515152
1629010585000,0.3120588194930597
1629010075000,0.31131268224242425
1629010645000,0.31324558801475105
1629010015000,0.3128803962264151
1629010615000,0.3182237808955224
1629009955000,0.3167335077784692
1629010555000,0.3170489151515152
1629010105000,0.3135023163003663
1629010585000,0.3120588194930597
1629010045000,0.3127292342909536
1629010615000,0.3182237808955224
1629010255000,0.31108586973440394
1629010555000,0.3170489151515152
1629010585000,0.3120588194930597
1629010675000,0.3127703503067485
1629010015000,0.3128803962264151
1629009955000,0.3167335077784692
1629010045000,0.3127292342909536
1629010105000,0.3135023163003663
1629010705000,0.3111671036240786
1629010735000,0.3103994114388922
1629010765000,0.3172764571946796
1629010795000,0.3156051188794153
1629010825000,0.31602307850182704
1629010855000,0.3184400505824648
1629010885000,0.31707717433682914
1629010915000,0.3098033638118215
1629010945000,0.31318009339913633
1629010975000,0.31474238526894865
1629011005000,0.3105607526934985
1629011035000,0.31282756232415904
1629011065000,0.31167574969770256
1629011095000,0.31111694171817056
1629011125000,0.3176682940207444
1629011155000,0.3158128273056058
1629011185000,0.31822307843980346
1629011215000,0.3186848207697007
1629011245000,0.31242911689969605
1629011275000,0.3147967621838371
1629011305000,0.3205878808236017
1629011335000,0.3119206390936556
1629011365000,0.3107436275609756
1629011395000,0.3153868951432129
1629011425000,0.3154229139109213
1629011455000,0.3213896872249389
1629011485000,0.3198316658536585
1629011515000,0.31329535205143905
1629011545000,0.3169358521230769
1629011575000,0.3175313886138614
1629011605000,0.31726474114040465
1629011635000,0.31203800277777777
1629011665000,0.3110112556026651
1629011695000,0.3211739986754967
1629011725000,0.3126774935819071
1629011755000,0.3157195856253889
1629011785000,0.3135698114885732
1629011815000,0.3110912109279609
1629011845000,0.3206743168292683
1629011875000,0.31313324981774
1629011905000,0.31556675318761385
1629011935000,0.31774323593846154
1629011965000,0.3206633565773447
1629011995000,0.3132042936448598
1629012025000,0.3110937233415233
1629012055000,0.31192825003058106
1629012085000,0.3178390625609756
1629012115000,0.3119741557564798
1629012145000,0.3099487904389657
1629012175000,0.31388127326852977
1629012205000,0.31470901010539365
1629012235000,0.3126173232774674
1629012265000,0.32056096244621995
1629012295000,0.3174164286327407
1629012325000,0.3169573505875077
1629012355000,0.3156795485696896
1629012385000,0.3126319221341464
1629012415000,0.31235929589712186
1629012445000,0.31340792244283994
1629012475000,0.3153669466101695
1629012505000,0.3182361448725917
1629012535000,0.31178418812927283
1629012565000,0.3120183191620456
1629012595000,0.3175774247683755
1629012625000,0.31552452736588305
1629012655000,0.3180336851194121
1629012685000,0.31823799155279503
1629012715000,0.312857425122549
1629012745000,0.31122333682616604
1629012775000,0.3167187335985312
1629012805000,0.3147772407519709
1629012835000,0.3170592907486305
1629012865000,0.31668402648125754
1629012895000,0.3137027826328801
1629012925000,0.3127392705953828
1629012955000,0.31642443679706606
1629012985000,0.3170261369700748
1629013015000,0.3144271734507898
1629013045000,0.31196160251379523
1629013075000,0.3148111521230769
1629013105000,0.3127577819622181
1629013135000,0.3173633571602681
1629013165000,0.3122156827983041
1629013195000,0.31861668199632576
1629013225000,0.3184666004329004
1629013255000,0.3170421562111801
1629013285000,0.31663274068322983
1629013315000,0.3166534279438682
1629013345000,0.3157162726380368
1629013375000,0.3141825271227856
1629013405000,0.31335231889570553
1629013435000,0.3159150631675875
1629013465000,0.3163690845686513
1629013495000,0.32071619274738783
1629013525000,0.3164095909760589
1629013555000,0.3191462199142157
1629013585000,0.317773651653638
1629013615000,0.3114769856444716
1629013645000,0.3219286922746781
1629013675000,0.3158024646229307
1629013705000,0.31736729298352656
1629013735000,0.3138170427057357
1629013765000,0.315297832396088
1629013795000,0.3159383434808975
1629013825000,0.3126637318938927
1629013855000,0.3121605853300733
1629013885000,0.3166446005511329
1629013915000,0.31140778441874617
1629013945000,0.3126424078833023
1629013975000,0.3173022524307692
1629014005000,0.31253125012330457
1629014035000,0.3160504010353228
1629014065000,0.31439846069682154
1629014095000,0.3144243761083744
1629014125000,0.3223527216431637
1629014155000,0.31692851727716725
1629014185000,0.3174079282051282
1629014215000,0.3106408224953903
1629014245000,0.3140075971761817
1629014275000,0.3112020440833844
1629014305000,0.3147233020257827
1629014335000,0.3125957795496044
1629014365000,0.3177675093672457
1629014395000,0.3124010772923077
1629014425000,0.3163556513922518
1629014455000,0.3128380812386157
1629014485000,0.3224744073775573
1629014515000,0.3153705604141291
1629014545000,0.31262192658536586
1629014575000,0.3157461705009276
1629014605000,0.3182238907739938
1629014635000,0.3209214592546584
1629014665000,0.3157616954854669
1629014695000,0.31735934730722154
1629014725000,0.3116131988314883
1629014755000,0.31976487078995713
1629014785000,0.3111645202792957
1629014815000,0.3102455536391437
1629014845000,0.3162621103150093
1629014875000,0.3138387959359606
1629014905000,0.3141127841818182
1629014935000,0.3158095575570635
1629014965000,0.3118767679926561
1629015265000,0.3157200046483181
1629015295000,0.31376708132343845
1629015325000,0.3144307923029933
1629015355000,0.311241152326284
1629015475000,0.3151045545902649
1629015505000,0.31543433480973176
1629015535000,0.3145398314626865
1629015565000,0.3148044653429603
1629015595000,0.31410233243080626
1629015625000,0.31247178090234856
1629015655000,0.3178043927205429
1629015685000,0.31291211916461914
1629015715000,0.320195574205379
1629015745000,0.3172399211692308
1629015775000,0.32024270881812616
1629015805000,0.31138229735221673
1629015835000,0.3109831567265964
1629015865000,0.3155784963076923
1629015895000,0.3142075276621787
1629015925000,0.3225136658730159
1629015955000,0.3133861674087817
1629015985000,0.3154124451294698
1629016015000,0.3124516943799633
1629016045000,0.3162407774371551
1629016075000,0.31303598112745096
1629016105000,0.3134153231610942
1629016135000,0.31738499261704683
1629016165000,0.3170611601983881
1629016195000,0.3096780694852941
1629016225000,0.32162727669902913
1629016255000,0.3200625571690055
1629016285000,0.3162331274846626
1629016315000,0.3158926082410824
1629016345000,0.3128715079207921
1629016375000,0.31649431476510065
1629016405000,0.3166642175965665
1629016435000,0.3217475714984709
1629016465000,0.3140358710653753
1629016495000,0.3117122518586228
1629016525000,0.31682914091732045
1629016555000,0.3142703679081316
1629016585000,0.3165736788637752
1629016615000,0.3133534802197802
1629016645000,0.3125609893244873
1629016675000,0.31677287990074443
1629016705000,0.3154728516737675
1629016735000,0.31237174326982176
1629016765000,0.3130940280196199
1629016795000,0.3192007459227468
1629016825000,0.3122332702952029
1629016855000,0.3122335509803922
1629016885000,0.31637653859649123
1629016915000,0.3148471096213532
1629016945000,0.3168823409776705
1629016975000,0.31181123017135864
1629017005000,0.3137578934701493
1629017035000,0.3134105222564735
1629017065000,0.31778426448655256
1629017095000,0.3156536318875993
1629017125000,0.3149399527117611
1629017155000,0.3148424366707617
1629017185000,0.3157867808550186
1629017215000,0.3167032564039409
1629017245000,0.32185573864615385
1629017275000,0.3182875810610734
1629017305000,0.3153273032806804
1629017335000,0.3184947
1629017365000,0.3177880184782609
1629017395000,0.31363618869084203
1629017425000,0.31564038680981593
1629017455000,0.31122288957952465
1629017485000,0.3110069077208153
1629017515000,0.31387246140135217
1629017545000,0.31541383971934106
1629017575000,0.316961857654921
1629017605000,0.3131950466101695
1629017635000,0.3120646236565781
1629017665000,0.3112906653275649
1629017695000,0.3200727454037267
1629017725000,0.3126417965753425
1629017755000,0.3158341220994475
1629017785000,0.31745644990791905
1629017815000,0.3164956667696109
1629017845000,0.3174549926993865
1629017875000,0.3121479566481138
1629017905000,0.3123083733128834
1629017935000,0.3123063013488657
1629017965000,0.3175853293900185
1629017995000,0.31384059312693496
1629018025000,0.3164727808690405
1629018055000,0.3116816506781751
1629018085000,0.3127038735131821
1629018115000,0.3177862777980535
1629018145000,0.3139398134064595
1629018175000,0.3168724802843016
1629018205000,0.31669036055555555
1629018235000,0.3130350542997543
1629018265000,0.3163961724287485
1629018295000,0.31686787729528537
1629018325000,0.3132349994502138
1629018355000,0.3168066642281463
1629018385000,0.3179452166978193
1629018415000,0.31755275483870965
1629018445000,0.31388857249690977
1629018475000,0.31621589742804657
1629018505000,0.31682737808886186
1629018535000,0.31321563883735315
1629018565000,0.31967884889155185
1629018595000,0.3110114627450981
1629018625000,0.3153762901570049
1629018655000,0.3135957583333333
1629018685000,0.3149834386998785
1629018715000,0.31533615561728395
1629018745000,0.31761767225609755
1629018775000,0.3226627625226313
1629018805000,0.31195028640243905
1629018835000,0.3155183624922887
1629018865000,0.3230030016584767
1629018895000,0.31267592995755
1629018925000,0.31063984712074305
1629018955000,0.3191273392312385
1629018985000,0.3140166739157373
1629019015000,0.3147713763914373
1629019045000,0.3214666047677261
1629019075000,0.31638509882134
1629019105000,0.3168244030788177
1629019135000,0.3168745903869408
1629019165000,0.3175605043050431
1629019195000,0.3160829948733413
1629019225000,0.3158569138161899
1629019255000,0.31432845127250153
1629019285000,0.3156904519112207
1629019315000,0.3148679611042945
1629019345000,0.3132847595382746
1629019375000,0.3184007709835064
1629019405000,0.3120975417073171
1629019435000,0.31642549045012164
1629019465000,0.3157051877538461
1629019495000,0.3133541813737624
1629019525000,0.3126181388373531
1629019555000,0.31774796546359674
1629019585000,0.31786778357276696
1629019615000,0.3120670013431013
1629019645000,0.3182484368128474
1629019675000,0.317678275897748
1629019705000,0.3137204374694377
1629019735000,0.32082833834771884
1629019765000,0.3109556180730102
1629019795000,0.3132507455439459
1629019825000,0.31668856612220203
1629019855000,0.3184778407911001
1629019885000,0.3098380460048426
1629019915000,0.31356628019323673
1629019945000,0.31336742790123456
1629019975000,0.31051850252774355
1629020005000,0.3123584311384615
1629020035000,0.3194186363357843
1629020065000,0.3164936720396776
1629020095000,0.3159515938069217
1629020125000,0.3166633714285714
1629020155000,0.3176821714111922
1629020185000,0.3161107960677556
1629020215000,0.3165022065724816
1629020245000,0.3121775284313725
1629020275000,0.3160887674846626
1629020305000,0.3157041625152625
1629020335000,0.3128542153092468
1629020365000,0.3143751742192284
1629020395000,0.31659698898461536
1629020425000,0.3129203485679464
1629020455000,0.3154374637867647
1629020485000,0.3154247164841849
1629020515000,0.3155872593536358
1629020545000,0.3161436330055317
1629020665000,0.31302750869565216
1629020695000,0.3150296227863777
1629020725000,0.3198327283333333
1629020755000,0.31721847627013633
1629020785000,0.31138749657863146
1629020815000,0.31437947202970296
1629020845000,0.3166363918042813
1629020875000,0.31431805343558283
1629020905000,0.3126580947141979
1629020935000,0.3117641372235872
1629020965000,0.32107694660912456
1629020995000,0.3162513764457831
1629021025000,0.3173555795261239
1629021055000,0.31090084751075603
1629021085000,0.3158942414814815
1629021115000,0.3104313586851629
1629021145000,0.31438474601227
1629021175000,0.3196424725135624
1629021205000,0.3137823737846154
1629021235000,0.3201294801242236
1629021265000,0.3134683582071472
1629021295000,0.3127904197828709
1629021325000,0.3136778891052952
1629021355000,0.31825520345465763
1629021385000,0.31201681518292684
1629021415000,0.3123605862391033
1629021445000,0.3156243046511628
1629021475000,0.31662791313823163
1629021505000,0.3117419084766585
1629021535000,0.3105303743558282
1629021565000,0.3132370383108935
1629021595000,0.32312719450814725
1629021625000,0.3100572618204032
1629021655000,0.3120892554261189
1629021685000,0.31047923717632553
1629021715000,0.3130258939486553
1629021745000,0.3198085969287469
1629021775000,0.3146589301411909
1629021805000,0.31155604130434783
1629021835000,0.3226251787878788
1629021865000,0.31675034600366075
1629021895000,0.3118040258379037
1629021925000,0.3188336391625616
1629021955000,0.3115108335797905
1629021985000,0.3144691166260657
1629021955000,0.3115108335797905
1629022015000,0.31171826864303176
1629021955000,0.3115108335797905
1629022045000,0.3137480517647059
1629022075000,0.3118143716125077
1629022105000,0.3163414755582378
1629022135000,0.3142124580605312
1629022165000,0.31647104234567897
1629022195000,0.3193401218383713
1629022225000,0.2502700250611247
1629022255000,0.31285297172839505
1629022285000,0.2533006903363914
1629022315000,0.3138638252923077
1629022345000,0.3167849350213545
1629022375000,0.3142895941499086
1629022405000,0.3103639788213628
1629022435000,0.31083153432098765
1629022465000,0.32267105093882503
1629022495000,0.3146859185775598
1629022525000,0.3124780635806254
1629022555000,0.3136578993276284
1629022585000,0.3137259924436319
1629022615000,0.3125040091020159
1629022645000,0.31690594147239265
1629022675000,0.31028628280961185
1629022705000,0.3206829708074534
1629022735000,0.31040878803418803
1629022765000,0.32011049368811884
1629022795000,0.3115106434944238
1629022825000,0.3130923176077717
1629022855000,0.3165692015911873
1629022885000,0.3185380185162477
1629022915000,0.3133533106487148
1629022945000,0.31501478144266337
1629022975000,0.3150194175232198
1629023005000,0.3179127442582247
1629023035000,0.313485050946854
1629023065000,0.3201787833536585
1629023095000,0.31035754362336115
1629023125000,0.31325029074074073
1629023155000,0.3133664642637092
1629023185000,0.3160764740123457
1629023215000,0.31469678163771714
1629023245000,0.31542240036518565
1629023275000,0.3136976459692308
1629023305000,0.3195793847299814
1629023335000,0.3201695145949289
1629023365000,0.31652608199257426
1629023395000,0.3188663054972205
1629023425000,0.30989641825396824
1629023455000,0.32090643262064755
1629023485000,0.3139727896742471
1629023515000,0.3169205607602697
1629023545000,0.3167046461632904
1629023575000,0.30719363057901083
1629023605000,0.3135098086121437
1629023635000,0.3137118671779141
1629023665000,0.3127358069767442
1629023695000,0.3114327413004214
1629023725000,0.3124612284919654
1629023755000,0.31731110165745857
1629023785000,0.3173754943592888
1629023815000,0.31258349647201944
1629023845000,0.31483231621454993
1629023875000,0.3150941073984233
1629023905000,0.3166428294653706
1629023935000,0.3182044070465686
1629023965000,0.3115329686227545
1629023995000,0.3162216711384616
1629024025000,0.31387454316635743
1629024055000,0.3183227063985375
1629024085000,0.3118306238390093
1629024115000,0.31169955597792764
1629024145000,0.3165222024721879
1629024175000,0.3191990958460599
1629024205000,0.31471306770186336
1629024235000,0.31859565067484663
1629024265000,0.3115713440293937
1629024295000,0.31994327059538274
1629024325000,0.31301216229508194
1629024355000,0.3129195093980344
1629024385000,0.31748799902853675
1629024415000,0.3126400310429448
1629024445000,0.31520379041180085
1629024475000,0.3123821393077874
1629024505000,0.3122432608183509
1629024535000,0.3132145481458967
1629024565000,0.311872678976234
1629024595000,0.3124517069528416
1629024625000,0.3205851300061237
1629024655000,0.3173224828048781
1629024685000,0.31839827111111113
1629033265000,0.3128676750617284
1629033295000,0.3134665613143212
1629033325000,0.3099188673406863
1629033355000,0.3103746036742192
1629033385000,0.31656938
1629033415000,0.3171542811808118
1629033445000,0.3137829931378665
1629033475000,0.3225658649969456
1629033505000,0.3127312356608479
1629033535000,0.31674083541666664
1629033565000,0.3173692182313749
1629033595000,0.3161221751213592
1629033625000,0.3137094065553494
1629033655000,0.3156389961752005
1629033685000,0.3204317102579853
1629033715000,0.3124393869430693
1629033745000,0.3150878707739938
1629033775000,0.31459104683313033
1629033805000,0.3164956903343465
1629033835000,0.31539162424969985
1629033865000,0.3196178835083385
1629033895000,0.3126372765634487
1629033925000,0.31817374620174343
1629033955000,0.3179118713768116
1629033985000,0.3187417924415117
1629034015000,0.312159131466829
1629034045000,0.3130687551829268
1629034075000,0.3167226357186922
1629034105000,0.31138412717391306
1629034135000,0.31231049787104626
1629034165000,0.3115064081295844
1629034195000,0.31648142670316304
1629034255000,0.3093852839156627
1629034225000,0.31007902630288164
1629034285000,0.31145683687116565
1629034315000,0.3098158066789216
1629034345000,0.3119197640345466
1629034375000,0.31219975152458
1629034225000,0.31007902630288164
1629034405000,0.31361975316301705
1629034435000,0.3114487016079159
1629034465000,0.3113483270935961
1629034525000,0.3109646152521525
1629034495000,0.312306347011208
1629034555000,0.3079052272507553
1629034585000,0.3128881287128713
1629034375000,0.31219975152458
1629034435000,0.3114487016079159
1629034615000,0.3111127859281437
1629034645000,0.3116197441212871
1629034495000,0.312306347011208
1629034465000,0.3113483270935961
1629034525000,0.3109646152521525
1629034585000,0.3128881287128713
1629034555000,0.3079052272507553
1629034375000,0.31219975152458
1629034615000,0.3111127859281437
1629034645000,0.3116197441212871
1629034435000,0.3114487016079159
1629034675000,0.3124846530909091
1629034525000,0.3109646152521525
1629034495000,0.312306347011208
1629034585000,0.3128881287128713
1629034465000,0.3113483270935961
1629034675000,0.3124846530909091
1629034555000,0.3079052272507553
1629034375000,0.31219975152458
1629034615000,0.3111127859281437
1629034645000,0.3116197441212871
1629034465000,0.3113483270935961
1629034525000,0.3109646152521525
1629034435000,0.3114487016079159
1629034585000,0.3128881287128713
1629034615000,0.3111127859281437
1629034645000,0.3116197441212871
1629034495000,0.312306347011208
1629034675000,0.3124846530909091
1629034555000,0.3079052272507553
1629034675000,0.3124846530909091
1629034375000,0.31219975152458
1629034585000,0.3128881287128713
1629034435000,0.3114487016079159
1629034495000,0.312306347011208
1629034525000,0.3109646152521525
1629034465000,0.3113483270935961
1629034555000,0.3079052272507553
1629034615000,0.3111127859281437
1629034645000,0.3116197441212871
1629034675000,0.3124846530909091
1629034705000,0.3112163881846154
1629034255000,0.3093852839156627
1629034285000,0.31145683687116565
1629034585000,0.3128881287128713
1629034735000,0.3112386018393624
1629034315000,0.3098158066789216
1629034495000,0.312306347011208
1629034765000,0.3108419094775213
1629034465000,0.3113483270935961
1629034375000,0.31219975152458
1629034345000,0.3119197640345466
1629034555000,0.3079052272507553
1629034525000,0.3109646152521525
1629034735000,0.3112386018393624
1629034315000,0.3098158066789216
1629034765000,0.3108419094775213
1629034345000,0.3119197640345466
1629034375000,0.31219975152458
1629034735000,0.3112386018393624
1629034795000,0.3086526438522108
1629034825000,0.3138375793251534
1629034405000,0.31361975316301705
1629034315000,0.3098158066789216
1629034435000,0.3114487016079159
1629034855000,0.3126001052147239
1629034885000,0.31122164064990804
1629034465000,0.3113483270935961
1629034915000,0.3079379054556355
1629034945000,0.31068244724602195
1629034495000,0.312306347011208
1629034525000,0.3109646152521525
1629034975000,0.3113037911619283
1629035005000,0.3067101042900302
1629034375000,0.31219975152458
1629034585000,0.3128881287128713
1629035035000,0.3112950052535125
1629035065000,0.31259085852168605
1629034555000,0.3079052272507553
1629034495000,0.312306347011208
1629035095000,0.310811286802974
1629034525000,0.3109646152521525
1629034975000,0.3113037911619283
1629035005000,0.3067101042900302
1629034555000,0.3079052272507553
1629034585000,0.3128881287128713
1629035035000,0.3112950052535125
1629035065000,0.31259085852168605
1629034465000,0.3113483270935961
1629035095000,0.310811286802974
1629034555000,0.3079052272507553
1629034585000,0.3128881287128713
1629034525000,0.3109646152521525
1629034975000,0.3113037911619283
1629035005000,0.3067101042900302
1629035035000,0.3112950052535125
1629035065000,0.31259085852168605
1629035095000,0.310811286802974
1629035125000,0.3122192864083641
1629034555000,0.3079052272507553
1629034585000,0.3128881287128713
1629034585000,0.3128881287128713
1629035005000,0.3067101042900302
1629034525000,0.3109646152521525
1629034975000,0.3113037911619283
1629034555000,0.3079052272507553
1629034615000,0.3111127859281437
1629034645000,0.3116197441212871
1629035155000,0.31126778362967505
1629035185000,0.30756676167773084
1629035215000,0.3111312115995116
1629035245000,0.30775838285024154
1629035155000,0.31126778362967505
1629035185000,0.30756676167773084
1629034675000,0.3124846530909091
1629035275000,0.3136758406499081
1629035215000,0.3111312115995116
1629034375000,0.31219975152458
1629035245000,0.30775838285024154
1629035305000,0.31239983944615385
1629035335000,0.3124769438994482
1629034525000,0.3109646152521525
1629034975000,0.3113037911619283
1629035365000,0.3131517466463415
1629034495000,0.312306347011208
1629035395000,0.311564277202711
1629034705000,0.3112163881846154
1629035425000,0.3112934956736712
1629035215000,0.3111312115995116
1629034735000,0.3112386018393624
1629034765000,0.3108419094775213
1629034465000,0.3113483270935961
1629035455000,0.3063857142602496
1629035485000,0.3119038362477231
1629035425000,0.3112934956736712
1629034735000,0.3112386018393624
1629034765000,0.3108419094775213
1629035515000,0.3125932985221675
1629034555000,0.3079052272507553
1629035215000,0.3111312115995116
1629034795000,0.3086526438522108
1629035545000,0.31143893122699384
1629034825000,0.3138375793251534
1629034855000,0.3126001052147239
1629034885000,0.31122164064990804
1629035575000,0.31095294594264794
1629034525000,0.3109646152521525
1629034975000,0.3113037911619283
1629035605000,0.3120659714374225
1629034795000,0.3086526438522108
1629035545000,0.31143893122699384
1629034825000,0.3138375793251534
1629034885000,0.31122164064990804
1629035575000,0.31095294594264794
1629034855000,0.3126001052147239
1629035605000,0.3120659714374225
1629034795000,0.3086526438522108
1629035545000,0.31143893122699384
1629034825000,0.3138375793251534
1629035215000,0.3111312115995116
1629034855000,0.3126001052147239
1629034885000,0.31122164064990804
1629035575000,0.31095294594264794
1629035605000,0.3120659714374225
1629035635000,0.3134519663602941
1629035665000,0.3112436605763335
1629034975000,0.3113037911619283
1629035005000,0.3067101042900302
1629034795000,0.3086526438522108
1629034915000,0.3079379054556355
1629034945000,0.31068244724602195
1629035035000,0.3112950052535125
1629034525000,0.3109646152521525
1629034975000,0.3113037911619283
1629034495000,0.312306347011208
1629035065000,0.31259085852168605
1629035695000,0.3124316111662531
1629035725000,0.3111411967032967
1629034915000,0.3079379054556355
1629034945000,0.31068244724602195
1629035095000,0.310811286802974
1629035755000,0.3129151076731129
1629035065000,0.31259085852168605
1629035695000,0.3124316111662531
1629035725000,0.3111411967032967
1629035095000,0.310811286802974
1629034795000,0.3086526438522108
1629034915000,0.3079379054556355
1629034945000,0.31068244724602195
1629035755000,0.3129151076731129
1629035785000,0.3134129423739237
1629035815000,0.31270049731920196
1629035065000,0.31259085852168605
1629035695000,0.3124316111662531
1629035725000,0.3111411967032967
1629035845000,0.3107895558930741
1629035095000,0.310811286802974
1629035125000,0.3122192864083641
1629035755000,0.3129151076731129
1629035155000,0.31126778362967505
1629035185000,0.30756676167773084
1629035215000,0.3111312115995116
1629035875000,0.31124663806060604
1629035905000,0.3133915303813038
1629035245000,0.30775838285024154
1629034915000,0.3079379054556355
1629034945000,0.31068244724602195
1629035935000,0.3118579241486068
1629035275000,0.3136758406499081
1629035965000,0.31288472342507645
1629035305000,0.31239983944615385
1629035335000,0.3124769438994482
1629035995000,0.3124733781211372
1629035365000,0.3131517466463415
1629036025000,0.3114953293135436
1629034795000,0.3086526438522108
1629035275000,0.3136758406499081
1629035965000,0.31288472342507645
1629035305000,0.31239983944615385
1629035335000,0.3124769438994482
1629035995000,0.3124733781211372
1629035365000,0.3131517466463415
1629036025000,0.3114953293135436
1629035275000,0.3136758406499081
1629035965000,0.31288472342507645
1629034495000,0.312306347011208
1629035305000,0.31239983944615385
1629035335000,0.3124769438994482
1629035995000,0.3124733781211372
1629035365000,0.3131517466463415
1629036025000,0.3114953293135436
1629035395000,0.311564277202711
1629036055000,0.3135299638231631
1629035425000,0.3112934956736712
1629036085000,0.3125051108124618
1629035275000,0.3136758406499081
1629035965000,0.31288472342507645
1629035455000,0.3063857142602496
1629036115000,0.3121369996924969
1629035305000,0.31239983944615385
1629035485000,0.3119038362477231
1629036145000,0.31237492283076923
1629035545000,0.31143893122699384
1629035515000,0.3125932985221675
1629036175000,0.3125109525339926
1629035575000,0.31095294594264794
1629034795000,0.3086526438522108
1629035605000,0.3120659714374225
1629035635000,0.3134519663602941
1629036205000,0.3125960712438424
1629035665000,0.3112436605763335
1629036235000,0.3118232601092896
1629036265000,0.31212195987654323
1629036295000,0.3128344170042971
1629036205000,0.3125960712438424
1629035695000,0.3124316111662531
1629035665000,0.3112436605763335
1629036265000,0.31212195987654323
1629036325000,0.3095129151198525
1629035725000,0.3111411967032967
1629034495000,0.312306347011208
1629036205000,0.3125960712438424
1629035755000,0.3129151076731129
1629036355000,0.3108833454320988
1629035665000,0.3112436605763335
1629036385000,0.3116609493193069
1629036265000,0.31212195987654323
1629035785000,0.3134129423739237
1629035755000,0.3129151076731129
1629036355000,0.3108833454320988
1629036385000,0.3116609493193069
1629035785000,0.3134129423739237
1629036415000,0.3119869344806392
1629035815000,0.31270049731920196
1629036205000,0.3125960712438424
1629036445000,0.3129460816892725
1629036475000,0.3115113497515528
1629036505000,0.3123802140818859
1629036535000,0.3133280126296522
1629035845000,0.3107895558930741
1629035665000,0.3112436605763335
1629036565000,0.3114744513863216
1629036265000,0.31212195987654323
1629035875000,0.31124663806060604
1629035905000,0.3133915303813038
1629035935000,0.3118579241486068
1629036595000,0.3130895367073171
1629035965000,0.31288472342507645
1629036625000,0.31274781338244323
1629034795000,0.3086526438522108
1629036655000,0.3122817317460317
1629035995000,0.3124733781211372
1629036025000,0.3114953293135436
1629036055000,0.3135299638231631
1629036085000,0.3125051108124618
1629036685000,0.31252523325123155
1629035665000,0.3112436605763335
1629036715000,0.31159607581338244
1629036745000,0.3109096394218942
1629036655000,0.3122817317460317
1629035995000,0.3124733781211372
1629036115000,0.3121369996924969
1629036025000,0.3114953293135436
1629036265000,0.31212195987654323
1629036055000,0.3135299638231631
1629036085000,0.3125051108124618
1629036685000,0.31252523325123155
1629036775000,0.3110134542279412
1629036145000,0.31237492283076923
1629036175000,0.3125109525339926
1629036805000,0.3139881199014171
1629036205000,0.3125960712438424
1629036655000,0.3122817317460317
1629035995000,0.3124733781211372
1629036025000,0.3114953293135436
1629036055000,0.3135299638231631
1629036085000,0.3125051108124618
1629036685000,0.31252523325123155
1629036925000,0.31287823609576426
1629035665000,0.3112436605763335
1629036835000,0.3128757360248447
1629036865000,0.3068935064187163
1629036895000,0.3118870010442261
1629036235000,0.3118232601092896
1629036955000,0.3118925813810111
1629036985000,0.3129856223797781
1629036265000,0.31212195987654323
1629034495000,0.312306347011208
1629037015000,0.3107143623689081
1629036295000,0.3128344170042971
1629036415000,0.3119869344806392
1629036325000,0.3095129151198525
1629037045000,0.3114289424816626
1629036355000,0.3108833454320988
1629036385000,0.3116609493193069
1629036445000,0.3129460816892725
1629036475000,0.3115113497515528
1629036985000,0.3129856223797781
1629036265000,0.31212195987654323
1629036265000,0.31212195987654323
1629037015000,0.3107143623689081
1629036295000,0.3128344170042971
1629036325000,0.3095129151198525
1629037045000,0.3114289424816626
1629036355000,0.3108833454320988
1629036385000,0.3116609493193069
1629036505000,0.3123802140818859
1629036535000,0.3133280126296522
1629036565000,0.3114744513863216
1629036595000,0.3130895367073171
1629036625000,0.31274781338244323
1629036655000,0.3122817317460317
1629036685000,0.31252523325123155
1629034795000,0.3086526438522108
1629036715000,0.31159607581338244
1629036745000,0.3109096394218942
1629036775000,0.3110134542279412
1629036895000,0.3118870010442261
1629036925000,0.31287823609576426
1629036955000,0.3118925813810111
1629036805000,0.3139881199014171
1629036835000,0.3128757360248447
1629036865000,0.3068935064187163
1629037075000,0.3112813943965517
1629036985000,0.3129856223797781
1629037015000,0.3107143623689081
1629037045000,0.3114289424816626
1629035665000,0.3112436605763335
1629034495000,0.312306347011208
1629036265000,0.31212195987654323
1629034795000,0.3086526438522108
1629090549000,0.3132538758201701
1629090565000,0.31229781895820713
1629090595000,0.3122987652412951
1629090625000,0.3130706452337583
1629090655000,0.3115347768330253
1629090685000,0.3119418294512195
1629090715000,0.31332783290123456
1629090745000,0.31345162938623683
1629090775000,0.3134827311808118
1629090805000,0.31141133660874776
1629090835000,0.31269845102040816
1629090865000,0.31261382948479205
1629090895000,0.3104531129663609
1629090925000,0.31308207139318883
1629090955000,0.3115464440490798
1629090985000,0.3111185211352657
1629091015000,0.31166350705445545
1629091045000,0.3118086407248157
1629091075000,0.3105422933577087
1629091105000,0.3118352671523983
1629091135000,0.31209127797437464
1629091165000,0.3119050468844525
1629091195000,0.2820762715080346
1629091225000,0.3129654550982801
1629091255000,0.3111419867692308
1629091285000,0.2493890927791262
1629091315000,0.27854895250154416
1629091345000,0.31320206847014925
1629091375000,0.3116730499082569
1629091405000,0.3091150899464604
1629091435000,0.30981030404411763
1629091465000,0.3115515935951661
1629091495000,0.307820297392359
1629091525000,0.3129241287134866
1629091555000,0.31250789015576325
1629091585000,0.3112938049261084
1629091615000,0.3115755821559074
1629091645000,0.3136482083636364
1629091675000,0.31198377185003073
1629091705000,0.3116408500306937
1629091735000,0.3113999397921761
1629091765000,0.3128255493554328
1629091795000,0.3114559936537277
1629091826000,0.3142900328009828
1629091856000,0.3138937069882499
1629091886000,0.3132832730557257
1629091916000,0.31187998646341464
1629091946000,0.3124114462102689
1629091976000,0.310378184095064
1629092006000,0.3116062333737864
1629092036000,0.3112694068603214
1629092066000,0.3139141350244499
1629092096000,0.3126578026791277
1629092126000,0.312280954432734
1629092156000,0.3122629589584625
1629092186000,0.3113668927339901
1629092216000,0.3119553057835821
1629092246000,0.3137416237948084
1629092276000,0.31211139055690074
1629092306000,0.3100878841172877
1629092336000,0.3111246957875458
1629092366000,0.3119649457089552
1629092396000,0.31082236616038883
1629092426000,0.3103193777710843
1629092456000,0.3122352846200608
1629092486000,0.31364692664615385
1629092516000,0.3115951740945365
1629092546000,0.3126480627560521
1629092576000,0.3114454939263804
1629092606000,0.312794131176833
1629092636000,0.3112759052728388
1629092666000,0.31234990401482393
1629092696000,0.3114981605134474
1629092726000,0.3141460692966361
1629092756000,0.3110515533045089
1629092786000,0.31307735722154223
1629092816000,0.3116297925993884
1629092846000,0.3122518529411765
1629092876000,0.31076422151198524
1629092906000,0.31142929496932514
1629092936000,0.3119094422578655
1629092966000,0.31305235954008703
1629092996000,0.3129109873762376
1629093026000,0.3121164402469136
1629093056000,0.3115716881570997
1629093086000,0.3127259944547135
1629093116000,0.3124562311465359
1629093146000,0.31073611902439024
1629093176000,0.3120834668090299
1629093206000,0.31164102176325525
1629093236000,0.3113226228241023
1629093266000,0.3111139529805353
1629093296000,0.3134268975821451
1629093326000,0.31229046617826617
1629093356000,0.31242990042918456
1629093386000,0.3084842968523002
1629093416000,0.3108806289185905
1629093446000,0.3110606029647931
1629093476000,0.3120337268592501
1629093506000,0.31207249118187386
1629093536000,0.30948008235657004
1629093566000,0.30910530942698705
1629093596000,0.3117608362407863
1629093626000,0.3062807513022411
1629093656000,0.3093714765356265
1629093686000,0.3133764594095941
1629093716000,0.31219124120541203
1629093746000,0.3115596539434076
1629093776000,0.312615475572047
1629093806000,0.3119448277197296
1629093836000,0.3068748404319136
1629093866000,0.3121268067724222
1629093896000,0.3076234457575758
1629093926000,0.30921824870559905
1629093956000,0.31139572110490377
1629093986000,0.3129246983970407
1629094016000,0.30888674329341315
1629094046000,0.3115497599757429
1629094076000,0.3112874131157635
1629094106000,0.31208307409675445
1629094136000,0.31333256697530865
1629094166000,0.3115776286404834
1629094196000,0.3125952457407408
1629094226000,0.3125042394624313
1629094256000,0.3125975868533171
1629094286000,0.3121862878166465
1629094316000,0.31277636457178065
1629094346000,0.3138929978527608
1629094376000,0.312184633172497
1629094406000,0.3134583433353999
1629094436000,0.3129233837871287
1629094466000,0.30908000727713764
1629094496000,0.3115787126457949
1629094526000,0.3119343615049751
1629094556000,0.3108164570223026
1629094586000,0.3134273613776138
1629094616000,0.312057143049602
1629094646000,0.3121491422526447
1629094676000,0.3113055757483201
1629094706000,0.3121132882245272
1629094736000,0.31124338924862555
1629094766000,0.3141075699876237
1629094796000,0.3071585793018983
1629094826000,0.31260423435582824
1629094856000,0.31135668094948266
1629094886000,0.3107596906576521
1629094916000,0.31152351051344745
1629094946000,0.31229799724264706
1629094976000,0.30888960895614576
1629095006000,0.3123331572575664
1629095036000,0.3107906138517618
1629095066000,0.31229868473748473
1629095096000,0.3119175795523291
1629095126000,0.3117315371763255
1629095156000,0.31228889357628165
1629095186000,0.31205539744835964
1629095216000,0.3134398145768993
1629095246000,0.3100437595566207
1629095276000,0.31334950179012344
1629095306000,0.3077411491411043
1629095336000,0.308992496996997
1629095366000,0.3127723418047882
1629095396000,0.3118423613622291
1629095426000,0.3125030823238566
1629095456000,0.3130157000621504
1629095486000,0.31220357668939863
1629095516000,0.3122208590204588
1629095546000,0.31303077517027866
1629095576000,0.3111570398310199
1629095606000,0.3109449351975684
1629095636000,0.31143461998777505
1629095666000,0.3108943266297663
1629095696000,0.3117929523955774
1629095726000,0.3114018709338281
1629095756000,0.31147143703019103
1629095786000,0.311579436218539
1629095816000,0.31366563721643165
1629095846000,0.3102450898336414
1629095876000,0.3083323134721372
1629095906000,0.31117852459826945
1629095936000,0.310892823698714
1629095966000,0.30897553505782105
1629095996000,0.31014953181545835
1629096026000,0.313236959781288
1629096056000,0.3115720768574909
1629096086000,0.31243025815821995
1629096116000,0.3113415633004926
1629096146000,0.3092459436286408
1629096176000,0.3085154925544794
1629096206000,0.31167872245145634
1629096236000,0.31213775115291265
1629096266000,0.31108809845583696
1629096296000,0.3117864146805897
1629096326000,0.31117091273846154
1629096356000,0.31266191478045763
1629096386000,0.31136999699386503
1629096416000,0.3123615059357965
1629096446000,0.30999748370414915
1629096476000,0.3123253149538461
1629096506000,0.31186442091301664
1629096536000,0.31020781696750904
1629096566000,0.3130284862780814
1629096596000,0.3110096457720588
1629096626000,0.3114958890586797
1629096656000,0.3118222243243243
1629096686000,0.31250791545566503
1629096716000,0.3126397796932515
1629096746000,0.3127448983980283
1629096776000,0.3125729915640394
1629096806000,0.3110193507749535
1629096836000,0.3136866736352357
1629096866000,0.31151498184596577
1629096896000,0.312499702969697
1629096926000,0.3135563229548229
1629096956000,0.31230823319200485
1629096986000,0.3124006959245742
1629097016000,0.30784726815403424
1629097046000,0.31288942803217823
1629097076000,0.3091624689993861
1629097106000,0.3123057695491044
1629097136000,0.3080873310054184
1629097166000,0.31296194046313225
1629097196000,0.3089064731280193
1629097226000,0.3085834324620061
1629097256000,0.31253220984423674
1629097286000,0.3115947086876155
1629097316000,0.3100112625996321
1629097346000,0.3128321899271845
1629097376000,0.3097170576875769
1629097406000,0.30860517821663674
1629097436000,0.30822203661202185
1629097466000,0.3107117078644888
1629097496000,0.3118835926194797
1629097526000,0.31205904474175483
1629097556000,0.30758338640718563
1629097586000,0.3128574467821782
1629097616000,0.3115642600982197
1629097646000,0.3111294190769231
1629097676000,0.3115330007224564
1629097706000,0.31241169838006233
1629097736000,0.3124671327102804
1629097766000,0.3098685771653543
1629097796000,0.3113364653374233
1629097826000,0.3131988899008674
1629097856000,0.3116312404575557
1629097886000,0.3124553793378296
1629097916000,0.3111342267639903
1629097946000,0.31256111978088863
1629097976000,0.31177132622850123
1629098006000,0.3120863301234568
1629098036000,0.3107708810493827
1629098066000,0.3128386925140362
1629098096000,0.31257747214723924
1629098126000,0.31314949518292684
1629098156000,0.3075208425467713
1629098186000,0.31386376014897577
1629098216000,0.3133596407294833
1629098246000,0.3127119185819071
1629098276000,0.3131375876219512
1629098306000,0.3110279769230769
1629098336000,0.3119735696202532
1629098366000,0.31047929143730885
1629098396000,0.31252604905314596
1629098426000,0.31330513014527844
1629098456000,0.3125849186765615
1629098486000,0.3120354862697448
1629098516000,0.3112148975278121
1629098546000,0.3118068193488944
1629098576000,0.31043383674475955
1629098606000,0.31301034838513103
1629098636000,0.3130207075288403
1629098666000,0.31147160930375845
1629098696000,0.31166048311926603
1629098726000,0.3081560534523809
1629098756000,0.3107428768292683
1629098816000,0.3109964442189422
1629098786000,0.3116169036645963
1629098846000,0.3186119704978488
1629098863000,0.3118323042839657
1629098894000,0.007756519863438858
1629098924000,0.0035854322620519157
1629098954000,0.004573693304930006
1629098984000,3.243981538461538e-05
1629099014000,0.002335626832298137
1629099044000,0.0018352229102167183
1629099074000,0.004799409993792675
1629099104000,0.0026302922270203576
1629099134000,3.0583084577114425e-05
1629099164000,0.0044807523634131366
1629099194000,0.0030608936289818864
1629099224000,5.758795843520782e-05
1629099254000,3.2234164588528675e-05
1629099284000,0.007637787484433374
1629099314000,0.007878357213014121
1629099344000,0.004440244299876084
1629099374000,0.002787208717004297
1629099404000,0.005268982305795315
1629099434000,3.103062730627306e-05
1629099464000,3.2051332920024795e-05
1629099494000,0.0007333790712074303
1629099524000,0.0051537089688834655
1629099554000,0.003644868235294118
1629099584000,0.004933658068535826
1629099614000,3.150274557657108e-05
1629099644000,0.005165303865030675
1629099674000,0.005960142857142857
1629099704000,2.9167975460122697e-05
1629099734000,2.9530319803198036e-05
1629099764000,0.007219206707692308
1629099794000,0.008382654239401497
1629099824000,3.144948516050878e-05
1629099854000,0.006609038461538461
1629099884000,0.0009986841075794624
1629099914000,0.0007271337888198758
1629099944000,0.0007941044566544568
1629099974000,3.023496376811594e-05
1629100004000,2.9637591687041564e-05
1629100034000,0.009857771725826194
1629100064000,0.00688844847001224
1629100094000,0.006113443676012461
1629100124000,0.009040286824114356
1629100154000,0.01365426471686372
1629100184000,0.0007240754635352287
1629100214000,0.0017660409623689078
1629100244000,6.043448063921328e-05
1629100274000,0.0023618525
1629100304000,3.1018126148193515e-05
1629100334000,0.0042459792997543
1629100364000,0.0007015192260442259
1629100394000,0.009435787826086957
1629100424000,0.008771541645885287
1629100454000,0.00498197487745098
1629100484000,0.004472262324159021
1629100514000,0.00492154509202454
1629100544000,0.008567575169022741
1629100574000,0.007981281608478805
1629100604000,0.008792396278218427
1629100634000,0.004471669429097607
1629100664000,0.006902191666666666
1629100694000,0.005145720943049602
1629100724000,0.0024178842424242425
1629100754000,0.00444995398660986
1629100784000,0.0007494532467532468
1629100814000,0.003842024012345679
1629100844000,3.2896847960445e-05
1629100874000,0.0060098875
1629100904000,0.004494067404674047
1629100934000,0.0020941535039609997
1629100964000,0.01438492334152334
1629100994000,0.0007644791100123611
1629101024000,0.0017281601339013998
1629101054000,0.009632927734138971
1629101084000,0.0007511880394574598
1629101114000,0.003562910152905199
1629101144000,3.076070345664039e-05
1629101174000,0.0008664652307692307
1629101204000,0.010284983159188693
1629101234000,0.004924973787599754
1629101264000,3.246994502138058e-05
1629101294000,0.005103325884543762
1629101324000,2.921760391198044e-05
1629101354000,2.8970853658536585e-05
1629101384000,0.004465206461538461
1629101414000,0.006898010918114144
1629101444000,3.584123396456933e-05
1629101474000,2.811799628942486e-05
1629101504000,0.0029623718827930176
1629101534000,0.002881024039653036
1629101564000,3.295799876466955e-05
1629101594000,0.009312045482673269
1629101624000,0.009199443451272502
1629101654000,5.8544458052663806e-05
1629101684000,0.004353735218192993
1629101714000,3.125489467162329e-05
1629101744000,3.050559701492537e-05
1629101774000,0.0069176743209876535
1629101804000,0.011305067186525266
1629101834000,3.09292698019802e-05
1629101864000,0.0007378268535825545
1629101894000,0.00893308310030395
1629101924000,3.7434657701711494e-05
1629101954000,0.00961125303217822
1629101984000,0.005745047410604193
1629102014000,0.006340003469263542
1629102044000,0.005480278821362799
1629102074000,0.005936106165228113
1629102104000,0.002296651219512195
1629102134000,0.005567944886711574
1629102164000,0.00631831267519805
1629102194000,0.0008127412639405204
1629102224000,0.002475239519112207
1629102254000,0.008204331913580247
1629102284000,0.00517430405654579
1629102314000,3.446617100371747e-05
1629102344000,0.0044264391171060695
1629102374000,0.0040001151219512185
1629102404000,0.004997953549571604
1629102434000,0.009970534170238823
1629102464000,0.0009467731261425961
1629102494000,0.001183875232774674
1629102524000,0.007098886332714905
1629102554000,3.0022876213592237e-05
1629102584000,0.010495430098280098
1629102614000,0.004525852777777777
1629102644000,3.0361023142509132e-05
1629102674000,0.005082452125693161
1629102704000,3.069261992619926e-05
1629102734000,3.0279789212647243e-05
1629102764000,0.005290061961274204
1629102794000,6.692122324159022e-05
1629102824000,0.0028903352216748768
1629102854000,0.011784766460778258
1629102884000,0.006023766378244747
1629102914000,2.886742751388032e-05
1629102944000,2.976691042047532e-05
1629102974000,0.010374242075823492
1629103004000,0.004915884075655888
1629103034000,2.9775227135069652e-05
1629103064000,0.0024141351433801103
1629103094000,0.0007122216000000001
1629103124000,0.005302928852056478
1629103154000,0.009710848711656441
1629103184000,0.004611815789473684
1629103214000,0.0022524296341463416
1629103244000,0.008923278737745097
1629103274000,2.9175045648204503e-05
1629103304000,0.002575281183800623
1629103334000,0.002816336668738347
1629103364000,0.0070049389851485145
1629103394000,0.004576287584511371
1629103424000,3.5204176904176905e-05
1629103454000,0.003624982138442522
1629103484000,0.0052905376695437725
1629103514000,0.0010169524892440073
1629103544000,3.20886827458256e-05
1629103574000,0.004882617841814837
1629103604000,0.0007984552517091362
1629103634000,3.049106041923551e-05
1629103664000,0.004355836479902558
1629103694000,0.007727827997527813
1629103724000,0.004973961210623842
1629103754000,0.0053008486177884605
1629103784000,6.478162128712869e-05
1629103814000,3.038976279650437e-05
1629103844000,2.832898903775883e-05
1629103874000,0.002544111915159077
1629103904000,0.002517967850581751
1629103934000,0.004326722871046229
1629103964000,0.007384864975550122
1629103994000,0.005147052044609666
1629104024000,0.0035346066339066342
1629104054000,3.0448260869565215e-05
1629104084000,0.011805897601476014
1629104114000,3.24161032575292e-05
1629104144000,0.0028193332725060826
1629104174000,0.004567285846724351
1629104204000,0.0007119729254996971
1629104234000,0.009806897254423429
1629104264000,2.9423500611995105e-05
1629104294000,5.637823674475955e-05
1629104324000,0.0042834611145510845
1629104354000,0.008317461910594
1629104384000,0.010768311869618696
1629104414000,0.004247861367837338
1629104444000,6.225130434782609e-05
1629104474000,2.8905558949297497e-05
1629104504000,2.947436689314392e-05
1629104534000,0.002851212916919345
1629104564000,0.005162119360786724
1629104594000,3.1530351634793336e-05
1629104624000,0.001071361547987616
1629104654000,0.009732187975460122
1629104684000,0.00439821312272175
1629104714000,3.107876376988984e-05
1629104744000,0.0008251312228429548
1629104774000,2.9273939766441304e-05
1629104804000,0.0045916433457711455
1629104834000,0.0028446441031941033
1629104864000,0.007407379184681901
1629104894000,0.0056473544554455435
1629104924000,0.010335134250764526
1629104954000,0.0071522775809407454
1629104984000,0.009877362325863113
1629105014000,0.0010877054611650486
1629105044000,0.002722660074165637
1629105074000,0.0010409628815628816
1629105104000,0.004431159741856178
1629105134000,2.919230769230769e-05
1629105164000,2.8938875154511742e-05
1629105194000,3.0260012322858905e-05
1629105224000,3.1165212046711736e-05
1629105254000,0.004460480610972569
1629105284000,3.287159726538222e-05
1629105314000,0.004152831227217497
1629105344000,0.0007120191931540343
1629105374000,3.0891201982651795e-05
1629105404000,0.007820545664038812
1629105434000,0.0006778285362853628
1629105464000,0.0006048615101289133
1629105494000,0.0060930549751243785
1629105524000,0.0041049962756052145
1629105554000,0.0041476008531383295
1629105584000,0.00491295865680838
1629105614000,0.009028844106699751
1629105644000,0.0049431907739938075
1629105674000,0.005790395768512756
1629105704000,0.003519988282208589
1629105734000,0.005625834823091248
1629105764000,0.0023183341463414637
1629105794000,3.0055132145052245e-05
1629105824000,0.006587087925696594
1629105854000,0.0011131766297662977
1629105884000,0.00845199046728972
1629105914000,0.002281669562538509
1629105944000,5.7900733944954126e-05
1629105974000,0.00521305402930403
1629106004000,0.007415688574938575
1629106034000,0.002915651486988848
1629106064000,3.076932515337423e-05
1629106094000,0.0073339004944375785
1629106124000,0.010028168044417026
1629106154000,0.0023266917982989067
1629106184000,0.006713659778597786
1629106214000,0.005362143202979516
1629106244000,0.004615491749379652
1629106274000,2.871439114391144e-05
1629106304000,0.003677074239602731
1629106334000,0.0007865984567901233
1629106364000,0.0055446307739938075
1629106394000,0.0007307078346699568
1629106424000,0.0028861384014423077
1629106454000,2.824009809932557e-05
1629106484000,0.00954395739238927
1629106514000,0.005324523086419753
1629106544000,0.013555651454545457
1629106574000,0.0026786534954407297
1629106604000,0.004734601101591188
1629106634000,0.00800899094247246
1629106664000,0.00968293938271605
1629106694000,0.007016736302211302
1629106724000,0.0007327933251684018
1629106754000,0.004482124923826935
1629106784000,0.005290364777574649
1629106814000,0.0007321356189320387
1629106844000,0.005864376571079927
1629106874000,0.007988579120198265
1629106904000,3.0689438339438345e-05
1629106934000,0.002410358431130327
1629106964000,0.008468722298136645
1629106994000,0.0005982045592705168
1629107024000,0.005218998839340257
1629107054000,3.29417698019802e-05
1629107084000,0.008930897089783282
1629107114000,0.005321632496940025
1629107144000,0.0010152055210918113
1629107174000,0.003883698274799753
1629107204000,0.0012717958587088914
1629107234000,0.0058103613003095975
1629107264000,0.00985459031862745
1629107294000,0.005071570188221007
1629107324000,0.006081788144963145
1629107354000,0.004403732017010936
1629107384000,0.005035265909090909
1629107414000,3.5076266996291715e-05
1629107444000,0.004587315699450214
1629107474000,0.006989071411042946
1629107504000,3.1103075030750313e-05
1629107534000,0.005095284767801858
1629107564000,0.004493727607361963
1629107594000,0.005728512845728334
1629107624000,0.009197635452322741
1629107654000,6.242272727272728e-05
1629107684000,0.00606706439628483
1629107714000,0.0052795336976320575
1629107744000,0.00439655012300123
1629107774000,0.006163155147058824
1629107804000,0.008008917510677244
1629107834000,2.981902682470368e-05
1629107864000,3.134305896805897e-05
1629107894000,0.0045596930289944475
1629107924000,0.004287578416821274
1629107954000,0.006910694904849601
1629107984000,0.0009834970048899756
1629108014000,0.007418809012345679
1629108044000,0.009378872236024844
1629108074000,0.008753509130166566
1629108104000,0.0060431538461538465
1629108134000,0.010733854720496894
1629108164000,3.1543594527363185e-05
1629108194000,5.460591497227357e-05
1629108224000,5.8661176470588244e-05
1629108254000,0.005888177381684082
1629108284000,0.0006775000607164543
1629108314000,0.007472805230769231
1629108344000,3.2263074096754434e-05
1629108374000,0.005035007711138311
1629108404000,0.005732822044334975
1629108434000,0.00589037294332724
1629108464000,0.005257248239654107
1629108494000,0.005172345797280593
1629108524000,0.002421812814224402
1629108554000,0.004367204623921085
1629108584000,0.008354060085836909
1629108614000,0.004426866646077826
1629108644000,6.519615384615385e-05
1629108674000,0.002382893258426966
1629108704000,0.004441509736680956
1629108734000,0.002392380246153846
1629108764000,0.0041644869750456495
1629108794000,0.00033251590909090913
1629108824000,0.005234917951881555
1629108854000,6.261355198019802e-05
1629108884000,0.0007487546683046684
1629108914000,0.005417976585365854
1629108944000,3.284413919413919e-05
1629108974000,0.004514012362971985
1629109004000,3.673331276989513e-05
1629109034000,0.0007945719756838907
1629109064000,3.3313024691358026e-05
1629109094000,0.0036234624148606814
1629109124000,0.0006930218404907977
1629109154000,0.005461587009803922
1629109184000,0.005364082083075016
1629109214000,0.007090919590824552
1629109244000,0.004552370365778054
1629109274000,3.0295396729255e-05
1629109304000,0.001459008854489164
1629109334000,0.0007655296884544901
1629109364000,0.009060036977886978
1629109394000,0.005264352875695733
1629109424000,3.2228884826325406e-05
1629109454000,0.0035121951702786376
1629109484000,0.005028828781383957
1629109514000,0.002897332676923077
1629109544000,0.004255891430332922
1629109574000,0.003392509447852761
1629109604000,0.012369785131017672
1629109634000,0.005043680121951219
1629109664000,0.005802929530201342
1629109694000,0.0053207227188081935
1629109724000,0.005664802203182375
1629109754000,0.0008397571867321867
1629109784000,6.218695920889988e-05
1629109814000,3.7245167173252285e-05
1629109844000,0.000719591379310345
1629109874000,0.00587959828536436
1629109904000,0.0007134766193707588
1629109934000,0.004581067401960784
1629109964000,0.0008295113650401483
1629109994000,3.2089718482252145e-05
1629110024000,0.004435043734643734
1629110054000,0.0030813704738760638
1629110084000,0.00773475297728668
1629110114000,3.2120617283950616e-05
1629110144000,0.004627025369458128
1629110174000,0.0010208640274314217
1629110204000,0.00860090135802469
1629110234000,0.0034691958819913953
1629110264000,0.0016333068043742403
1629110294000,3.2905751391465674e-05
1629110324000,0.006563139963280294
1629110354000,0.004445709040590406
1629110384000,0.005238480358245832
1629110414000,0.006023878358662614
1629110444000,0.005001146727828746
1629110474000,0.009952135754189944
1629110504000,0.004439201885644769
1629110534000,3.336639851485149e-05
1629110564000,0.0024537848816029145
1629110594000,0.006624211001843884
1629110624000,3.097037267080745e-05
1629110654000,0.008843500788834951
1629110684000,0.0014615069938650304
1629110714000,0.008555394881170018
1629110744000,0.002973675755743652
1629110774000,0.003925938381361128
1629110804000,0.005317308302122347
1629110834000,0.007348191264508246
1629110864000,0.005719867513949164
1629110894000,0.0006769247087676272
1629110924000,0.010446809938650306
1629110954000,0.005354706926406928
1629110984000,3.5833951762523185e-05
1629111014000,0.005157724334365325
1629111044000,0.0016751370668316831
1629111074000,0.0043863486187845305
1629111104000,2.9536526576019774e-05
1629111134000,3.3417215661901805e-05
1629111164000,3.108213844252163e-05
1629111194000,0.0042381092307692304
1629111224000,2.9593390452876373e-05
1629111254000,0.0093939426889715
1629111284000,0.004368073452970297
1629111314000,0.0007030655657492353
1629111344000,0.006737807199032064
1629111374000,0.004992168913175471
1629111404000,0.004692578047263682
1629111434000,0.005172517101273499
1629111464000,0.0055978422057917435
1629111494000,0.007494222480146609
1629111524000,0.0036701016666666666
1629111554000,0.0007441842661691543
1629111584000,3.1174191580231846e-05
1629111614000,0.0013274437073775571
1629111644000,0.0017830316831683169
1629111674000,3.3905392156862743e-05
1629111704000,0.008166171039603959
1629111734000,0.006206062316176471
1629111764000,0.005016493719512195
1629111794000,0.0007122564575645756
1629111824000,0.008672092265529842
1629111854000,0.0007899085995085995
1629111884000,0.002460122570725707
1629111914000,0.006273519180633147
1629111944000,0.004527418507094386
1629111974000,3.3246011131725424e-05
1629112004000,0.0043444634697617605
1629112034000,0.003476017740945365
1629112064000,0.004529634913793103
1629112094000,0.0052267133536585365
1629112124000,0.009507216971916971
1629112154000,0.003976858801498127
1629112184000,0.007736541309669522
1629112214000,0.004997817982989064
1629112244000,3.6470024721878856e-05
1629112274000,0.0007284921798029558
1629112304000,3.091310043668122e-05
1629112334000,2.9336793039154756e-05
1629112364000,0.0007024196151458722
1629112394000,0.002695942751388032
1629112424000,0.005722963647490821
1629112454000,0.0007330342909535452
1629112484000,0.00448799556231003
1629112514000,0.002521258783783784
1629112544000,0.005477631628197132
1629112574000,0.009254053869591713
1629112604000,0.0007990231857318575
1629112634000,0.0008531787545787546
1629112664000,0.004455617205613179
1629112694000,0.004646988654680719
1629112724000,0.00337245
1629112754000,0.005138103721781574
1629112784000,0.0065748023442319566
1629112814000,0.005841201183800623
1629112844000,0.009291980841976816
1629112874000,3.1059709618874765e-05
1629112904000,0.004489207529558183
1629112934000,0.005377062857142857
1629112964000,0.0044487246022031825
1629112994000,0.006756631910946197
1629113024000,3.0343331284572834e-05
1629113054000,0.006033409168704157
1629113084000,0.00196827781230578
1629113114000,3.126425505824647e-05
1629113144000,0.0007451198142414861
1629113174000,0.0008115947080291971
1629113204000,0.004453779295426452
1629113234000,0.005267064903546982
1629113264000,0.004346372098765432
1629113294000,0.005774124042027194
1629113324000,0.003256836369268897
1629113354000,0.002346100123839009
1629113384000,0.005138240173589584
1629113414000,0.004542290191239975
1629113444000,0.0006034309685379397
1629113474000,6.088700980392157e-05
1629113504000,3.0138749233599016e-05
1629113534000,0.0007184456043956044
1629113564000,0.00654561462962963
1629113594000,0.005288124357405141
1629113624000,0.004427822098765432
1629113654000,0.0024068720915841587
1629113684000,4.645650580329872e-05
1629113714000,0.011400306389578164
1629113744000,0.009367162846580408
1629113774000,0.007772036907730673
1629113804000,0.005845971253071253
1629113834000,0.00984284629969419
1629113864000,0.00856397795992714
1629113894000,0.0006612184049079755
1629113924000,0.00406339890776699
1629113954000,0.009626405521472392
1629113984000,2.82019668100799e-05
1629114014000,2.901950920245399e-05
1629114044000,0.004431606045949214
1629114074000,0.00976899434079602
1629114104000,0.0054700431846344474
1629114134000,0.004482127634803922
1629114164000,0.004120746691403834
1629114194000,0.004637379621720561
1629114224000,0.009522231211372065
1629114254000,0.001886173205445545
1629114284000,3.099869807811532e-05
1629114314000,4.2640061728395065e-05
1629114344000,0.004223477881040892
1629114374000,0.012003297731453096
1629114404000,0.0007351587577639751
1629114434000,6.278325183374083e-05
1629114464000,0.004512511412708205
1629114494000,0.003067879814814815
1629114524000,0.0006999052631578947
1629114554000,0.0010683311124694377
1629114584000,7.582901425914445e-05
1629114614000,0.00426378195302843
1629114644000,0.004375988395061728
1629114674000,0.003520779318734793
1629114704000,0.002463120546244569
1629114734000,0.007901680961182994
1629114764000,0.004585881339119653
1629114794000,0.009105697604422605
1629114824000,0.008749600061690314
1629114854000,0.0055222888000000005
1629114884000,3.189951219512195e-05
1629114914000,0.0006539402743142145
1629114944000,0.005508809705159705
1629114974000,0.005826315229357798
1629115004000,0.009942530179344464
1629115034000,0.005998090625
1629115064000,0.0051076270987654325
1629115094000,0.007316282590103848
1629115124000,0.007059024342507645
1629115154000,3.036481481481481e-05
1629115184000,0.0019030504592774035
1629115214000,0.004164216267648864
1629115244000,0.0006962413070283602
1629115274000,0.0055483238943488935
1629115304000,0.006629534934497815
1629115334000,0.002100410707692308
1629115364000,0.007778408991494531
1629115394000,2.972571777642028e-05
1629115424000,3.248878732480195e-05
1629115454000,0.0090081080417434
1629115484000,0.0008187672850958565
1629115514000,0.005392496323987539
1629115544000,0.009438634002433091
1629115574000,0.00227208106617647
1629115604000,0.004517132541133455
1629115634000,0.0007693290875688916
1629115664000,3.2144782608695645e-05
1629115694000,0.006829496371463715
1629115724000,0.005423396803933621
1629115754000,0.006612081511555278
1629115784000,0.005731683063511832
1629115814000,0.0056686254792826215
1629115844000,0.005072285625774472
1629115874000,0.0008046430529595014
1629115904000,0.013796341260923843
1629115934000,0.010310490280373832
1629115964000,3.1773651580905146e-05
1629115994000,5.7605672009864356e-05
1629116024000,0.005262450963331261
1629116054000,0.004545059756097561
1629116084000,0.008591725184729063
1629116114000,0.005291822432762836
1629116144000,0.009955342134146342
1629116174000,0.003378497142857143
1629116204000,3.1185572139303484e-05
1629116234000,0.004437142735042735
1629116264000,0.006315332061538462
1629116294000,0.004546808529945554
1629116324000,0.009628595751231529
1629116354000,0.012630441161928308
1629116384000,3.015297363580625e-05
1629116414000,0.007013793653727665
1629116444000,0.007191485182889027
1629116474000,0.00533441506097561
1629116504000,0.0055748418761496004
1629116534000,0.000679836273904997
1629116564000,0.005427628354584093
1629116594000,3.137944099378882e-05
1629116624000,0.007551443622920519
1629116654000,0.009514045950920246
1629116684000,0.007528191145510836
1629116714000,3.023675840978593e-05
1629116744000,0.0045597021671826615
1629116774000,0.0008347315822002472
1629116804000,6.524300873907615e-05
1629116834000,0.004729113805742212
1629116864000,0.00679372123623011
1629116894000,0.004262967610837438
1629116924000,3.032844880441447e-05
1629116954000,0.0102638587144623
1629116984000,0.007142890414347556
1629117014000,0.004290311386138614
1629117044000,0.005977647435897436
1629117074000,6.009502487562189e-05
1629117104000,4.9794502138057424e-05
1629117134000,0.005892613866829565
1629117164000,0.004252970646153846
1629117194000,0.010969688242498471
1629117224000,0.004531085270354257
1629117254000,0.001177039397664413
1629117284000,0.002305362260654725
1629117314000,2.9692628398791546e-05
1629117344000,3.5775820170109354e-05
1629117374000,0.0055525811875
1629117404000,0.0053389094211822655
1629117434000,0.007069235352286774
1629117464000,0.005398677852760736
1629117494000,0.0008560303293971411
1629117524000,0.005244462022194822
1629117554000,0.0024710505603985056
1629117584000,0.011909971349693252
1629117614000,0.006883698227383863
1629117644000,0.004573175946275946
1629117674000,0.004564318529956764
1629117704000,0.009505496859605913
1629117734000,0.005440647527812113
1629117764000,0.005076956017104459
1629117794000,0.0006702712979890312
1629117824000,0.004469250550122249
1629117854000,0.002611707558859975
1629117884000,0.00495205152998776
1629117914000,0.010381104635352287
1629117944000,0.005143568554216867
1629117974000,0.0044097679950950335
1629118004000,3.126937269372693e-05
1629118034000,0.005166890625
1629118064000,0.010072155786895284
1629118094000,0.008246490306748466
1629118124000,3.1241351518908865e-05
1629118154000,0.001104765701970443
1629118184000,0.010657278336436996
1629118214000,0.0006967454266421117
1629118244000,0.008414998128509045
1629118274000,2.8305476923076922e-05
1629118304000,0.0011049817788758491
1629118334000,3.186366972477064e-05
1629118364000,0.0042454689338235286
1629118394000,0.0045173341191067
1629118424000,6.327099143206856e-05
1629118454000,0.008913889473684211
1629118484000,3.138966360856269e-05
1629118514000,0.009654825170068028
1629118544000,0.0043124191266912665
1629118574000,0.005255693188854489
1629118604000,0.004529059434542102
1629118634000,0.010826268007425742
1629118664000,0.008063516543665437
1629118694000,3.084686166971359e-05
1629118724000,0.002173061505507956
1629118754000,0.004607583220234423
1629118784000,0.005893918807621389
1629118814000,3.04856524427953e-05
1629118844000,0.009725301310861424
1629118874000,0.006888169112207152
1629118904000,0.005970467364532018
1629118934000,0.005052415189088655
1629118964000,0.00891390751552795
1629118994000,0.006741912722802704
1629119024000,2.8942426108374383e-05
1629119054000,0.008740507081280787
1629119084000,0.001135013735239279
1629119114000,3.2003641975308645e-05
1629119144000,0.00943813921446384
1629119174000,0.0054637334342822535
1629119204000,0.004385790092307692
1629119234000,3.3510452322738376e-05
1629119264000,0.004495625077784692
1629119294000,3.0041047503045062e-05
1629119324000,3.3658030769230766e-05
1629119354000,0.004296565217391304
1629119384000,0.004548579389788294
1629119414000,0.002903992866004963
1629119444000,0.005744262615101289
1629119474000,0.0056560107891491995
1629119504000,3.24937003058104e-05
1629119534000,0.00444483638025594
1629119564000,0.0056056193723596865
1629119594000,0.004454460340632603
1629119624000,0.0010032805385556916
1629119654000,0.00443580644963145
1629119684000,0.005967040754483612
1629119714000,0.00639919634448575
1629119744000,0.004368333167392657
1629119774000,0.0007102503019323673
1629119804000,0.00442690995085995
1629119834000,0.005593020964749536
1629119864000,2.9434785276073622e-05
1629119894000,0.005577113909313726
1629119924000,0.004628643703703704
1629119954000,0.005956442857142857
1629119984000,0.0059280624772313295
1629120014000,0.0035141558082360173
1629120044000,0.0011682
1629120074000,5.5283750763591946e-05
1629120104000,0.0024548733702337024
1629120134000,0.005104965749235474
1629120164000,0.0029801449541284404
1629120194000,0.005809698783454989
1629120224000,0.0013948332091868404
1629120254000,0.002352203043478261
1629120284000,2.991465838509317e-05
1629120314000,0.005007038758288125
1629120344000,0.0061956243753808656
1629120374000,0.005563853177051203
1629120404000,0.004570039179104478
1629120434000,3.183390452876377e-05
1629120464000,0.002872085653495441
1629120494000,0.008946166190180236
1629120524000,3.2711825980392155e-05
1629120554000,7.622208663819402e-05
1629120584000,0.007640720676923077
1629120614000,0.0007972189889025893
1629120644000,0.004311714399023795
1629120674000,0.008093757820197044
1629120704000,0.00491022850931677
1629120734000,3.021304611650485e-05
1629120764000,0.007940753113553113
1629120794000,0.0010229945611866505
1629120824000,0.0015975687960687961
1629120854000,0.00256641959082455
1629120884000,3.0864672897196264e-05
1629120914000,0.0006616069597069598
1629120944000,0.005375909594095941
1629120974000,0.006599356664637858
1629121004000,0.004467132303891291
1629121034000,3.083253382533825e-05
1629121064000,0.007296637685643564
1629121094000,0.004631757807715861
1629121124000,0.0044632088271604935
1629121154000,0.005222499754601227
1629121184000,3.1541296296296304e-05
1629121214000,3.148201834862385e-05
1629121244000,0.003469052991452992
1629121274000,0.004483757160570366
1629121304000,0.008480276997578692
1629121334000,0.003569580024509804
1629121364000,0.006768279130434782
1629121394000,0.00905372199878123
1629121424000,3.103284403669725e-05
1629121454000,0.008939386783042394
1629121484000,0.0059603091692307705
1629121514000,0.004449282374541004
1629121544000,0.009622208146766169
1629121574000,6.010750620347394e-05
1629121604000,0.002494923565700185
1629121634000,0.001777525
1629121664000,5.916539173349784e-05
1629121694000,0.0011183867076923076
1629121724000,0.009573448771498771
1629121754000,0.0010300044090630742
1629121784000,0.004327901167793485
1629121814000,0.008041638994481914
1629121844000,0.0050946799265605865
1629121874000,0.005420211472392638
1629121904000,0.0022148587804878047
1629121934000,0.00246959749235474
1629121964000,0.00948463902288188
1629121994000,2.9593711843711847e-05
1629122024000,0.006909656378344742
1629122054000,0.005315894897324207
1629122084000,5.268839779005525e-05
1629122114000,0.010309459751552796
1629122144000,0.000809177811550152
1629122174000,0.00808737709090909
1629122204000,3.267070142768467e-05
1629122234000,0.0022230282902829033
1629122264000,0.0032853685241886104
1629122294000,3.0178606356968215e-05
1629122324000,0.0059971680955297
1629122354000,0.005717389130434783
1629122384000,0.002413315611555009
1629122414000,0.006343147581139008
1629122444000,0.000953283179297597
1629122474000,2.9897860635696825e-05
1629122504000,0.004276699254658385
1629122534000,2.987226368159204e-05
1629122564000,0.009305944137507674
1629122594000,0.0010818628395061728
1629122624000,0.009859193308778392
1629122654000,0.010334112662942272
1629122684000,6.667472594397077e-05
1629122714000,0.0006823125311720697
1629122744000,0.010649194351334577
1629122774000,0.010860291003039514
1629122804000,3.4044396014943956e-05
1629122834000,0.0042773313230769225
1629122864000,0.003292811455108359
1629122894000,0.004377028762949421
1629122924000,0.004195457791411043
1629122954000,0.002824871960297767
1629122984000,3.1875552825552834e-05
1629123014000,0.008307280158247108
1629123044000,0.005594881481481482
1629123074000,2.771750614250614e-05
1629123104000,0.009318044844417329
1629123134000,3.0345815516188147e-05
1629123164000,0.006995892628992629
1629123194000,3.19431887599267e-05
1629123224000,0.0010249396168108774
1629123254000,3.3428864059590315e-05
1629123284000,0.0045634691605839425
1629123314000,0.006903690293040293
1629123344000,3.241761083743842e-05
1629123374000,0.0054769466749533865
1629123404000,0.0007082710754017304
1629123434000,0.0064196787538940816
1629123464000,0.004446288253382534
1629123494000,0.004552827763975155
1629123524000,3.1499319306930686e-05
1629123554000,0.005318343588162762
1629123584000,0.0020743251518833537
1629123614000,0.006681409926017263
1629123644000,0.0007421288366336634
1629123674000,0.005320372445820435
1629123704000,0.002362610516605166
1629123734000,0.005058487797437462
1629123764000,0.0007470521631644005
1629123794000,0.006658133597560976
1629123824000,0.004465828274173807
1629123854000,0.006940938723667907
1629123884000,0.011161806030769229
1629123914000,0.0065568625308641965
1629123944000,0.007292778075517661
1629123974000,0.006639684672897196
1629124004000,0.005535598087600247
1629124034000,0.005772117268830372
1629124064000,3.64682208588957e-05
1629124094000,2.8867196090409284e-05
1629124124000,3.050825631546519e-05
1629124154000,3.749076452599389e-05
1629124184000,0.001126890909090909
1629124214000,0.008708003401360544
1629124244000,0.009289032190942471
1629124274000,0.01239313823163138
1629124304000,0.004473453584672435
1629124334000,0.0007991086822660097
1629124364000,0.004406670959752322
1629124394000,0.0077316070856438684
1629124424000,3.141164215686275e-05
1629124454000,0.005150896401985111
1629124484000,0.008504790055248618
1629124514000,0.001119581090909091
1629124544000,0.000819279359211337
1629124574000,0.008388635015384616
1629124604000,0.007032929068322981
1629124634000,0.006905326025719535
1629124664000,0.005238182018348624
1629124694000,2.8746975308641973e-05
1629124724000,0.0039827246144355346
1629124754000,0.001023066521468575
1629124784000,0.013439144920440635
1629124814000,0.005823772146401985
1629124844000,0.007034482659313726
1629124874000,3.0134922600619203e-05
1629124904000,6.001694915254237e-05
1629124934000,0.0007504565377532229
1629124964000,0.0007416309712889432
1629124994000,0.0036146178615574782
1629125024000,0.005495802373706634
1629125054000,3.236951970443349e-05
1629125084000,3.142611386138614e-05
1629125114000,3.0787369711833226e-05
1629125144000,0.004658130176077717
1629125174000,0.005060195440729482
1629125204000,0.0010889242990654207
1629125234000,0.005219204099378882
1629125264000,0.013378587142857144
1629125294000,0.00807967143738433
1629125324000,0.009522878676470588
1629125354000,0.008497710858895705
1629125384000,2.8654412659768712e-05
1629125414000,0.015191474238733254
1629125444000,2.9740073755378e-05
1629125474000,0.008926867602196461
1629125504000,0.0029538244746600737
1629125534000,0.004471125030674847
1629125564000,0.008773319694189603
1629125594000,0.005432724813432836
1629125624000,3.035943799633476e-05
1629125654000,0.009084231887599268
1629125684000,0.00941311515151515
1629125714000,0.004422075472849298
1629125744000,0.0011101033561218149
1629125774000,0.005378919280843149
1629125804000,0.004184734639303482
1629125834000,5.488756822316555e-05
1629125864000,0.009069472195121952
1629125894000,0.009364533848054355
1629125924000,0.005265076786805131
1629125954000,0.012457771983020012
1629125984000,3.129358255451713e-05
1629126014000,0.0009282754320987654
1629126044000,0.0010456563275434245
1629126074000,0.010575482518337408
1629126104000,0.0051446946308724845
1629126134000,0.004311114002478315
1629126164000,0.009349450705088904
1629126194000,0.0025492724969097646
1629126224000,0.0022651219888820263
1629126254000,0.005298886882245272
1629126284000,0.003418975015309247
1629126314000,0.004495642643391521
1629126344000,0.005913822795031057
1629126374000,0.001053368379204893
1629126404000,0.004437985592185592
1629126434000,0.005308343325092707
1629126464000,0.005310976751394915
1629126494000,0.010132372727272729
1629126524000,0.005306133271945979
1629126554000,5.801737003058104e-05
1629126584000,0.002303223856613102
1629126614000,0.008340030626162431
1629126644000,0.004954474708410067
1629126674000,0.009829961296184131
1629126704000,0.0007422857943925233
1629126734000,0.0028072577628361853
1629126764000,0.004878674039653036
1629126794000,0.002405004904966278
1629126824000,3.1331521075137454e-05
1629126854000,0.005952012858013406
1629126884000,0.008295311049723758
1629126914000,3.0009029066171924e-05
1629126944000,0.009652844321669737
1629126974000,0.001991064215080346
1629127004000,2.8514181375532562e-05
1629127034000,0.010005147633495146
1629127064000,0.0009015560587515301
1629127094000,0.0007413125612745098
1629127124000,0.0009736774473358117
1629127154000,3.2063314711359404e-05
1629127184000,0.006349610510141364
1629127214000,0.004286092817337462
1629127244000,2.9746211180124226e-05
1629127274000,0.0089429375390381
1629127304000,0.002865644424131627
1629127334000,3.119658597144631e-05
1629127364000,0.005904311945812808
1629127394000,0.009476138367096378
1629127424000,0.0007255577464788732
1629127454000,0.004600333007931666
1629127484000,6.342213366033108e-05
1629127514000,3.1256346749226005e-05
1629127544000,0.0009243210754017305
1629127574000,0.005598726306084819
1629127604000,0.002656288786764706
1629127634000,0.0032362766625615765
1629127664000,0.005311760181818182
1629127694000,6.0016226183159193e-05
1629127724000,0.003488117239263804
1629127754000,0.002408783446993181
1629127784000,0.0029153418068535828
1629127814000,3.0441183723797778e-05
1629127844000,0.004352184572490706
1629127874000,2.962968263845675e-05
1629127904000,0.00987836628119294
1629127934000,6.211668726823238e-05
1629127964000,0.00525436828817734
1629127994000,0.004351146350364964
1629128024000,0.0023951965158924204
1629128054000,0.002813207763401109
1629128084000,0.0003686255970606246
1629128114000,0.005906535705445545
1629128144000,0.008830631176104544
1629128174000,0.00047589468215158926
1629128204000,0.012197185766646305
1629128234000,0.0047909014589665655
1629128264000,0.010986200618046971
1629128294000,0.0052840392350400976
1629128324000,3.0017719190680565e-05
1629128354000,0.0007325192
1629128384000,0.004491020416922134
1629128414000,0.009449079752321982
1629128444000,0.0011299813193588165
1629128474000,0.0007874803885853066
1629128504000,0.0035714967980295565
1629128534000,0.004162729336579428
1629128564000,0.005072203217821782
1629128594000,0.001845850453172205
1629128624000,0.004431129559363525
1629128654000,0.011944548129981606
1629128684000,0.006891292962962963
1629128714000,6.79231430325353e-05
1629128744000,0.004442933003095975
1629128774000,3.0295887047268267e-05
1629128804000,0.00547694864698647
1629128834000,0.0010693620221948212
1629128864000,0.0023367145719489983
1629128894000,0.0028716072693952357
1629128924000,0.004922797125382263
1629128954000,0.006880268613138686
1629128984000,0.005187904556803995
1629129014000,2.8884413202933983e-05
1629129044000,5.838025672371638e-05
1629129074000,0.0011276674331883155
1629129104000,0.00590376217552534
1629129134000,0.005325467091681846
1629129164000,0.005133646077825818
1629129194000,5.9568838352796556e-05
1629129224000,3.0319358816276203e-05
1629129254000,0.006786823990208079
1629129284000,0.009330250460405157
1629129314000,6.640863221884499e-05
1629129344000,2.7207516943930993e-05
1629129374000,0.009280768963376785
1629129404000,3.1929283489096576e-05
1629129434000,0.012968236672850958
1629129464000,0.004216087025703794
1629129494000,3.136607795371498e-05
1629129524000,0.0053330569343065706
1629129554000,0.0023329840294840296
1629129584000,2.846892138939671e-05
1629129614000,0.004772237338262477
1629129644000,0.0051741581907090465
1629129674000,0.00805835300546448
1629129704000,0.004182654089219332
1629129734000,5.9439497856705444e-05
1629129764000,0.00447324199751861
1629129794000,0.006194105217391305
1629129824000,0.006522721199011125
1629129854000,3.3216490354698186e-05
1629129884000,0.0034991129957291033
1629129914000,0.0048080624384236464
1629129944000,0.0030015713848039216
1629129974000,2.738625534514356e-05
1629130004000,0.0011394873239436618
1629130034000,2.829033639143731e-05
1629130064000,0.006351028929663608
1629130094000,0.0007422272949816403
1629130124000,5.49509456985967e-05
1629130154000,5.967219840783834e-05
1629130184000,6.381702388242497e-05
1629130214000,0.002819505382262997
1629130244000,0.008827678940809968
1629130274000,0.007976255562384757
1629130304000,0.004555540074673304
1629130334000,0.004488015938461538
1629130364000,3.063020509633313e-05
1629130394000,0.005211608328154133
1629130424000,2.9560527931246162e-05
1629130454000,0.008282076742751387
1629130484000,0.0031690921990171986
1629130514000,0.004496890803897686
1629130544000,0.004908679914004914
1629130574000,0.0057722619839802826
1629130604000,3.106317711503347e-05
1629130634000,0.002843802858918583
1629130664000,0.0007322937422552664
1629130694000,0.006795849626400997
1629130724000,0.0007291495367510809
1629130754000,0.005830035626535625
1629130784000,0.009099082999392836
1629130814000,0.009813188419117649
1629130844000,0.005064206686930091
1629130874000,0.006258170049200492
1629130904000,0.005870019718309859
1629130934000,0.009826955061728395
1629130964000,0.000711533786287832
1629130994000,0.003529282411435674
1629131024000,0.004233212262415696
1629131054000,0.006722813292307692
1629131084000,0.0005942670963781461
1629131114000,0.0053075067786069645
1629131144000,0.008032266646153845
1629131174000,0.005359764713216957
1629131204000,0.0007986796410891089
1629131234000,0.004660079603223807
1629131264000,0.004529318260333128
1629131294000,0.004848207489257213
1629131324000,0.004316506956521739
1629131354000,0.0068421319852941176
1629131384000,0.005006129622871046
1629131414000,0.005578796695226439
1629131444000,0.009408482871226123
1629131474000,0.003357723137973138
1629131504000,0.005978748261134839
1629131534000,0.011547825123456791
1629131564000,0.005437929618413083
1629131594000,0.0007248083028083027
1629131624000,6.56577306733167e-05
1629131654000,3.1382996941896026e-05
1629131684000,0.004605421371708511
1629131714000,3.0428958718422674e-05
1629131744000,0.00892191323076923
1629131774000,0.00580704665042631
1629131804000,3.2580474111041804e-05
1629131834000,0.0036202634310134314
1629131864000,0.006952767119901114
1629131894000,0.005589542441140025
1629131924000,3.170599388379205e-05
1629131954000,0.0025036613927916927
1629131984000,0.00596051971916972
1629132014000,0.008891509113453194
1629132044000,0.005405596375921376
1629132074000,0.0048171243932038825
1629132104000,6.305604938271604e-05
1629132134000,0.006941019041692595
1629132164000,0.0069228164713140035
1629132194000,0.006627833597560976
1629132224000,0.000811467487684729
1629132254000,0.002264477933130699
1629132284000,3.128313989004276e-05
1629132314000,0.00530063981595092
1629132344000,0.0058208212700369905
1629132374000,0.0010159280996884735
1629132404000,0.0024456511941212487
1629132434000,6.612564894932015e-05
1629132464000,0.0010597382991930481
1629132494000,0.005173907243707796
1629132524000,0.009999150460971112
1629132554000,0.006689418148599269
1629132584000,0.004567306793145654
1629132614000,0.004246355933250927
1629132644000,0.006709355474452555
1629132674000,2.936941176470588e-05
1629132704000,0.0024446667281672807
1629132734000,4.1517690417690415e-05
1629132764000,0.00989215742996346
1629132794000,0.000910203435582822
1629132824000,0.0007247800494132179
1629132854000,0.0059051012292563
1629132884000,0.005849251943244911
1629132914000,2.7012324588163515e-05
1629132944000,0.004292613092269327
1629132974000,0.0044330405405405395
1629133004000,0.011339096153846154
1629133034000,0.004493493971410814
1629133064000,0.004495282084095064
1629133094000,5.821622780159218e-05
1629133124000,3.029822303921569e-05
1629133154000,0.007020392549261084
1629133184000,0.00455849774527727
1629133214000,2.977129742962056e-05
1629133244000,0.004553224984653162
1629133274000,0.004280373088685016
1629133304000,0.004825849325980392
1629133334000,0.005324643446153846
1629133364000,0.0065617933374460214
1629133394000,0.0051048456441717795
1629133424000,0.00429501894543225
1629133454000,0.004517271804281345
1629133484000,0.00734996046511628
1629133514000,0.005948745550715619
1629133544000,0.0006832910669975187
1629133574000,3.014267080745341e-05
1629133604000,0.0006224474271543707
1629133634000,3.171263803680982e-05
1629133664000,0.005460684259259259
1629133694000,0.00444651473880597
1629133724000,0.0009486752136752137
1629133754000,0.00462569495955196
1629133784000,0.005061788131466829
1629133814000,0.005638350342252645
1629133844000,2.821739397664413e-05
1629133874000,0.002345988387893761
1629133904000,0.00072139912881145
1629133934000,0.0087368927680798
1629133964000,0.0051078794730392155
1629133994000,0.0042374908480780965
1629134024000,0.002670952657299939
1629134054000,2.888665048543689e-05
1629134084000,0.0044532760416666674
1629134114000,0.009069690599876314
1629134144000,0.005260262219451372
1629134174000,2.969086983343615e-05
1629134204000,0.004544221795665634
1629134234000,0.01024865901038485
1629134264000,0.0010128746167995097
1629134294000,2.9789554062309107e-05
1629134324000,0.004497008214063472
1629134354000,0.0009943234289200732
1629134384000,0.003606649239196592
1629134414000,0.006051092716049383
1629134444000,3.112021144278607e-05
1629134474000,0.005325193548387097
1629134504000,0.0037667668295662798
1629134534000,0.0009781798392084107
1629134564000,2.63071826625387e-05
1629134594000,0.0067633135613927925
1629134624000,0.008634644295302014
1629134654000,2.5932826747720365e-05
1629134684000,0.005865309512195122
1629134714000,0.009147594873378628
1629134744000,0.009311780847145488
1629134774000,0.0006707162430254185
1629134804000,0.0024057620012277467
1629134834000,0.005517051131498471
1629134864000,0.009939597300613496
1629134894000,2.907857142857143e-05
1629134924000,0.004253218742293465
1629134954000,0.00790189200492005
1629134984000,0.004410626113483832
1629135014000,0.0095143666873065
1629135044000,0.005543741061622941
1629135074000,3.0075170278637767e-05
1629135104000,0.005756371473158552
1629135134000,3.056103896103896e-05
1629135164000,2.821363355953115e-05
1629135194000,0.00363921049689441
1629135224000,0.004376538343558282
1629135254000,2.9191095890410963e-05
1629135284000,0.005352929919802591
1629135314000,3.3786102532427425e-05
1629135344000,0.00642400542394015
1629135374000,0.0006928004270896887
1629135404000,0.0010348231866088037
1629135434000,0.0056636793532338315
1629135464000,0.011781093540524071
1629135494000,2.994580526638089e-05
1629135524000,2.9143435582822082e-05
1629135554000,3.238276073619632e-05
1629135584000,0.008242758457711444
1629135614000,0.0049101856701667685
1629135644000,2.8270631970260223e-05
1629135674000,0.0023974962599632127
1629135704000,0.006837218226299693
1629135734000,0.009512236754763368
1629135764000,6.0295792079207926e-05
1629135794000,0.004180313979153893
1629135824000,0.005511059717097171
1629135854000,0.006418623215394165
1629135884000,0.001407649695121951
1629135914000,0.002159083923029175
1629135944000,0.005145024707332101
1629135974000,0.0024790283435582824
1629136004000,0.005189925349544072
1629136034000,0.008418456915544676
1629136064000,0.010692828756157636
1629136094000,0.005004738337468982
1629136124000,3.2309102167182665e-05
1629136154000,0.005901051314984709
1629136184000,0.005191188623853211
1629136214000,2.991494110353379e-05
1629136244000,0.005163185565749236
1629136274000,0.006668775943970767
1629136304000,6.451496259351621e-05
1629136334000,6.247697082557418e-05
1629136364000,0.00867199808995687
1629136394000,0.0009605257985257985
1629136424000,0.0053312040841584155
1629136454000,0.008980228860294117
1629136484000,0.004399230314232902
1629136514000,3.221396648044693e-05
1629136544000,0.009577388669950738
1629136574000,2.8370967741935487e-05
1629136604000,2.94762168823167e-05
1629136634000,0.0006517600371747212
1629136664000,0.0049835130327362575
1629136694000,0.004955767070952092
1629136724000,2.9590314620604573e-05
1629136754000,0.002939865333333333
1629136784000,0.0007873241610738256
1629136814000,0.0022530918063314712
1629136844000,0.0007645306894447834
1629136874000,3.0498832206515056e-05
1629136904000,0.011398094791666669
1629136934000,0.0064445748462484635
1629136964000,0.010367244889162562
1629136994000,0.009047146201358864
1629137024000,0.005862078148148148
1629137054000,0.0006879343617664852
1629137084000,0.0007057507129572227
1629137114000,0.005895953119209389
1629137144000,5.884786063569681e-05
1629137174000,0.0009526090964966195
1629137204000,0.004482157955936352
1629137234000,3.2232136335970785e-05
1629137264000,0.004568275621890547
1629137294000,0.005205330821078431
1629137324000,0.004391092396593674
1629137354000,0.004472445220588235
1629137384000,5.7931990231990235e-05
1629137414000,6.229702048417133e-05
1629137444000,0.0008108577833125778
1629137474000,0.009688928422344995
1629137504000,0.00666899749541845
1629137534000,3.5796754439681566e-05
1629137564000,0.002850233934120572
1629137594000,0.0007365561694290977
1629137624000,6.206002490660025e-05
1629137654000,5.532553191489362e-05
1629137684000,3.058662103298071e-05
1629137714000,0.003602114075887393
1629137744000,0.005972385396039604
1629137774000,0.01007659741856177
1629137804000,0.0007903651035322777
1629137834000,0.004501870110701107
1629137864000,0.004420641769801979
1629137894000,0.011695019652820831
1629137924000,2.9794827586206897e-05
1629137954000,2.86156191661481e-05
1629137984000,0.0010874255741775297
1629138014000,0.003811506380368098
1629138044000,0.008826598637770898
1629138074000,2.917070769230769e-05
1629138104000,2.941868932038835e-05
1629138134000,3.0352472187886278e-05
1629138164000,0.0009914106699751859
1629138194000,0.001996504689403167
1629138224000,0.0068450264560099144
1629138254000,0.0010298433394720688
1629138284000,3.147411104179663e-05
1629138314000,0.0011017316656497863
1629138344000,0.002405677292307692
1629138374000,0.002732632136335971
1629138404000,0.0037267710066305
1629138434000,6.779053724053724e-05
1629138464000,2.9276379417234968e-05
1629138494000,0.0036679019753086423
1629138524000,0.005619850732600733
1629138554000,3.789249084249084e-05
1629138584000,0.0041694627906976745
1629138614000,0.0027923720443349754
1629138644000,6.603947696139477e-05
1629138674000,0.0071724991950464405
1629138704000,0.003501890417690417
1629138734000,0.0014403876789047913
1629138764000,3.0593693147362034e-05
1629138794000,0.0052678792159303045
1629138824000,0.00220880791589363
1629138854000,3.197943523634131e-05
1629138884000,0.006738475077112893
1629138914000,0.0029759152583586626
1629138944000,3.2251172839506176e-05
1629138974000,0.009277205582524272
1629139004000,0.004502850643776825
1629139034000,0.011929156585365851
1629139064000,0.009174655856966708
1629139094000,0.009901310727496915
1629139124000,0.00436770595744681
1629139154000,0.004212864333947207
1629139184000,3.139354052407069e-05
1629139214000,0.00439486333938294
1629139244000,0.0010389355733662145
1629139274000,0.003908283888888889
1629139304000,0.0052573734355828225
1629139334000,3.0109473684210528e-05
1629139364000,6.145299251870325e-05
1629139394000,0.004163944281345566
1629139424000,0.005649283015384615
1629139454000,0.002644846105919003
1629139484000,2.7912987804878052e-05
1629139514000,0.009160106158536586
1629139544000,0.010098217204968944
1629139574000,0.004963087737584304
1629139604000,0.0014389473748473748
1629139634000,6.158568784700802e-05
1629139664000,3.004247678018576e-05
1629139694000,0.0041815546723300975
1629139724000,0.0014234591661557324
1629139754000,0.005539802752293578
1629139784000,0.0008006849605821711
1629139814000,0.00549774829059829
1629139844000,0.0010139405982905983
1629139874000,0.0056644873762376246
1629139904000,0.0053113674360573924
1629139934000,2.7629418960244646e-05
1629139964000,0.0055016021752641395
1629139994000,0.008399240049443757
1629140024000,0.005477326049908703
1629140054000,0.008829063775198534
1629140084000,0.0040585772671568624
1629140114000,0.005316111366459628
1629140144000,0.006361365377417342
1629140174000,0.004489931569230768
1629140204000,0.0013103852078239608
1629140234000,0.002554571446229913
1629140264000,0.006768650795593635
1629140294000,3.304378078817734e-05
1629140324000,0.003957127838827839
1629140354000,0.009660242279411764
1629140384000,0.00603307710918114
1629140414000,0.002590726505276226
1629140444000,0.001029557406269207
1629140474000,0.0005619691425120774
1629140504000,0.005260440322580645
1629140534000,0.010974776666666668
1629140564000,0.00577865152811736
1629140594000,0.0052424348328267475
1629140624000,0.005520831093463653
1629140654000,0.004540723471278567
1629140684000,0.003571407478368356
1629140714000,0.006200388758492897
1629140744000,0.005345925279503104
1629140774000,0.004421656818181818
1629140804000,0.00041116194257788635
1629140834000,0.009485405118601749
1629140864000,3.1837484811664644e-05
1629140894000,5.9162623762376244e-05
1629140924000,3.0665401369010577e-05
1629140954000,0.003499007541385653
1629140984000,0.005638655657492355
1629141014000,0.010768337753222836
1629141044000,0.06657650398040417
1629141074000,0.06278090478234212
1629141104000,0.014268518064118371
1629141134000,3.143716707021792e-05
1629141164000,3.1496022031823744e-05
1629141194000,0.00458480228960396
1629141224000,0.003578552657299939
1629141254000,4.443008631319359e-05
1629141284000,0.004154391610942249
1629141314000,2.974237599510104e-05
1629141344000,0.0023799082345601994
1629141374000,0.004544082745825603
1629141404000,0.005077936656534955
1629141434000,0.004069348784933171
1629141464000,3.0404579207920787e-05
1629141494000,0.005255714294478527
1629141524000,0.00446104360856269
1629141554000,0.0008389582765034098
1629141584000,3.4555195599021996e-05
1629141614000,2.984490797546012e-05
1629141644000,3.249046740467405e-05
1629141674000,7.597627535341118e-05
1629141704000,3.3836987140232694e-05
1629141734000,0.004505543497199751
1629141764000,0.0011040259764414132
1629141794000,0.0008074309756097561
1629141824000,3.1083795440542204e-05
1629141854000,0.002633245280690932
1629141884000,0.0036291626520681274
1629141914000,0.009613907579462105
1629141944000,3.0743589743589745e-05
1629141974000,0.004461587654320988
1629142004000,0.005134082688766114
1629142034000,5.759435582822086e-05
1629142064000,0.0044703618372379786
1629142094000,0.0054411394409937894
1629142124000,0.001099488630806846
1629142154000,0.005913699636363636
1629142184000,3.14579701120797e-05
1629142214000,0.0010116392412935324
1629142244000,0.0051481054169202674
1629142274000,0.0027155811470408785
1629142304000,0.0007877527452190006
1629142334000,0.00618041893382353
1629142364000,0.009431406760048722
1629142394000,0.009815399332929048
1629142424000,0.000954485775862069
1629142454000,5.907915904936014e-05
1629142484000,0.001025395009129641
1629142514000,2.9450709438618133e-05
1629142544000,0.010113368976088291
1629142574000,0.0010888757985257984
1629142604000,0.004634198348623853
1629142634000,0.004300336720698255
1629142664000,0.006768311476426799
1629142694000,0.005816814944649446
1629142724000,0.000742160408921933
1629142754000,3.195678175092478e-05
1629142784000,0.002890527537128713
1629142814000,3.271466916354557e-05
1629142844000,0.006740676563448695
1629142874000,0.00358418670309654
1629142904000,0.006811323186608803
1629142934000,3.3843155310006136e-05
1629142964000,0.004369834883720929
1629142994000,0.004863537237977804
1629143024000,0.0054638061728395065
1629143054000,3.0046330845771142e-05
1629143084000,0.005331372445820434
1629143114000,0.006435460917431192
1629143144000,0.008999866178266178
1629143174000,0.006703585500933416
1629143204000,0.0022300089199029124
1629143234000,0.0051474366421568616
1629143264000,0.0010809781741233373
1629143294000,0.0028635346296296297
1629143324000,0.0024259769420468557
1629143354000,0.01102856934396076
1629143384000,0.0072559570807453405
1629143414000,0.0065074895935960594
1629143444000,0.0042294393846153844
1629143474000,0.006330952569659443
1629143504000,0.0043661261027190335
1629143534000,0.0066491000603864725
1629143564000,0.009123118311607696
1629143594000,0.005176387134146342
1629143624000,3.1147429620563034e-05
1629143654000,0.010133906500607531
1629143684000,0.008918904808877928
1629143714000,3.4252465003043215e-05
1629143744000,3.23528e-05
1629143774000,0.0028745999393203878
1629143804000,0.00677932492250465
1629143834000,0.011471192983526541
1629143864000,0.0024117772811918067
1629143894000,0.000980144437577256
1629143924000,0.005233951015384615
1629143954000,3.393105590062112e-05
1629143984000,0.008816471960904093
1629144014000,0.004987293614383137
1629144044000,0.0038200283169533174
1629144074000,0.0005472964612568638
1629144104000,0.008739536492307692
1629144134000,3.192898009950249e-05
1629144164000,0.0025490243962848296
1629144194000,0.004457122140221402
1629144224000,0.005136742342892007
1629144254000,0.013849611014851486
1629144284000,0.010258003259532595
1629144314000,2.8817549261083748e-05
1629144344000,0.004398609286592865
1629144374000,0.002539932238065716
1629144404000,0.0050113618633540365
1629144434000,0.002873068078575813
1629144464000,0.010025676833740829
1629144494000,0.0035407712811171828
1629144524000,3.307095588235294e-05
1629144554000,0.005280579805352798
1629144584000,0.002253344731977818
1629144614000,0.005803590745341615
1629144644000,0.005818594543225015
1629144674000,3.120557939914163e-05
1629144704000,0.009585368257904526
1629144734000,0.011010028151774784
1629144764000,0.005940499696785931
1629144794000,3.108983364140481e-05
1629144824000,0.006346388079061149
1629144854000,0.006059615868077161
1629144884000,0.007560425776397516
1629144914000,0.004952224002455494
1629144944000,3.607092374457533e-05
1629144974000,0.002490609675443968
1629145004000,0.004528240073529412
1629145034000,0.005443197118332311
1629145064000,3.0353018046048534e-05
1629145094000,3.109061547836685e-05
1629145124000,0.008095778673279605
1629145154000,0.003435178381717109
1629145184000,0.001086922944785276
1629145214000,0.005173501658476658
1629145244000,0.006813339298892989
1629145274000,0.009918629963235294
1629145304000,0.0005828572570725707
1629145334000,0.0007757645592705168
1629145364000,0.0035286423940149624
1629145394000,0.005962591717791411
1629145424000,5.80985294117647e-05
1629145454000,0.005941171585365853
1629145484000,0.008668965043156597
1629145514000,2.8777046153846155e-05
1629145544000,0.003137426991970352
1629145574000,0.005164787315270936
1629145604000,0.005340891599752934
1629145634000,0.005797044870210136
1629145664000,2.875951792336217e-05
1629145694000,0.003514803546981954
1629145724000,2.7390263319044704e-05
1629145754000,0.004028090422885572
1629145784000,0.004461303058103975
1629145814000,0.006637957302672468
1629145844000,2.850874689826303e-05
1629145874000,3.136290123456789e-05
1629145904000,0.008136485820895522
1629145934000,0.011287562400975016
1629145964000,0.003418300061349693
1629145994000,0.005388096246153846
1629146024000,3.1444362745098044e-05
1629146054000,0.002433348423005566
1629146084000,0.0028767732600732602
1629146114000,3.178427866831073e-05
1629146144000,0.005766939130434782
1629146174000,3.2598940809968845e-05
1629146204000,2.814131227217497e-05
1629146234000,0.002390828225317989
1629146264000,2.976737416616131e-05
1629146294000,0.005546906393544383
1629146324000,2.6280633373934225e-05
1629146354000,2.7153163017031632e-05
1629146384000,8.264837721984078e-05
1629146414000,3.054224830142063e-05
1629146444000,0.005652766483180428
1629146474000,0.0059207633906633896
1629146504000,0.001077920159803319
1629146534000,0.00505309557467732
1629146564000,0.0007656424539877301
1629146594000,0.004445840515653775
1629146624000,5.970570202329858e-05
1629146654000,0.0021757490378646804
1629146684000,3.109388379204893e-05
1629146714000,0.004870679539800996
1629146744000,2.8767587476979743e-05
1629146774000,0.005084992274678112
1629146804000,3.131122011036174e-05
1629146834000,0.006028307870081199
1629146864000,0.0034907988957055213
1629146894000,0.004549690691977954
1629146924000,3.849559633027523e-05
1629146954000,0.00517529776674938
1629146984000,0.003623793275755706
1629147014000,3.0151802076970067e-05
1629147044000,0.0009794176254589962
1629147074000,0.005006867297132398
1629147104000,0.007131694498777506
1629147134000,0.013814155987841943
1629147164000,3.097205700123916e-05
1629147194000,2.923858895705521e-05
1629147224000,3.164637321760694e-05
1629147254000,0.010597531888544892
1629147284000,0.004894621663563004
1629147314000,3.0074001229256297e-05
1629147344000,6.100695970695971e-05
1629147374000,0.002859149751552795
1629147404000,7.88195933456562e-05
1629147434000,0.0052308832094175965
1629147464000,0.0011138217657878603
1629147494000,0.0007318784034653466
1629147524000,0.0051169817903126925
1629147554000,0.0019125362238622387
1629147584000,0.0045271299452221535
1629147614000,0.005493714611590629
1629147644000,2.9993572311495672e-05
1629147674000,0.005258024953675108
1629147704000,2.797535428219347e-05
1629147734000,0.004258837995049504
1629147764000,0.009519323217550273
1629147794000,3.483953488372093e-05
1629147824000,3.1170306748466256e-05
1629147854000,0.004155095673671199
1629147884000,0.0005023503722084367
1629147914000,0.00818852407985028
1629147944000,0.005752200734394125
1629147974000,0.005856744485520641
1629148004000,3.026433002481389e-05
1629148034000,0.002912655698529412
1629148064000,3.367262124002456e-05
1629148094000,6.356185185185186e-05
1629148124000,0.002313340049140049
1629148154000,0.007908516840811309
1629148184000,0.0010167771886559806
1629148214000,0.00600632791846819
1629148244000,6.243466013472137e-05
1629148274000,0.006552442513863215
1629148304000,0.010432966708074537
1629148334000,0.004303885153374233
1629148364000,2.9880993255671367e-05
1629148394000,0.00454281256127451
1629148424000,0.010103165755127408
1629148454000,0.004972957540173053
1629148484000,6.489345274861025e-05
1629148514000,0.004466479013830427
1629148544000,0.005668335042735043
1629148574000,0.00860083212083847
1629148604000,0.012755134138972809
1629148634000,0.0010999676434676434
1629148664000,0.00599946619804401
1629148694000,0.013710467325509576
1629148724000,0.004445254882571075
1629148754000,0.01060327197802198
1629148784000,0.0058951978368356
1629148814000,6.11862684729064e-05
1629148844000,0.004488141850490196
1629148874000,0.005874959427504667
1629148904000,0.01243244641324341
1629148934000,2.7690403422982887e-05
1629148964000,3.075176034589253e-05
1629148994000,0.0028479649786455155
1629149024000,0.009827127990135636
1629149054000,2.6982008626001237e-05
1629149084000,0.0032222115289765717
1629149114000,0.009449068414634146
1629149144000,0.004349417125382263
1629149174000,0.005144223978035389
1629149204000,2.76254133496632e-05
1629149234000,0.004896045313469894
1629149264000,0.004244346304215028
1629149294000,0.005511683447417547
1629149324000,0.009892790376310918
1629149354000,3.098783199505868e-05
1629149384000,5.6249575757575754e-05
1629149414000,0.0019866236890808144
1629149444000,0.006672775682382134
1629149474000,0.0010580799501867994
1629149504000,0.0029634805282555284
1629149534000,6.551504587155963e-05
1629149564000,0.001035867155067155
1629149594000,0.0007838311042944786
1629149624000,0.0094672098340504
1629149654000,0.0068490124154886286
1629149684000,0.009021227389705882
1629149714000,7.915537600994407e-05
1629149744000,0.004294718125387958
1629149774000,3.100545677498467e-05
1629149804000,0.00505714012345679
1629149834000,0.006863385103785103
1629149864000,2.976930203829524e-05
1629149894000,0.0010588286678944138
1629149924000,0.005163150646950093
1629149954000,0.0044412689164086685
1629149984000,0.005116219188191882
1629150014000,3.062547928262214e-05
1629150044000,0.0043493657652120465
1629150074000,0.00580293857404022
1629150104000,2.8666114180478826e-05
1629150134000,0.00457373764490543
1629150164000,0.009340628353658537
1629150194000,0.004157112523133868
1629150224000,0.005176652398299939
1629150254000,0.0058400659259259255
1629150284000,0.005718854534238125
1629150314000,0.0007047281385281387
1629150344000,0.005345660923845193
1629150374000,2.7790049443757726e-05
1629150404000,3.723835784313725e-05
1629150434000,2.9710224438902747e-05
1629150464000,0.009684373147023086
1629150494000,0.004156994121249234
1629150524000,0.013874202382406841
1629150554000,0.0022154710268948653
1629150584000,0.0007787816676885348
1629150614000,3.170277949351452e-05
1629150644000,0.004534674486621033
1629150674000,0.002442651485148515
1629150704000,0.00891022512406948
1629150734000,0.0007447927374301676
1629150764000,0.009793539853300734
1629150794000,0.0028038788067122435
1629150824000,0.0007990545510835912
1629150854000,0.007861990348197923
1629150884000,0.00931365443823712
1629150914000,0.008279909363525092
1629150944000,0.012731199629858112
1629150974000,5.55898315658141e-05
1629151004000,0.0011166555486670801
1629151034000,0.002319287461585741
1629151064000,0.009948516442542788
1629151094000,0.004525594064203513
1629151124000,2.787548780487805e-05
1629151154000,3.499233599019007e-05
1629151184000,3.089361833952912e-05
1629151214000,0.008825044036697248
1629151244000,3.5195043370508056e-05
1629151274000,0.007718326257668712
1629151304000,0.0007858344763092269
1629151334000,0.005853591043854231
1629151364000,0.009296982019704431
1629151394000,0.002774079775980087
1629151424000,0.005982793173431734
1629151454000,0.005240833395406579
1629151484000,3.113435771358328e-05
1629151514000,5.970847665847666e-05
1629151544000,0.009226524860853432
1629151574000,0.0051711574130567425
1629151604000,0.002723029222357229
1629151634000,0.006601824071782178
1629151664000,0.004815216553006821
1629151694000,0.0010583904791154788
1629151724000,0.0012521399136335596
1629151754000,0.010194485985312118
1629151784000,0.008631197691373025
1629151814000,0.0052182049420378285
1629151844000,0.004403030073800739
1629151874000,2.9900855222968847e-05
1629151904000,0.013562275552825551
1629151934000,0.007993843968156767
1629151964000,2.980627306273063e-05
1629151994000,2.8137937384898712e-05
1629152024000,0.002240530386052304
1629152054000,0.005324116891891892
1629152084000,0.0050637488671157384
1629152114000,0.007897105586592179
1629152144000,0.003485946780072904
1629152174000,3.00752299202943e-05
1629152204000,2.9491076923076923e-05
1629152234000,0.0011030645742697328
1629152264000,0.006533975380865325
1629152294000,0.0005594726438188496
1629152324000,0.008644545838433293
1629152354000,3.068258184064237e-05
1629152384000,2.9684038694074968e-05
1629152414000,3.0280098280098278e-05
1629152444000,3.178837064676617e-05
1629152474000,0.009267721075401731
1629152504000,0.004498108193668529
1629152534000,0.005886613709677419
1629152564000,0.0021011693251533747
1629152594000,0.002741894243723209
1629152624000,0.002361311446153846
1629152654000,3.150255319148936e-05
1629152684000,0.0037268332919254657
1629152714000,0.0027441112684729067
1629152744000,0.002911153564786113
1629152774000,0.005726208221680878
1629152804000,3.171447688564477e-05
1629152834000,0.0014600368034292713
1629152864000,3.0614828431372555e-05
1629152894000,0.004942554143646409
1629152924000,0.009430282739557741
1629152954000,0.0010250254467036352
1629152984000,3.410360415394013e-05
1629153014000,6.150148056755089e-05
1629153044000,6.0256666666666675e-05
1629153074000,2.9597093382807673e-05
1629153104000,0.005192231809759111
1629153134000,0.005954579110840438
1629153164000,0.0041915182978723405
1629153194000,0.0007024137952176579
1629153224000,0.002849651545117429
1629153254000,0.00836565131498471
1629153284000,0.0008987907532149418
1629153314000,0.004456735588056064
1629153344000,0.004779790897908979
1629153374000,0.006753307177914111
1629153404000,0.002429697142857143
1629153434000,0.004762326149068323
1629153464000,0.005164728324056895
1629153494000,0.0003910498757763975
1629153524000,0.005007961006670709
1629153554000,2.9436262376237623e-05
1629153584000,0.0009876929846153843
1629153614000,0.0028641965728274173
1629153644000,0.005955979716399507
1629153674000,0.005516372349659021
1629153704000,0.006678814153846154
1629153734000,0.00734836512195122
1629153764000,0.005831794396551724
1629153794000,0.005801610251688153
1629153824000,2.981295273173726e-05
1629153854000,0.0076095607854984905
1629153884000,0.0035614617428924604
1629153914000,3.193631353337416e-05
1629153944000,0.004469567018633541
1629153974000,0.004634333973961562
1629154004000,0.0012232553846153846
1629154034000,0.00549376334365325
1629154064000,3.141939393939394e-05
1629154094000,3.1925535823637484e-05
1629154124000,3.1346909090909086e-05
1629154154000,0.010113556932515337
1629154184000,0.014088398638613862
1629154214000,3.1174969325153384e-05
1629154244000,0.004586360134310135
1629154274000,0.0009960411764705884
1629154304000,0.0006741671788567916
1629154334000,0.005465831342364532
1629154364000,3.4597613219094245e-05
1629154394000,0.006378553907692308
1629154424000,0.004269630656934306
1629154454000,5.8161046153846154e-05
1629154484000,0.005870901889092018
1629154514000,0.00897763061349693
1629154544000,0.004533735605599513
1629154574000,0.006650948583743843
1629154604000,0.008721523745410036
1629154634000,3.0320755885997523e-05
1629154664000,5.85329012345679e-05
1629154694000,0.003115467053081147
1629154724000,0.006628144647201946
1629154754000,0.005395087329192546
1629154784000,0.0015870701775872627
1629154814000,0.0012353226124460874
1629154844000,0.005802677401477833
1629154874000,0.010015121714990749
1629154904000,0.005086989376158122
1629154934000,0.0010658747847478477
1629154964000,0.0071998462759462764
1629154994000,0.0056922474258025435
1629155024000,2.9945521927115502e-05
1629155054000,0.00543794312267658
1629155084000,0.00523456263803681
1629155114000,0.0044720727216748775
1629155144000,6.356746765249539e-05
1629155174000,3.0174634146341466e-05
1629155204000,3.390866625691457e-05
1629155234000,3.0168615384615387e-05
1629155264000,3.01551492992078e-05
1629155294000,0.005085526483180428
1629155324000,0.005703344935543278
1629155354000,6.273081215127092e-05
1629155384000,0.0010474948170731708
1629155414000,0.00958607851037851
1629155444000,0.007973573593073593
1629155474000,3.004743668931439e-05
1629155504000,0.0009944686383240912
1629155534000,0.005075477784691973
1629155564000,3.685006090133983e-05
1629155594000,3.228009919404836e-05
1629155624000,0.005721350894509562
1629155654000,0.007581295955196019
1629155684000,0.009147056723716379
1629155714000,0.005782585223789086
1629155744000,0.009592391019417477
1629155774000,0.0006804670625
1629155804000,0.008995840774907749
1629155834000,0.0026406058353808355
1629155864000,3.137379480840544e-05
1629155894000,0.005021039950980392
1629155924000,0.005102182977425259
1629155954000,0.008744806781750925
1629155984000,0.002893685359801489
1629156014000,0.007451737689969605
1629156044000,0.008561932103321034
1629156074000,0.012268131435643564
1629156104000,3.004279475982533e-05
1629156134000,0.0044176259396179925
1629156164000,0.006743345216331504
1629156194000,0.009758747692307692
1629156224000,3.753199753390876e-05
1629156254000,2.972895392278954e-05
1629156284000,0.010495183865030677
1629156314000,0.00450595130597015
1629156344000,0.006143967338217338
1629156374000,0.0007281490171990173
1629156404000,3.0575152625152626e-05
1629156434000,0.004241254545454545
1629156464000,0.004425816891891892
1629156494000,0.010442557592592593
1629156524000,0.007752622481572481
1629156554000,0.01245090694789082
1629156584000,0.0010379644036697248
1629156614000,0.005580599814126393
1629156644000,0.0006899958282208589
1629156674000,3.102375077112893e-05
1629156704000,2.8407217125382263e-05
1629156734000,0.005498378107606679
1629156764000,0.010068485784313724
1629156794000,3.0611623616236154e-05
1629156824000,0.000773354656862745
1629156854000,0.000742553950617284
1629156884000,0.005910381744548287
1629156914000,0.007034825842696629
1629156944000,3.2623172242874846e-05
1629156974000,0.0013180868613138685
1629157004000,0.0049869524892440075
1629157034000,0.009416724922696351
1629157064000,3.063345588235294e-05
1629157094000,0.004484712918951857
1629157124000,0.004458921951219511
1629157154000,0.01064215263803681
1629157184000,0.0013511621091354994
1629157214000,2.99248921749846e-05
1629157244000,0.005170892087644553
1629157274000,0.000718480320789636
1629157304000,0.010586631876923077
1629157334000,0.006879351849568434
1629157364000,0.006809210925925926
1629157394000,0.0007617198165137613
1629157424000,0.0007720779754601228
1629157454000,5.9678244746600746e-05
1629157484000,0.004344624575242718
1629157514000,0.006509591661481021
1629157544000,0.0010690388751545118
1629157574000,0.002945716119221411
1629157604000,3.059622057001239e-05
1629157634000,0.0006757852548543691
1629157664000,0.0057209886815920395
1629157694000,0.001030790646153846
1629157724000,0.013816634455324358
1629157754000,0.003612793944954128
1629157784000,0.0049565578562728385
1629157814000,0.009462728155940594
1629157844000,0.006696118857493857
1629157874000,0.001026234610630408
1629157904000,0.0007087971497877503
1629157934000,0.004595625092936803
1629157964000,0.012640084418746195
1629157994000,0.005498957081280788
1629158024000,6.364103194103194e-05
1629158054000,0.0010889428397318707
1629158084000,0.00598851033007335
1629158114000,0.004507726904176904
1629158144000,0.00507606676866585
1629158174000,0.004429027955665025
1629158204000,0.005120720668693009
1629158234000,0.005268163873709776
1629158264000,3.857627013630731e-05
1629158294000,0.0009440991494532199
1629158324000,0.004370115450121654
1629158354000,0.00953076380368098
1629158384000,0.005880499878123096
1629158414000,0.0010365747703612981
1629158444000,0.005437333312731768
1629158474000,3.146777777777778e-05
1629158504000,0.002850438919582566
1629158534000,0.004418060073037127
1629158564000,0.0037327219527363187
1629158594000,0.005409947205346294
1629158624000,0.002931214817110973
1629158654000,2.9381896024464832e-05
1629158684000,0.0011331160394818013
1629158714000,0.0022578920147420145
1629158744000,2.927670731707317e-05
1629158774000,0.008620542293464858
1629158804000,0.004508591296296297
1629158834000,2.7644670363524336e-05
1629158864000,3.182546468401487e-05
1629158894000,0.009284167475728156
1629158924000,0.004482132160493827
1629158954000,5.908666256914567e-05
1629158984000,0.005494212639405204
1629159014000,0.0020446045398773006
1629159044000,0.005820996158536585
1629159074000,0.0053985934487021025
1629159104000,0.004117132437385461
1629159134000,0.006124785031055901
1629159164000,0.003480138605230386
1629159194000,0.008162319562500001
1629159224000,0.002208307777097367
1629159254000,0.0041801886476426795
1629159284000,0.006582341291108404
1629159314000,0.0065745063354037256
1629159344000,3.1275997544505835e-05
1629159374000,0.004503707182320443
1629159404000,0.005824651444376152
1629159434000,4.181272613849033e-05
1629159464000,0.007560442075823494
1629159494000,2.8748691418137554e-05
1629159524000,0.0051918723667905824
1629159554000,0.0061637672029702965
1629159584000,3.199653893695921e-05
1629159614000,0.0013775177696078431
1629159644000,0.00010088629629629628
1629159674000,5.826580246913582e-05
1629159704000,0.005858662461538462
1629159734000,0.006413910565110565
1629159764000,0.0025487316181029137
1629159794000,0.005537351412776413
1629159824000,0.0007449547503045067
1629159854000,0.008779887600246762
1629159884000,0.0011201827311696263
1629159914000,2.947003058103976e-05
1629159944000,0.005026734254143647
1629159974000,0.01442342506097561
1629160004000,3.0132026944274345e-05
1629160034000,0.004445463032886724
1629160064000,0.0045699562119366635
1629160094000,3.034932098765432e-05
1629160124000,0.0035239594495412845
1629160154000,0.003525233374536465
1629160184000,0.0007607218003674219
1629160214000,0.0045027440170940175
1629160244000,0.008964420971709717
1629160274000,0.005398296545342381
1629160304000,3.453238566131026e-05
1629160334000,0.007064234067278287
1629160364000,0.003255210945273632
1629160394000,6.393124612523248e-05
1629160424000,0.0017851654578979715
1629160454000,5.830213024954352e-05
1629160484000,0.007737657878602083
1629160514000,0.005053582147239264
1629160544000,3.666225490196078e-05
1629160574000,0.00796212613705276
1629160604000,0.0010588881635143382
1629160634000,0.0007676936546674801
1629160664000,0.005495612849162011
1629160694000,0.006825129484029484
1629160724000,0.004337376641883519
1629160754000,0.004454342664211172
1629160784000,0.009932785132634176
1629160814000,0.002909727114427861
1629160844000,0.004243629920294298
1629160874000,0.0045328112823674474
1629160904000,0.004208978300733497
1629160934000,0.00280479993909866
1629160964000,0.004458598606060607
1629160994000,2.7707851491174683e-05
1629161024000,0.008928137484510533
1629161054000,0.004967952553846154
1629161084000,0.0007215814791796147
1629161114000,0.004799912713936432
1629161144000,0.002440216159105034
1629161174000,0.0011032699071207431
1629161204000,0.0006933690942472461
1629161234000,0.005678966707616708
1629161264000,0.0042558252631578935
1629161294000,0.004490474846625767
1629161324000,0.004435556740196078
1629161354000,2.9122841396203307e-05
1629161384000,0.0051536349508599505
1629161414000,0.005050876348039216
1629161444000,0.004487130958230958
1629161474000,0.009644173242909988
1629161504000,0.0043888619105939995
1629161534000,0.0042282079876161
1629161564000,0.004516725674019608
1629161594000,0.005958982656826569
1629161624000,0.0007120981651376147
1629161654000,0.008835634787953288
1629161684000,0.007949747639751552
1629161714000,0.007894420183486241
1629161744000,0.0010986954489544897
1629161774000,0.008604421486068112
1629161804000,0.009498293190184049
1629161834000,0.0049502294227188074
1629161864000,0.002829769944683466
1629161894000,0.006396973126934985
1629161924000,0.006740219492574258
1629161954000,0.0055389572821450345
1629161984000,6.56620943049602e-05
1629162014000,0.005203866088034718
1629162044000,0.005793379865361078
1629162074000,3.0675337423312876e-05
1629162104000,0.005189673022685469
1629162134000,3.0405030674846626e-05
1629162164000,0.002409819657072872
1629162194000,0.0046023123287671245
1629162224000,0.0056366223186608815
1629162254000,2.831675807434491e-05
1629162284000,0.0007722040098704503
1629162314000,0.009200676531862744
1629162344000,0.0024006622839506174
1629162374000,0.0044821157407407405
1629162404000,0.01047269859241126
1629162434000,0.0010807892945544554
1629162464000,0.005368074969097652
1629162494000,0.012029519111381618
1629162524000,3.090894607843137e-05
1629162554000,0.008943782283950617
1629162584000,0.004234372885572139
1629162614000,0.0007424750305997553
1629162644000,0.004489697278911565
1629162674000,0.002612621455223881
1629162704000,0.004489796791767554
1629162734000,0.0007955176615384615
1629162764000,0.01011981166666667
1629162794000,0.0034563648599269183
1629162824000,3.0255801104972368e-05
1629162854000,0.0064879303461063045
1629162884000,0.005420485180649112
1629162914000,0.005592942892307692
1629162944000,0.0006671522433927473
1629162974000,3.642814814814815e-05
1629163004000,0.0024706121230769233
1629163034000,3.0243638598647813e-05
1629163064000,0.0070844500923076936
1629163094000,0.003071149848024316
1629163124000,0.007505629825653799
1629163154000,0.010541097431192659
1629163184000,6.221378244746601e-05
1629163214000,0.001126174595267746
1629163244000,2.905924784217016e-05
1629163274000,0.009772651957737723
1629163304000,0.000631576395631068
1629163334000,0.0007531192236598891
1629163364000,0.0048049864480198025
1629163394000,0.008781652181929932
1629163424000,0.005161364587155964
1629163454000,0.005265216890243903
1629163484000,0.005405535083384806
1629163514000,0.005753568408262455
1629163544000,0.004418459536867763
1629163574000,0.005434791296296296
1629163604000,0.004473890018484288
1629163634000,0.0010917140210006176
1629163664000,0.000717513533374158
1629163694000,0.004444578434996919
1629163724000,0.0044745110143123825
1629163754000,0.014001045510835914
1629163784000,0.009118088688626477
1629163814000,0.002900702672467371
1629163844000,0.006259215584415585
1629163874000,0.009984322991347343
1629163904000,0.007764126167076167
1629163934000,3.1352395768512764e-05
1629163964000,0.006419035644171779
1629163994000,0.00425532975970425
1629164024000,0.003717563343653251
1629164054000,0.004504822513727883
1629164084000,0.005990759144451333
1629164114000,0.00504433378130727
1629164144000,3.072255685310387e-05
1629164174000,0.001327698213185459
1629164204000,0.005454479900744417
1629164234000,0.007040007526218384
1629164264000,3.076676847892486e-05
1629164294000,0.0028825673965936736
1629164324000,0.0035840871951219517
1629164354000,0.00250317729796422
1629164384000,0.004589475416924027
1629164414000,0.005191187012987013
1629164444000,0.005251402172563625
1629164474000,0.0057398482009925565
1629164504000,0.009827243349753694
1629164534000,0.004387997195121951
1629164564000,0.0007086570904645478
1629164594000,0.002853892185592185
1629164624000,0.004858187755102041
1629164654000,0.004474709359605911
1629164684000,0.0019770056660638933
1629164714000,0.0009795488808227468
1629164744000,0.007361208108108108
1629164774000,0.0006059047326367547
1629164804000,0.009670786085343228
1629164834000,0.005245948252605763
1629164864000,0.0029614785932721714
1629164894000,3.0337190594059413e-05
1629164924000,2.8630968537939546e-05
1629164954000,0.002806166893143916
1629164984000,0.004537085359801489
1629165014000,3.0465135951661628e-05
1629165044000,3.294378109452736e-05
1629165074000,0.0016732397896039605
1629165104000,0.0007240623376623378
1629165134000,0.004783751096224117
1629165164000,3.10140404659718e-05
1629165194000,0.008104755665634674
1629165224000,0.0006848641967621419
1629165254000,0.004450435687960688
1629165284000,0.0004162616192830655
1629165314000,0.0006269001239925606
1629165344000,0.007101113222632227
1629165374000,0.004514152625152625
1629165404000,6.454200743494424e-05
1629165434000,0.007110037446548564
1629165464000,0.002503911670761671
1629165494000,2.9696325780771587e-05
1629165524000,0.009265081199752627
1629165554000,0.0051609151255358225
1629165584000,0.010252529138668295
1629165614000,0.0051900515151515145
1629165644000,0.00482039126984127
1629165674000,3.080320789636027e-05
1629165704000,2.9078072884496607e-05
1629165734000,2.935890326555761e-05
1629165764000,0.0010089421441774491
1629165794000,3.005976441413515e-05
1629165824000,0.010694357904525728
1629165854000,0.00834417537037037
1629165884000,0.005180416270566727
1629165914000,0.0007220911746804626
1629165944000,3.459755948749237e-05
1629165974000,0.005539446443768997
1629166004000,0.0044542562306261625
1629166034000,0.0061615892307692295
1629166064000,0.004544439839901478
1629166094000,0.005816375323076922
1629166124000,0.0010330354128440368
1629166154000,3.011823708206687e-05
1629166184000,3.110646950092421e-05
1629166214000,0.0007737021354484443
1629166244000,0.0025081323200992554
1629166274000,3.1265987654320984e-05
1629166304000,2.9939692307692303e-05
1629166334000,0.004458718507281553
1629166364000,0.0023261206601466987
1629166394000,0.005397636477201749
1629166424000,6.30716149068323e-05
1629166454000,6.055271028037383e-05
1629166484000,3.07723774053383e-05
1629166514000,0.0015098770236612704
1629166544000,0.004473224118738404
1629166574000,2.9412775061124688e-05
1629166604000,3.0771597265382226e-05
1629166634000,6.047612584824182e-05
1629166664000,2.94546290619252e-05
1629166694000,0.006929431144578314
1629166724000,0.0043031573374613
1629166754000,0.0051789426987061
1629166784000,0.006802309620098039
1629166814000,0.0093083898952557
1629166844000,0.0053005293040293035
1629166874000,3.1383896742470815e-05
1629166904000,0.0019083348851644942
1629166934000,3.1081292728402725e-05
1629166964000,0.005404235889570552
1629166994000,0.006142558467243511
1629167024000,0.0024284358942839577
1629167054000,2.839825978868863e-05
1629167084000,4.724929230769231e-05
1629167114000,0.006061928765432099
1629167144000,3.010110429447853e-05
1629167174000,0.003382318673218673
1629167204000,0.008627421065523576
1629167234000,0.0008041713048855906
1629167264000,0.005138391799265606
1629167294000,0.002873864609800363
1629167324000,0.0024492918430884182
1629167354000,0.006564830910201588
1629167384000,0.004281414172749392
1629167414000,0.0025087851874615857
1629167444000,0.004902386213235294
1629167474000,0.002656328615766605
1629167504000,0.00880160171990172
1629167534000,0.006202097915389331
1629167564000,0.004510160048869885
1629167594000,6.126719415702982e-05
1629167624000,0.005064088447432763
1629167654000,0.004856690569503982
1629167684000,3.462552533992583e-05
1629167714000,0.005387413374233129
1629167744000,0.0010744014206300184
1629167774000,0.002332690763546798
1629167804000,0.0009256783007334962
1629167834000,0.004442415412844037
1629167864000,0.00659645918242831
1629167894000,3.15847866419295e-05
1629167924000,0.0018770034076827761
1629167954000,0.005110815536374846
1629167984000,0.005395974153846154
1629168014000,0.0043783135365853655
1629168044000,0.006168610171568627
1629168074000,0.0051011956627978
1629168104000,0.008468138769230771
1629168134000,0.006389601160659743
1629168164000,0.008840270504926109
1629168194000,0.005321748573200992
1629168224000,0.002327922799511002
1629168254000,0.0043752956284153
1629168284000,3.002977286678944e-05
1629168314000,0.0029762336222910217
1629168344000,0.006677095800365186
1629168374000,2.9543512851897185e-05
1629168404000,0.004486098448168839
1629168434000,0.0007396296615384615
1629168464000,0.00894891236793039
1629168494000,0.005209401430348258
1629168524000,0.00440410642201835
1629168554000,0.007514208348680172
1629168584000,0.002901264029214851
1629168614000,0.005541142795031056
1629168644000,0.004343882916412446
1629168674000,0.009095984349969192
1629168704000,0.0072677975186104206
1629168734000,0.0010924458925262509
1629168764000,3.4609591584158424e-05
1629168794000,3.0506296758104742e-05
1629168824000,0.004156038616891065
1629168854000,0.002964513215590743
1629168884000,0.005227705198776758
1629168914000,0.004408744920440636
1629168944000,0.002898764583333333
1629168974000,0.007893818435415405
1629169004000,0.006179060393603936
1629169034000,0.0007307592660550457
1629169064000,0.004985200305623472
1629169094000,0.0007794844099378883
1629169124000,0.0060568615671641795
1629169154000,0.004895981790312692
1629169184000,0.007307253329184815
1629169214000,0.004481466645962733
1629169244000,0.005238726197884257
1629169274000,2.8783541147132173e-05
1629169304000,0.009548432037037036
1629169334000,0.007111159338640539
1629169364000,0.004142362321539418
1629169394000,0.006226518646153846
1629169424000,3.0010135135135137e-05
1629169454000,3.0641075794621034e-05
1629169484000,0.0052038540841584146
1629169514000,0.008515861425959781
1629169544000,0.002434422208513264
1629169574000,0.006626004606879607
1629169604000,0.0058079975639464074
1629169634000,0.0006894392574558734
1629169664000,0.0041609695302843005
1629169694000,2.771323076923077e-05
1629169724000,0.006180617716049382
1629169754000,0.005439638640538885
1629169784000,5.855798267326733e-05
1629169814000,0.0033535043451652386
1629169844000,0.004469120329670329
1629169874000,0.005141926516990292
1629169904000,0.004058031640866873
1629169934000,0.0010305995702885203
1629169964000,0.0044881489596083225
1629169994000,0.0006858663614163613
1629170024000,0.004410371286513361
1629170054000,0.005166777708592777
1629170084000,0.004160203928790669
1629170114000,0.0040792494717215655
1629170144000,0.004321252764127764
1629170174000,0.0037376885135135133
1629170204000,2.9569096573208727e-05
1629170234000,0.0042010468788249685
1629170264000,0.001615996180338134
1629170294000,0.0007260361870066787
1629170324000,0.009765367590881084
1629170354000,0.008923001650366748
1629170384000,0.0024372261595547308
1629170414000,3.0433353846153853e-05
1629170444000,3.216292134831461e-05
1629170474000,3.4534233128834364e-05
1629170504000,0.003111967336989641
1629170534000,0.000711545197044335
1629170564000,3.247848335388409e-05
1629170594000,0.007812191859052248
1629170624000,0.0010234993226600985
1629170654000,0.009713612575574366
1629170684000,0.0044914445550715614
1629170714000,0.004381384905660378
1629170744000,0.0007081362424242424
1629170774000,2.923970588235294e-05
1629170804000,0.0044349220994475145
1629170834000,0.004150667766023647
1629170864000,5.8932367447595555e-05
1629170894000,2.5656958128078822e-05
1629170924000,0.0006287772307692307
1629170954000,0.005215595437731196
1629170984000,0.006001970471464019
1629171014000,0.0007543096341463414
1629171044000,2.9700180288461542e-05
1629171074000,0.004415337075879087
1629171104000,0.003043211907654921
1629171134000,0.006018011397058824
1629171164000,0.00450123131127451
1629171194000,0.0008369142412935324
1629171224000,3.218093503339405e-05
1629171254000,0.0010298178132678133
1629171284000,0.005715077427184466
1629171314000,0.005156602038295243
1629171344000,0.003230568424279583
1629171374000,0.006726135899014779
1629171404000,0.006545020508054522
1629171434000,0.006058387267080746
1629171464000,0.0037971133620689655
1629171494000,0.005961541935483871
1629171524000,3.0555931161647213e-05
1629171554000,3.164440321583179e-05
1629171584000,2.755615763546798e-05
1629171614000,0.005981213511830635
1629171644000,0.005365888820638821
1629171674000,0.006063150030656039
1629171704000,5.9076941896024475e-05
1629171734000,0.006805411199510404
1629171764000,0.006257690376310919
1629171794000,0.0016647417846153846
1629171824000,3.016472049689441e-05
1629171854000,0.0007356060885608856
1629171884000,0.0007121456400742115
1629171914000,0.00453274544891641
1629171944000,0.005012916565164434
1629171974000,0.006380281757169004
1629172004000,2.9986543209876546e-05
1629172034000,0.004495425650557621
1629172064000,0.006134004131227218
1629172094000,6.919323170731707e-05
1629172124000,0.0015399542527339005
1629172154000,0.00546770315009265
1629172184000,0.005261135392217418
1629172214000,0.008717627234042553
1629172244000,0.005857335948116121
1629172274000,0.0006786012217470984
1629172304000,0.0007204819975339088
1629172334000,0.0008028787953288259
1629172364000,0.003193211571782178
1629172394000,3.2650652579241764e-05
1629172424000,0.005391561282367448
1629172454000,0.006253690814451929
1629172484000,0.001101442037827944
1629172514000,0.00949713081147041
1629172544000,0.0028141123228589034
1629172574000,0.005388300433436533
1629172604000,0.005359048665425203
1629172634000,0.0007172681677976557
1629172664000,0.005939764432029795
1629172694000,0.005176644315403422
1629172724000,0.005333947888198758
1629172754000,2.919443069306931e-05
1629172784000,0.007806117776420281
1629172814000,0.005117745650832819
1629172844000,0.004344020950060901
1629172874000,0.004563348343558283
1629172904000,0.006650487092808851
1629172934000,0.0010617016832917708
1629172964000,0.0057157834567901225
1629172994000,0.0007222179851668727
1629173024000,2.856580882352941e-05
1629173054000,2.859248625534515e-05
1629173084000,3.212763880414887e-05
1629173114000,0.0010259019888129274
1629173144000,0.003509932632211539
1629173174000,0.0008061677199504338
1629173204000,0.005421286033519554
1629173234000,0.005535825581395349
1629173264000,0.0007482347473487213
1629173294000,0.007886023818293432
1629173324000,0.005195488275015347
1629173354000,0.0052365711750306
1629173384000,0.00443858788249694
1629173414000,0.014159855149299209
1629173444000,0.008809663797313797
1629173474000,0.006686275924802911
1629173504000,2.9760355392156865e-05
1629173534000,2.9406527093596057e-05
1629173564000,2.8074135802469133e-05
1629173594000,0.00863308435582822
1629173624000,2.9806499080318822e-05
1629173654000,0.0008088317983820784
1629173684000,0.010299775456760049
1629173714000,0.003565544484848485
1629173744000,2.917460024600246e-05
1629173774000,2.8400674846625768e-05
1629173804000,0.006768328641072517
1629173834000,0.006999592436453813
1629173864000,0.0036337838297872344
1629173894000,5.7456364749082006e-05
1629173924000,0.005649761104294478
1629173954000,0.006645376184615384
1629173984000,3.2153650990099014e-05
1629174014000,0.009225773459426479
1629174044000,0.00267266525475752
1629174074000,0.005389470718232045
1629174104000,0.0060951135603715175
1629174134000,2.673963190184049e-05
1629174164000,0.0007470261384903308
1629174194000,0.004869241238390093
1629174224000,0.0006605192682926829
1629174254000,0.004445648897058824
1629174284000,2.917252952144189e-05
1629174314000,0.0006767098330241187
1629174344000,0.009404347073170732
1629174374000,0.0017767924551638835
1629174404000,2.914409257003654e-05
1629174434000,3.0084300549786195e-05
1629174464000,0.004270060971112478
1629174494000,0.011457569094247244
1629174524000,0.0025262503405572754
1629174554000,0.004525349816176471
1629174584000,0.000995908109794136
1629174614000,3.078854731766124e-05
1629174644000,0.009589992119731215
1629174674000,2.9654495412844043e-05
1629174704000,5.8205555555555555e-05
1629174734000,0.0044488451100244495
1629174764000,3.0374553296364757e-05
1629174794000,0.0031355473977695172
1629174824000,0.008128173625694873
1629174854000,3.401695331695332e-05
1629174884000,3.0395771144278607e-05
1629174914000,4.705897435897436e-05
1629174944000,0.009650403938461538
1629174974000,0.008912810878918254
1629175004000,0.0050431858272506095
1629175034000,0.001086205215281989
1629175064000,4.375723885155773e-05
1629175094000,0.004510857063197026
1629175124000,0.0066310358099878185
1629175154000,0.0008159434862385321
1629175184000,0.0006792558734023127
1629175214000,0.006598940738461539
1629175244000,0.0045530437269372705
1629175274000,0.004128859538274605
1629175304000,0.009284107300613496
1629175334000,0.004196158612143742
1629175364000,0.004269122986369269
1629175394000,0.0023292832509270705
1629175424000,6.574807692307693e-05
1629175454000,3.4650832819247385e-05
1629175484000,0.0008280110421836227
1629175514000,0.009856350215119852
1629175544000,0.009814468948655257
1629175574000,0.004411685398773006
1629175604000,0.008195322208513264
1629175634000,0.010664043149411035
1629175664000,0.002353673939766441
1629175694000,0.0010266093807480073
1629175724000,0.007996374276923077
1629175754000,2.963144424131627e-05
1629175784000,3.1955521283158554e-05
1629175814000,0.004229639738805971
1629175844000,2.8716738727609636e-05
1629175874000,0.005256210542540074
1629175904000,0.0011408344292803973
1629175934000,0.009059766023646549
1629175964000,0.0070943340951204435
1629175994000,0.009762167257177764
1629176024000,0.005298073432650528
1629176054000,2.9510294117647057e-05
1629176084000,2.9447696969696974e-05
1629176114000,0.0075205472
1629176144000,0.005617749169230769
1629176174000,0.00871084093137255
1629176204000,6.062442510876321e-05
1629176234000,0.003905203712720633
1629176264000,0.004504431942714819
1629176294000,0.005479146295162278
1629176324000,0.00810353747703613
1629176354000,0.001013451879235983
1629176384000,0.0006011159851301115
1629176414000,0.000748344231955583
1629176444000,0.002904543351886209
1629176474000,0.009424482085889571
1629176504000,0.009117997613219095
1629176534000,0.00073101950310559
1629176564000,0.0007307823347745523
1629176594000,0.004366546719319563
1629176624000,0.004514387654320988
1629176654000,3.0479110012360936e-05
1629176684000,0.006390882762836186
1629176714000,0.0014129173218673222
1629176744000,0.007354016419753086
1629176774000,0.002475064196762142
1629176804000,0.005910858343634117
1629176834000,0.005259958333333334
1629176864000,0.005099393447642376
1629176894000,0.00428336552776083
1629176924000,0.0015896439676616914
1629176954000,5.9779544054220584e-05
1629176984000,0.0044793869592089
1629177014000,3.0566484848484845e-05
1629177044000,0.002310700496277916
1629177074000,0.004315087745098039
1629177104000,0.0042592533540372676
1629177134000,0.008842410513595167
1629177164000,0.003902170012239902
1629177194000,2.9471926605504588e-05
1629177224000,0.0008174232098765433
1629177254000,3.027930614729154e-05
1629177284000,0.004525936580882353
1629177314000,0.013272624163568772
1629177344000,0.004265420913016656
1629177374000,0.005129305501222494
1629177404000,0.003610402383863081
1629177434000,0.0044506509538461535
1629177464000,0.006012958307786634
1629177494000,0.0007103234899328858
1629177524000,0.0055852186274509795
1629177554000,0.005231117730936144
1629177584000,0.0045372357632398755
1629177614000,0.00442536648113791
1629177644000,0.000700312676056338
1629177674000,0.0007974930375847198
1629177704000,0.005169274305126622
1629177734000,0.005623306972477064
1629177764000,0.0008082930825242719
1629177794000,0.009032161330049259
1629177824000,0.0010450930607187113
1629177854000,0.00786783990086741
1629177884000,0.004248485135135136
1629177914000,0.0008296987782529017
1629177944000,0.004476337126865672
1629177974000,6.174238124614436e-05
1629178004000,6.210701538461538e-05
1629178034000,0.005557728457283344
1629178064000,0.009507510128126909
1629178094000,5.9441717791411035e-05
1629178124000,2.9949447174447167e-05
1629178154000,3.087495418448381e-05
1629178184000,3.054188609920392e-05
1629178214000,4.137057387057387e-05
1629178244000,0.0013293642326732676
1629178274000,0.006006392630937879
1629178304000,0.0044655315531000606
1629178334000,0.006716224103831891
1629178364000,0.0040719221480582535
1629178394000,0.000735643661100804
1629178424000,0.003345184587378641
1629178454000,0.011315427085927771
1629178484000,0.0007840435757575757
1629178514000,0.0029182033104309807
1629178544000,0.004513022388059703
1629178574000,0.004536489737324375
1629178604000,0.009081226616915423
1629178634000,0.0010744061462814997
1629178664000,0.009838830755064457
1629178694000,0.0048440631771150345
1629178724000,0.005120869070904645
1629178754000,0.009690766830769231
1629178784000,0.006313200610873549
1629178814000,0.0028285720194647203
1629178844000,0.0051740544389642425
1629178874000,6.416848225214199e-05
1629178904000,0.00258865971968312
1629178934000,0.005018983484026522
1629178964000,0.0028810580445544553
1629178994000,0.004174089684466018
1629179024000,0.005197890018598885
1629179054000,0.0007209687693259122
1629179084000,0.0059753533210332105
1629179114000,0.007585413942011105
1629179144000,0.005460581656441718
1629179174000,0.004462515107033639
1629179204000,0.0024497552173913047
1629179234000,0.0053118869402985075
1629179264000,0.009350875491400493
1629179294000,5.88292458614347e-05
1629179324000,0.0044410329636475655
1629179354000,0.0035236787076923077
1629179384000,0.005112966707768189
1629179414000,2.9678558338423943e-05
1629179444000,0.0023482873152709358
1629179474000,2.9628370098039216e-05
1629179504000,3.011555419473361e-05
1629179534000,0.003927511496350365
1629179564000,2.9964912280701756e-05
1629179594000,0.007229002906617192
1629179624000,0.01115518425245098
1629179654000,3.0396054254007396e-05
1629179684000,0.006268411242236024
1629179714000,0.002438783853211009
1629179744000,0.0049544520121951215
1629179774000,2.9994296342219465e-05
1629179804000,6.240511882998171e-05
1629179834000,0.00951556608478803
1629179864000,0.00855228379373849
1629179894000,0.010540310043397396
1629179924000,0.0101174776146789
1629179954000,0.009439904429195258
1629179984000,0.005804127143738433
1629180014000,0.0007942112469437652
1629180044000,0.008472310709987966
1629180074000,0.0007717367384615384
1629180104000,0.005008880514705882
1629180134000,0.0025684399628252788
1629180164000,3.0162162162162157e-05
1629180194000,0.002448446201743462
1629180224000,0.004612583312731768
1629180254000,0.0010980638048177886
1629180284000,0.012038126341463416
1629180314000,0.0015563478632478632
1629180344000,0.005409764024390243
1629180374000,0.004449813854679803
1629180404000,0.00443480644963145
1629180434000,0.0010412833740831298
1629180464000,0.0054680777914867355
1629180494000,0.005460001920693928
1629180524000,0.009117814355528405
1629180554000,0.00927203705302096
1629180584000,0.005511541212871288
1629180614000,0.0068343778051787926
1629180644000,0.0034605835083384804
1629180674000,6.417893761581223e-05
1629180704000,2.9960146699266505e-05
1629180734000,0.003711717402113114
1629180764000,0.006014542648845687
1629180794000,5.658756923076923e-05
1629180824000,0.0010863237948084054
1629180854000,0.004550482608695653
1629180884000,2.9557654320987653e-05
1629180914000,0.004509618001241465
1629180944000,0.00519004699318041
1629180974000,0.009407462453760791
1629181004000,0.002006064804469274
1629181034000,0.0007401009785932722
1629181064000,0.00436187003058104
1629181094000,0.004291179513677811
1629181124000,0.0010396789537712896
1629181154000,0.00527374108478803
1629181184000,0.005679728976572132
1629181214000,0.0022849669315403425
1629181244000,0.003144336027143739
1629181274000,0.0029069907758094075
1629181304000,0.005914671270718232
1629181334000,0.004987165544675642
1629181364000,0.004497165055079559
1629181394000,0.0051868557417752955
1629181424000,3.1000621890547266e-05
1629181454000,3.207815805849409e-05
1629181484000,0.0008148907407407407
1629181514000,2.8606445672191528e-05
1629181544000,0.0011318038461538462
1629181574000,3.202268041237113e-05
1629181604000,0.005265397277227722
1629181634000,0.005433356965944273
1629181664000,2.8200060532687652e-05
1629181694000,0.0041502782688766105
1629181724000,0.006868880837954406
1629181754000,0.0009868083129584353
1629181784000,0.005527189099816289
1629181814000,0.008526712038717483
1629181844000,3.103585827733659e-05
1629181874000,0.004304140489296636
1629181904000,0.0034013060456508327
1629181934000,2.8154606467358143e-05
1629181964000,0.009448502689486552
1629181994000,0.005033145588235294
1629182024000,0.00423823165735568
1629182054000,0.003622628182941904
1629182084000,0.0017695418092909536
1629182114000,0.004588326506765068
1629182144000,0.011919431353337416
1629182174000,0.010093292293464859
1629182204000,0.004295221393643032
1629182234000,5.913704837721984e-05
1629182264000,0.004435325106382978
1629182294000,0.0007024749844816884
1629182324000,0.005354194009779951
1629182354000,0.00980129833538841
1629182384000,0.004508415812229771
1629182414000,3.3805985037406486e-05
1629182444000,0.0010342648813146684
1629182474000,0.005589333374008542
1629182504000,0.005259448088779285
1629182534000,0.0014348243962848295
1629182564000,3.25983219390926e-05
1629182594000,0.0007302129837702872
1629182624000,0.005168667928039702
1629182654000,0.007987713957816377
1629182684000,0.0028699946918852963
1629182714000,0.005366195673369896
1629182744000,0.0045352112079701115
1629182774000,0.00429565125076266
1629182804000,0.0015732967093235832
1629182834000,0.004441657506203474
1629182864000,0.009386015441176471
1629182894000,6.29691403834261e-05
1629182924000,0.0010273203231821006
1629182954000,0.005264030236794171
1629182984000,0.0030712594811612105
1629183014000,0.009754172266340868
1629183044000,0.009587950797546013
1629183074000,0.0052657860135551455
1629183104000,0.0031738087252475245
1629183134000,0.004182935563816605
1629183164000,2.810581323438467e-05
1629183194000,0.008859402334152335
1629183224000,0.004487519765287214
1629183254000,0.007111421454767727
1629183284000,0.004268662748756219
1629183314000,0.004943661685116852
1629183344000,0.007295355769230768
1629183374000,0.005263024443069307
1629183404000,0.0008175383044554456
1629183434000,0.0015427122839506173
1629183464000,0.00436553916768666
1629183494000,0.010917414461538462
1629183524000,0.0007836754289215688
1629183554000,0.004530146875
1629183584000,0.004445619076923078
1629183614000,0.0044947851269649345
1629183644000,0.00533578569674647
1629183674000,3.0244736842105266e-05
1629183704000,2.823105968331303e-05
1629183734000,0.008368350369458127
1629183764000,0.0010120323312883435
1629183794000,0.002889633169230769
1629183824000,0.0058859902633190435
1629183854000,3.0400367421922846e-05
1629183884000,0.00420710916976456
1629183914000,0.004142462784966113
1629183944000,0.005795657773744706
1629183974000,0.004938239449541284
1629184004000,0.00510684547146402
1629184034000,5.0267417783191226e-05
1629184064000,0.006094000615384615
1629184094000,3.6480955296999386e-05
1629184124000,4.204941610325753e-05
1629184154000,0.005532048927038628
1629184184000,0.002895338480392157
1629184214000,0.012367363429625076
1629184244000,0.0050712240267639895
1629184274000,0.01347799496268657
1629184304000,3.4503641975308645e-05
1629184334000,0.0045341111318407965
1629184364000,0.007807763357843138
1629184394000,0.010875573271604938
1629184424000,0.003355728720146969
1629184454000,0.0042072282716049385
1629184484000,0.003487524406991261
1629184514000,0.005215483750763592
1629184544000,5.8027244960293225e-05
1629184574000,2.95896e-05
1629184604000,3.4093885114268066e-05
1629184634000,0.01111254972067039
1629184664000,0.002314007372986369
1629184694000,2.8850121802679657e-05
1629184724000,0.007579981947011706
1629184754000,3.118546798029557e-05
1629184784000,0.0006425033721643164
1629184814000,3.1977764051883884e-05
1629184844000,0.0014322918719211822
1629184874000,0.008075495863746958
1629184904000,0.005541016134969325
1629184934000,0.006650122542997543
1629184964000,0.004745729104477612
1629184994000,0.004392467914110429
1629185024000,0.004487321349009901
1629185054000,0.0008076106642291286
1629185084000,0.004341709308022045
1629185114000,0.005618420257037944
1629185144000,0.006027657001239158
1629185174000,0.003939484
1629185204000,0.005283589859499085
1629185234000,0.0010285552615384617
1629185264000,0.009116116182828907
1629185294000,6.111202961135103e-05
1629185324000,6.325915492957747e-05
1629185354000,0.009015680843149413
1629185384000,0.009508895598264105
1629185414000,0.0008625117538461537
1629185444000,0.004516817668939864
1629185474000,0.004254841223733004
1629185504000,0.005242911394769614
1629185534000,0.004297585863552551
1629185564000,0.0049003611077297615
1629185594000,0.0068310034947884745
1629185624000,0.0027800336784409253
1629185654000,0.002466495321272614
1629185684000,2.944969586374696e-05
1629185714000,0.004425912186160441
1629185744000,0.003983258110627719
1629185774000,0.004460112885326757
1629185804000,0.004592569198055893
1629185834000,3.333362282878412e-05
1629185864000,0.004180070358910891
1629185894000,3.132648681790313e-05
1629185924000,0.0006696306311881189
1629185954000,0.004529060303951368
1629185984000,0.0008307569745815251
1629186014000,0.0037029982895540633
1629186044000,2.9435290519877674e-05
1629186074000,0.0018703365571776157
1629186104000,0.0014335337888198758
1629186134000,0.009065330179344465
1629186164000,0.004846179436964504
1629186194000,0.0037955615243902437
1629186224000,0.002383164665841584
1629186254000,0.0035714817164179103
1629186284000,0.007265802117061021
1629186314000,0.009155925705521472
1629186344000,0.002367442307692308
1629186374000,0.004243679938650307
1629186404000,0.0014201706971005553
1629186434000,0.003348295797807552
1629186464000,0.0009809049876847288
1629186494000,2.9186678944137512e-05
1629186524000,0.009849753505535056
1629186554000,3.058313989004276e-05
1629186584000,0.007866786260012323
1629186614000,0.006464117001828153
1629186644000,0.0008083775061124693
1629186674000,0.009495388583638584
1629186704000,0.000829587752602572
1629186734000,0.005645131437308868
1629186764000,6.420242277407632e-05
1629186794000,3.0955231143552314e-05
1629186824000,3.2878863775198536e-05
1629186854000,0.0044716350091968116
1629186884000,0.0006999244595429278
1629186914000,0.004099835171568628
1629186944000,0.005069942492401215
1629186974000,0.0046251483159828535
1629187004000,3.0929251700680265e-05
1629187034000,0.005220693276283619
1629187064000,0.008835750650154798
1629187094000,0.0017893200122399019
1629187124000,0.00428039162591687
1629187154000,0.001546710736196319
1629187184000,0.0044665502135448456
1629187214000,0.0028406378610940377
1629187244000,5.809767156862745e-05
1629187274000,0.0007136879657910813
1629187304000,0.0028755716316440053
1629187334000,0.0017176870177587262
1629187364000,2.9816920267802802e-05
1629187394000,0.0007859208615384615
1629187424000,0.004299349844430616
1629187454000,0.004529633456334563
1629187484000,3.286580882352941e-05
1629187514000,0.004376389072039072
1629187544000,0.0010854148514851485
1629187574000,0.0044418976262933655
1629187604000,0.006408668980612883
1629187634000,0.004541317452541336
1629187664000,0.008996601668726824
1629187694000,0.005310683291925466
1629187724000,0.005659126756261454
1629187754000,2.899593596059113e-05
1629187784000,0.0034814851128737033
1629187814000,2.9140049597024183e-05
1629187844000,0.00987396280940594
1629187874000,3.054400244798041e-05
1629187904000,0.0007281675045984059
1629187934000,0.004160034478527607
1629187964000,0.0044965565594059405
1629187994000,3.024183486238532e-05
1629188024000,2.9660980148883376e-05
1629188054000,0.0007123690809494826
1629188084000,3.034653465346535e-05
1629188114000,0.008976853115360891
1629188144000,0.005161928039095907
1629188174000,0.000761368574908648
1629188204000,0.0007178080635308491
1629188234000,0.005076390767311291
1629188264000,0.0045203538651824365
1629188294000,0.006368848138957817
1629188324000,0.004522671657424523
1629188354000,0.005230249255583128
1629188384000,2.949623456790124e-05
1629188414000,0.005157202795031056
1629188444000,2.8933148490449787e-05
1629188474000,0.005131464468864469
1629188504000,0.009805766666666669
1629188534000,0.010709333006134969
1629188564000,2.9772956361401356e-05
1629188594000,0.002350541093366093
1629188624000,3.24561552456034e-05
1629188654000,0.008157978523489933
1629188684000,3.3603724394785845e-05
1629188714000,2.741723507917174e-05
1629188744000,0.0007263838827838827
1629188774000,0.00445490458488228
1629188804000,0.004472658819913953
1629188834000,3.0325123762376238e-05
1629188864000,0.005553298393077874
1629188894000,3.030229102167183e-05
1629188924000,0.005541313292307692
1629188954000,0.009251779706601466
1629188984000,0.004571242267406038
1629189014000,0.005865979506172839
1629189044000,2.979115264797508e-05
1629189074000,0.008804735377069283
1629189104000,3.0480698529411766e-05
1629189134000,0.005191394393099199
1629189164000,0.00595090334365325
1629189194000,0.00097647316471314
1629189224000,0.0053743151291512905
1629189254000,0.0022664555896805896
1629189284000,0.004261428339575529
1629189314000,2.961553637484587e-05
1629189344000,2.9737267080745344e-05
1629189374000,0.00426407570379437
1629189404000,0.004740137824474661
1629189434000,0.007184621896024466
1629189464000,0.003196408353960396
1629189494000,0.006625100861538461
1629189524000,3.592966625463535e-05
1629189554000,2.9648706896551726e-05
1629189584000,2.9171579601990052e-05
1629189614000,0.015083208328230253
1629189644000,6.126850588964662e-05
1629189674000,0.0025130946374162092
1629189704000,0.004632040676923077
1629189734000,0.0010849050368550368
1629189764000,0.0033917202094886014
1629189794000,3.446064959400375e-05
1629189824000,0.0010561326505276226
1629189854000,0.005881145365254758
1629189884000,2.992341733251383e-05
1629189914000,0.0007151796932515338
1629189944000,0.004259112145499383
1629189974000,0.0007056427699816963
1629190004000,0.004494718165024629
1629190034000,0.002474498817672682
1629190064000,0.004450522755227553
1629190094000,0.0008771209388511428
1629190124000,2.98575215782984e-05
1629190154000,0.005206853626782393
1629190184000,2.9543738546120946e-05
1629190214000,0.000725519714817111
1629190244000,0.006703366953846154
1629190274000,0.004100135714285714
1629190304000,0.01087269827798278
1629190334000,0.005487064611590629
1629190364000,0.007259647688564476
1629190394000,0.005201426756261454
1629190424000,3.100734567901235e-05
1629190454000,6.134277845777232e-05
1629190484000,0.001078233911965282
1629190514000,2.9627379480840546e-05
1629190544000,0.005539463804817789
1629190574000,0.0042075370233702345
1629190604000,0.006057196951219512
1629190634000,0.009345158993247392
1629190664000,0.002681082686383241
1629190694000,0.005855108823529412
1629190724000,0.0048788519536019535
1629190754000,2.8977450980392157e-05
1629190784000,0.004237278003696858
1629190814000,0.006261868567885927
1629190844000,0.003560513577185369
1629190874000,0.010681056312500001
1629190904000,3.2500854179377665e-05
1629190934000,0.003641088275434243
1629190964000,3.733654199877376e-05
1629190994000,3.0435428219346886e-05
1629191024000,6.392274678111588e-05
1629191054000,0.011927627149041435
1629191084000,0.0037120480840543884
1629191114000,0.00583181729828851
1629191144000,0.007094965375153752
1629191174000,3.0235233474833228e-05
1629191204000,0.004546273568818514
1629191234000,5.7441803778184033e-05
1629191264000,0.005151015107033639
1629191294000,0.005234275372208437
1629191324000,0.002468729064039409
1629191354000,0.00031987050805452286
1629191384000,3.025400870105656e-05
1629191414000,0.008688577639751553
1629191444000,0.005073200555898703
1629191474000,0.00774057275
1629191504000,0.005141140950639854
1629191534000,0.006096441899441341
1629191564000,0.003097546073619632
1629191594000,0.0008207036159600998
1629191624000,0.0023838567035670355
1629191654000,0.004242829314565483
1629191684000,0.005273579331683168
1629191714000,0.0049351796443899455
1629191744000,0.0052038225746268655
1629191774000,0.004485388169364881
1629191804000,0.003261956670746634
1629191834000,0.005223409403810694
1629191864000,0.004212830665024632
1629191894000,0.0008132437232088182
1629191924000,2.9890395136778112e-05
1629191954000,0.009273173891625616
1629191984000,2.8816262135922333e-05
1629192014000,0.0059127031097560975
1629192044000,0.005071432516840171
1629192074000,0.0063698987037037035
1629192104000,3.0040197287299626e-05
1629192134000,0.004539690959752322
1629192164000,2.7418434032059185e-05
1629192194000,0.0058726886666666655
1629192224000,0.00859830773480663
1629192254000,0.00871742435105068
1629192284000,0.00802291027863777
1629192314000,0.005010549755501223
1629192344000,0.010026538217338215
1629192374000,0.0014297521126760565
1629192404000,0.0029045302567237163
1629192434000,3.052331060136392e-05
1629192464000,0.0007236267080745341
1629192494000,2.98361963190184e-05
1629192524000,0.004759160344827586
1629192554000,0.0007229026862026862
1629192584000,0.0028745189272503077
1629192614000,0.0007979223110018438
1629192644000,0.002172253694581281
1629192674000,0.0022400234250764526
1629192704000,0.012078637059913529
1629192734000,3.099690976514216e-05
1629192764000,0.0035875358755338618
1629192794000,2.8401455427531843e-05
1629192824000,3.177450617283951e-05
1629192854000,0.0010211316656497864
1629192884000,0.0023301157317073174
1629192914000,0.002517425259938838
1629192944000,3.0998219766728053e-05
1629192974000,0.005050192685925016
1629193004000,0.004564944944512947
1629193034000,0.001630169736034377
1629193064000,0.005104278689528475
1629193094000,0.010017615539305302
1629193124000,0.004096072208737864
1629193154000,0.0018549762598664239
1629193184000,0.0067692309937888205
1629193214000,0.0077328032258064516
1629193244000,0.004288444099378882
1629193274000,0.0060569425046267744
1629193304000,0.005731655756067207
1629193334000,0.001109274613959234
1629193364000,0.0042106900796080845
1629193394000,0.004256376818742294
1629193424000,0.002622011220715167
1629193454000,0.006100082312925171
1629193484000,0.00935962450617284
1629193514000,0.005150388246153846
1629193544000,0.004526472591671846
1629193574000,0.0017219469613259668
1629193604000,3.074029758214507e-05
1629193634000,0.0008250777506112469
1629193664000,0.004649111742892459
1629193694000,5.873980582524272e-05
1629193724000,2.920571776155718e-05
1629193754000,0.004579810031152647
1629193784000,3.067247820672478e-05
1629193814000,0.005379544831804282
1629193844000,0.0007807231288343557
1629193874000,0.004497588998763906
1629193904000,0.00340525
1629193934000,0.005072391809290954
1629193964000,0.010860520620437956
1629193994000,0.007321298773006134
1629194024000,0.008301666544566544
1629194054000,2.8072215422276617e-05
1629194084000,3.0335323076923077e-05
1629194114000,0.001764717903126916
1629194144000,2.9009757613424486e-05
1629194174000,2.8464784456587732e-05
1629194204000,0.0034662078455790783
1629194234000,0.000668484928968499
1629194264000,0.0013296727272727273
1629194294000,0.00754312746781116
1629194324000,0.007089728178484108
1629194354000,0.004494982191780822
1629194384000,3.0128456292622444e-05
1629194414000,0.0042847760248447215
1629194444000,0.006499015650030807
1629194474000,0.004428135141800247
1629194504000,0.0007791601840490798
1629194534000,0.0010746257846153847
1629194564000,0.004344071612507664
1629194594000,0.005328769894475481
1629194624000,0.0051983212700369924
1629194654000,0.009933767509247841
1629194684000,0.002923443677458766
1629194714000,0.00271966658400496
1629194744000,3.332645437844458e-05
1629194774000,0.0007832029556650246
1629194804000,0.008943964607782582
1629194834000,0.005217331381011097
1629194864000,0.0007188665651644338
1629194894000,2.9275121065375298e-05
1629194924000,0.0052558673899566035
1629194954000,0.0068731758683729435
1629194984000,0.0029681288156288162
1629195014000,0.0007041163090128756
1629195044000,0.0009885640218049666
1629195074000,0.0007509910311165345
1629195104000,3.188634415186773e-05
1629195134000,0.0011091384428223844
1629195164000,0.00033727496940024485
1629195194000,0.005129829675045984
1629195224000,0.00715191282995703
1629195254000,0.006965032985257985
1629195284000,0.0011333918719211825
1629195314000,0.005385813105590062
1629195344000,3.4412461252324863e-05
1629195374000,0.004436468518518519
1629195404000,5.502771010962241e-05
1629195434000,3.0165094917330072e-05
1629195464000,3.2300747663551404e-05
1629195494000,0.006789248331273178
1629195524000,0.005331720933087784
1629195554000,6.151515151515151e-05
1629195584000,0.005639178128797084
1629195614000,0.00456526799007444
1629195644000,0.0066595961561928
1629195674000,0.010083798450092994
1629195704000,0.013242468300060496
1629195734000,0.004343697989031079
1629195764000,5.7470740740740736e-05
1629195794000,0.00447302001216545
1629195824000,3.1451169950738914e-05
1629195854000,0.008216779653679654
1629195884000,0.008543250211480363
1629195914000,0.01281762186534898
1629195944000,0.004470610141364475
1629195974000,0.00522445077784692
1629196004000,0.009054318406423718
1629196034000,0.008205113275434243
1629196064000,0.0007514740099009901
1629196094000,0.003557007906114886
1629196124000,2.9278001218769043e-05
1629196154000,0.0030289659705159703
1629196184000,0.00930040507739938
1629196214000,5.91650061500615e-05
1629196244000,0.004457345666871543
1629196274000,0.0027727328019619864
1629196304000,0.005239676814268143
1629196334000,0.004320741387856258
1629196364000,6.353546012269939e-05
1629196394000,0.009560548825710755
1629196424000,0.008120744382716049
1629196454000,0.0010130073502161829
1629196484000,3.069311395490554e-05
1629196514000,0.0007084896446078432
1629196544000,0.007725234978408391
1629196574000,0.0010129736386138614
1629196604000,0.005177538679827267
1629196634000,0.0054123471393034825
1629196664000,0.0051459366282595505
1629196694000,2.9770286760219646e-05
1629196724000,0.005894910782501541
1629196754000,0.012535876984126984
1629196784000,0.004195518561770129
1629196814000,2.913410900183711e-05
1629196844000,0.008061232490752156
1629196874000,2.913382084095064e-05
1629196904000,0.005382244097859327
1629196934000,0.0010244690387016231
1629196964000,2.8081385281385278e-05
1629196994000,0.0010299475247524752
1629197024000,0.007997480870631514
1629197054000,0.006571208083282302
1629197084000,2.906281812538796e-05
1629197114000,0.000708104130702836
1629197144000,0.002980797957920792
1629197174000,0.003600823053527981
1629197204000,0.0099019056069008
1629197234000,0.005211882872928177
1629197264000,0.005264510180012415
1629197294000,0.008860198087600244
1629197324000,0.002925735384615385
1629197354000,0.005069531015384615
1629197384000,0.008804296453018045
1629197414000,0.005118451222493888
1629197444000,0.005955749075215783
1629197474000,0.004444645794966237
1629197504000,0.002932590024783148
1629197534000,2.6917253948967195e-05
1629197564000,0.004615656948733786
1629197594000,0.0007197950367647058
1629197624000,0.0008053087360594796
1629197654000,0.0010648878619839805
1629197684000,0.0007566562071116656
1629197714000,0.0011414567433188315
1629197744000,0.003378360914634146
1629197774000,0.004102955711667685
1629197804000,0.005917395756457565
1629197834000,0.010105221820448878
1629197864000,0.0011167081957186543
1629197894000,3.0066585365853662e-05
1629197924000,0.005547528201970443
1629197954000,0.0052007242979242975
1629197984000,0.004476837606318347
1629198014000,0.002414190297149788
1629198044000,3.2342492211838016e-05
1629198074000,0.0037734295343137257
1629198104000,3.0201401584399755e-05
1629198134000,0.0029604374078624077
1629198164000,0.0045265486834047755
1629198194000,0.00555747938271605
1629198224000,0.002353531909701037
1629198254000,0.000696590590405904
1629198284000,0.005235076105651106
1629198314000,0.0019852453927025355
1629198344000,0.008869875572047001
1629198374000,0.0010489879901960783
1629198404000,0.0031929595443349755
1629198434000,0.008317185635018496
1629198464000,0.00851349217603912
1629198494000,0.005330724502487561
1629198524000,0.0008360006849315067
1629198554000,0.004290034742647059
1629198584000,6.083276178812002e-05
1629198614000,3.268305709023941e-05
1629198644000,6.38220987654321e-05
1629198674000,0.006111960420531849
1629198704000,0.009984581334149327
1629198734000,0.0006636131337813072
1629198764000,0.0010527124238733252
1629198794000,0.002680361387354205
1629198824000,0.0007411759462759463
1629198854000,2.9728350833848054e-05
1629198884000,0.005889695925925926
1629198914000,0.001000215625
1629198944000,2.927688564476885e-05
1629198974000,0.002732823478260869
1629199004000,0.005140142092457421
1629199034000,0.0007907483394833947
1629199064000,6.005157310302283e-05
1629199094000,0.0036213812423124226
1629199124000,0.0008008871667699938
1629199154000,0.0006585303604153941
1629199184000,0.0007252444996892481
1629199214000,0.0007288424924012158
1629199244000,0.009806362286063571
1629199274000,0.003591563749224085
1629199304000,3.2180332922318125e-05
1629199334000,5.6562215384615394e-05
1629199364000,0.008479358618581906
1629199394000,0.0007131986642380085
1629199424000,3.114856965174129e-05
1629199454000,0.008678060866910867
1629199484000,0.0011115232515337423
1629199514000,0.0016708604409063075
1629199544000,2.8160399032648132e-05
1629199574000,3.069205378973105e-05
1629199604000,2.840530811470409e-05
1629199634000,0.0013403224938875304
1629199664000,0.0008347799001248438
1629199694000,0.00994085575980392
1629199724000,0.0015014946815089672
1629199754000,4.724531928084315e-05
1629199784000,0.0007594457335788827
1629199814000,0.0007688618292682927
1629199844000,6.164494451294697e-05
1629199874000,0.007002126530612245
1629199904000,0.0007003302769230769
1629199934000,0.002396117393976644
1629199964000,0.013161580706025564
1629199994000,0.0008160455945779421
1629200024000,0.00519849894278607
1629200054000,0.002816875718654434
1629200084000,0.004364944914215687
1629200114000,0.004247186464771323
1629200144000,0.004167157391304348
1629200174000,2.9489376158122295e-05
1629200204000,0.004626637119801364
1629200234000,0.00661039074074074
1629200264000,6.158939863608184e-05
1629200294000,0.0014717127102803738
1629200324000,0.0003288491905354919
1629200354000,0.009385382568807341
1629200384000,0.00534347719080174
1629200414000,0.008882462836185821
1629200444000,0.009941502764127764
1629200474000,0.0008360974280465401
1629200504000,0.0007987651671732522
1629200534000,0.005137400979791794
1629200564000,3.2558333333333336e-05
1629200594000,0.009754863032886724
1629200624000,0.0026716496958637467
1629200654000,0.0029549672582619337
1629200684000,0.0006927383636363638
1629200714000,0.004166240950639854
1629200744000,0.005942743099273608
1629200774000,0.0007377001866832607
1629200804000,0.005553607085643869
1629200834000,0.0030942676307692306
1629200864000,0.0007051296454767727
1629200894000,3.084373854612095e-05
1629200924000,0.005494504226227471
1629200954000,3.202783632982021e-05
1629200984000,0.0008163698442367602
1629201014000,3.083537621359223e-05
1629201044000,0.008908274103831892
1629201074000,3.0926629766297665e-05
1629201104000,0.005014398830769231
1629201134000,0.0044200315561066334
1629201164000,0.010234467117393977
1629201194000,0.012478778385093169
1629201224000,0.00976170910757946
1629201254000,0.002639848473748474
1629201284000,0.007456076398279042
1629201314000,0.0023163994447871683
1629201344000,0.004353277606415793
1629201374000,0.005232022208513263
1629201404000,0.0018126902020820575
1629201434000,0.004515355645664379
1629201464000,0.0007314575552825553
1629201494000,0.005863423457544289
1629201524000,0.0043511761904761895
1629201554000,0.0008137733333333332
1629201584000,0.0010533429900744418
1629201614000,0.0007547156596794081
1629201644000,5.8082530864197535e-05
1629201674000,3.167110834371108e-05
1629201704000,0.0007892043558282209
1629201734000,2.9992079207920788e-05
1629201764000,0.001120668932038835
1629201794000,0.004439386748466258
1629201824000,0.00824119077970297
1629201854000,0.0007292348578491966
1629201884000,0.005855762237330036
1629201914000,0.00236573
1629201944000,0.004969683251231528
1629201974000,3.2336060606060606e-05
1629202004000,0.008900374582560298
1629202034000,0.005005583865030675
1629202064000,0.0051455230153846145
1629202094000,0.005391483883011822
1629202124000,6.138747709224189e-05
1629202154000,0.004556838191881919
1629202184000,0.003992167325509575
1629202214000,0.004590255263157895
1629202244000,3.076716325263811e-05
1629202274000,0.0016655344806392133
1629202304000,0.008831001974090067
1629202334000,0.005034995735475896
1629202364000,0.004259358845437615
1629202394000,2.8877037037037044e-05
1629202424000,0.003267486990881459
1629202454000,2.974591584158416e-05
1629202484000,0.00876621679805943
1629202514000,0.0008008898034398036
1629202544000,0.0017069563725490196
1629202574000,0.006377619298245614
1629202604000,0.005219333272058824
1629202634000,0.004735821841941506
1629202664000,6.305575868372943e-05
1629202694000,0.0024299841425937307
1629202724000,0.001964732731798382
1629202754000,0.0005740287020109691
1629202784000,3.3500304506699154e-05
1629202814000,0.005902023305084746
1629202844000,0.002817824481074481
1629202874000,0.00253044101297097
1629202904000,0.0050076111999999996
1629202934000,0.01057032714987715
1629202964000,2.9395820336868373e-05
1629202994000,0.0072307655747836826
1629203024000,0.005652340555555554
1629203054000,2.9137453874538745e-05
1629203084000,3.0150769230769232e-05
1629203114000,2.983018633540372e-05
1629203144000,0.004364332394366197
1629203174000,0.0010085768665850671
1629203204000,0.00429570359317905
1629203234000,0.002322356843403206
1629203264000,0.00945400505237215
1629203294000,0.0036918364814814814
1629203324000,0.006124511261538462
1629203354000,0.0042234134109001824
1629203384000,3.1040928792569657e-05
1629203414000,0.0036752225369458135
1629203444000,0.0028572819470117066
1629203474000,0.004544424489795918
1629203504000,0.002717468606811145
1629203534000,0.010330845155279504
1629203564000,0.0027710313275434244
1629203594000,0.007958104071560765
1629203624000,0.00535430349907919
1629203654000,0.0062756113761467894
1629203684000,0.006334534415186772
1629203714000,0.004205109701037218
1629203744000,3.0357195345988975e-05
1629203774000,0.004878166363636364
1629203804000,0.004443992703862661
1629203834000,5.465173267326733e-05
1629203864000,0.004467136711990111
1629203894000,0.0007605011117974058
1629203924000,0.003680155534825871
1629203954000,0.004159484340320592
1629203984000,0.005302489032655576
1629204014000,0.0044930097188264064
1629204044000,3.14980331899201e-05
1629204074000,5.890158536585366e-05
1629204104000,0.005252355596330275
1629204134000,0.004305214551083591
1629204164000,0.0060935875695732845
1629204194000,0.0049601475572047
1629204224000,0.005275074069478908
1629204254000,0.001987555569230769
1629204284000,0.004018682878411911
1629204314000,5.4881867798665865e-05
1629204344000,3.097012195121951e-05
1629204374000,0.0008202111931119311
1629204404000,0.002544109532595326
1629204434000,3.3634003656307126e-05
1629204464000,3.0442532267977876e-05
1629204494000,0.0007442360818350898
1629204524000,0.0046750249068322975
1629204554000,3.0784868822452725e-05
1629204584000,2.900307314074985e-05
1629204614000,2.8973561811505512e-05
1629204644000,0.002095645934202359
1629204674000,3.102966417910448e-05
1629204704000,5.934331288343558e-05
1629204734000,3.1780538555691556e-05
1629204764000,0.00286666439854192
1629204794000,0.004864585925925926
1629204824000,0.009538882208588955
1629204854000,0.006593400678593461
1629204884000,0.004291962751065125
1629204914000,0.009456400739371536
1629204944000,0.005046103794369645
1629204974000,0.0036749617034313726
1629205004000,0.005880084226552985
1629205034000,0.0034425059655596555
1629205064000,0.0009925079510703363
1629205094000,3.0065455665024627e-05
1629205124000,0.0007320890864500306
1629205154000,0.0009417288957055213
1629205184000,3.981021538461538e-05
1629205214000,0.00451862186927306
1629205244000,0.0008847218461538463
1629205274000,0.004012708711433757
1629205304000,0.008561599568699941
1629205334000,0.005333586980440098
1629205364000,0.0056333148125384145
1629205394000,0.007845893857493857
1629205424000,0.006332390937306021
1629205454000,0.004379441387705417
1629205484000,0.005058801278149725
1629205514000,5.7851717791411045e-05
1629205544000,0.004158609570552147
1629205574000,0.005289113910921293
1629205604000,2.7563669950738915e-05
1629205634000,0.0035862116819571866
1629205664000,0.0027517920858895705
1629205694000,0.0009170436241610738
1629205724000,3.0475597792765168e-05
1629205754000,0.0025384603155339806
1629205784000,0.0010226654443753883
1629205814000,0.005259026105919003
1629205844000,0.004454570684433677
1629205874000,0.0046486611967921036
1629205904000,0.001456789395807645
1629205934000,0.004421018611793612
1629205964000,0.0010501337245213097
1629205994000,0.004517197249388753
1629206024000,0.0008755558481322719
1629206054000,2.9740246153846153e-05
1629206084000,0.010243452345679013
1629206114000,0.008744421305418719
1629206144000,0.004538123697270471
1629206174000,5.6424022346368713e-05
1629206204000,0.004437847732843137
1629206234000,3.178978593272171e-05
1629206264000,3.016828220858896e-05
1629206294000,0.0023930608883405307
1629206324000,0.005553477278325123
1629206354000,3.147917181705809e-05
1629206384000,0.004946942383292382
1629206414000,3.175785932721713e-05
1629206444000,0.0043547426229508185
1629206474000,0.004525589839901478
1629206504000,0.005058038660110633
1629206534000,0.0043405586292834895
1629206564000,0.001019984699453552
1629206594000,0.005205690640394088
1629206624000,0.0045680320245398785
1629206654000,0.002891206223043746
1629206684000,0.0031745265281173593
1629206714000,0.007629748116121063
1629206744000,0.005512897370030581
1629206774000,0.006599268948655257
1629206804000,0.004339711486486486
1629206834000,2.9167850467289722e-05
1629206864000,0.009495139298892988
1629206894000,3.138478664192949e-05
1629206924000,0.00609596851275669
1629206954000,0.005480599814356436
1629206984000,0.004443371051014136
1629207014000,0.0037969370642201845
1629207044000,0.0007094169659442724
1629207074000,0.003585182743902439
1629207104000,0.0016164852237890866
1629207134000,0.005395914232902034
1629207164000,0.006422636068585425
1629207194000,2.9652168601099573e-05
1629207224000,0.004927710755992625
1629207254000,0.007159937675840978
1629207284000,0.007621375476336816
1629207314000,0.004774523903644225
1629207344000,0.0007130383262583384
1629207374000,0.0044695163681284745
1629207404000,0.0007689692024539878
1629207434000,0.006789254171779141
1629207464000,0.007333887706422019
1629207494000,0.0006401178199632577
1629207524000,3.0615716019417474e-05
1629207554000,0.0044746415024630535
1629207584000,0.0006295357361026267
1629207614000,5.6053705953827466e-05
1629207644000,0.004692668099688472
1629207674000,0.003194205064063453
1629207704000,0.0007721798011187072
1629207734000,0.005796352735095267
1629207764000,0.005148961505507956
1629207794000,0.0007790151070336392
1629207824000,0.00881628164014688
1629207854000,0.004133567921036398
1629207884000,0.008693820994475137
1629207914000,0.002627751183063512
1629207944000,3.0990141712877395e-05
1629207974000,0.002528144533169533
1629208004000,0.005277923172242875
1629208034000,3.0036211180124225e-05
1629208064000,0.0009685422018348623
1629208094000,0.004475418548387097
1629208124000,0.00025679225526641883
1629208154000,3.236149106592729e-05
1629208184000,0.005151500613496933
1629208214000,0.006970319789734076
1629208244000,6.126384425216316e-05
1629208274000,0.002967730304915993
1629208304000,3.289142504626773e-05
1629208334000,0.008569654718137256
1629208364000,0.0027620471028037387
1629208394000,0.005594682162492364
1629208424000,0.01049752607891492
1629208454000,2.7746065375302667e-05
1629208484000,0.004513083762254903
1629208514000,0.000854302717726992
1629208544000,0.0018327154222766214
1629208574000,0.0044854213712168
1629208604000,0.004516156397515528
1629208634000,0.0012913176470588233
1629208664000,0.00520001011649295
1629208694000,0.0015714174554394592
1629208724000,3.292218807621389e-05
1629208754000,0.004556703696857671
1629208784000,0.0067996361416361424
1629208814000,0.004442710578718108
1629208844000,0.002317212629652227
1629208874000,0.005501517383292383
1629208904000,2.9381369524984578e-05
1629208934000,0.002318246107055961
1629208964000,3.493273067331671e-05
1629208994000,0.004439264017252003
1629209024000,0.006963439232673267
1629209054000,0.00022690813664596275
1629209084000,0.004919256162720097
1629209114000,0.004545069685767097
1629209144000,0.0050469400367872475
1629209174000,0.004495925824175824
1629209204000,2.86705918242831e-05
1629209234000,0.0044725004904966285
1629209264000,0.0010847648351648349
1629209294000,0.0051420800489596075
1629209324000,0.00294825646842428
1629209354000,0.006523817501546072
1629209384000,0.0058543304293715
1629209414000,0.004428472495446266
1629209444000,0.004507730531520395
1629209474000,0.004440455113288426
1629209504000,0.0009688230295566504
1629209534000,2.964633251833741e-05
1629209564000,6.537766810610734e-05
1629209594000,0.004314884553846154
1629209624000,0.0010066683559950558
1629209654000,3.147369402985075e-05
1629209684000,0.0044518539367637945
1629209714000,0.006910818482252142
1629209744000,0.0011392354601226994
1629209774000,3.0431060136391815e-05
1629209804000,0.004523872379778053
1629209834000,0.0029290541589648803
1629209864000,0.0026559214417744923
1629209894000,0.004241343719211823
1629209924000,0.004121838442673206
1629209954000,3.148763702801461e-05
1629209984000,3.15744014732965e-05
1629210014000,0.0011724870042708966
1629210044000,6.961845310596834e-05
1629210074000,0.0007910156874621441
1629210104000,0.0029621116180048664
1629210134000,0.00032851687192118233
1629210164000,0.004625502325581395
1629210194000,0.005420783725247525
1629210224000,0.002890947235872236
1629210254000,0.005091084582829504
1629210284000,3.057953573610263e-05
1629210314000,6.466185185185186e-05
1629210344000,0.0007785570728720148
1629210374000,6.620061124694376e-05
1629210404000,0.004661971454767726
1629210434000,0.0026375989499691174
1629210464000,0.004407846276923077
1629210494000,0.006967267554179567
1629210524000,3.178697247706422e-05
1629210554000,0.0017678141795665636
1629210584000,0.00892368003629764
1629210614000,0.005262006527093596
1629210644000,0.00835555024691358
1629210674000,0.0006895697916666668
1629210704000,3.1877930174563594e-05
1629210734000,2.9841226993865034e-05
1629210764000,0.007895626113483831
1629210794000,3.1734238124614426e-05
1629210824000,0.001076076514678326
1629210854000,0.000681357169117647
1629210884000,3.001705521472393e-05
1629210914000,0.004966481330868761
1629210944000,0.008823559409594095
1629210974000,0.004449592331670822
1629211004000,0.007364238741517581
1629211034000,0.005182844776119403
1629211064000,0.0046392338528678315
1629211094000,3.5431601466992666e-05
1629211124000,0.006898123288508557
1629211154000,0.005172097971727106
1629211184000,0.0025388978842563787
1629211214000,3.160251997541487e-05
1629211244000,0.0007331905314599878
1629211274000,3.1178740157480314e-05
1629211304000,2.9044322344322345e-05
1629211334000,0.004556645003065604
1629211364000,0.005073253916768666
1629211394000,3.286517967781908e-05
1629211424000,0.005240598572315332
1629211454000,0.0007439158056580566
1629211484000,0.00842713316892725
1629211514000,2.940935960591133e-05
1629211544000,0.005571547033639144
1629211574000,0.005627569216646268
1629211604000,0.005882686666666667
1629211634000,2.9509184290030212e-05
1629211664000,0.005216167575945443
1629211694000,0.007122637776412776
1629211724000,0.009303802867830424
1629211754000,0.0050680189655172405
1629211784000,2.785435709932968e-05
1629211814000,0.0036289872157344812
1629211844000,6.0549695493300855e-05
1629211874000,0.001086260667903525
1629211904000,6.746515337423313e-05
1629211934000,0.006285517824216349
1629211964000,0.002963979460453709
1629211994000,0.005423438805970149
1629212024000,3.116876528117359e-05
1629212054000,0.008844640183486241
1629212084000,0.0006848984058859597
1629212114000,3.147362301101592e-05
1629212144000,0.004246090484960097
1629212174000,3.1149415384615386e-05
1629212204000,3.0228175092478418e-05
1629212234000,6.675504305043051e-05
1629212264000,0.0016866364525993886
1629212294000,3.0997787338660104e-05
1629212324000,0.0007623845252774352
1629212354000,3.155532963647566e-05
1629212384000,0.0013136799270072994
1629212414000,0.003789666871921182
1629212444000,0.0006529645381277122
1629212474000,0.0045385266418835205
1629212504000,6.386342648845686e-05
1629212534000,0.008892515590062112
1629212564000,5.674566014669927e-05
1629212594000,0.0014621954742715438
1629212624000,2.791867582760775e-05
1629212654000,0.008349891943419434
1629212684000,0.010461356513647643
1629212714000,0.0072955683497536936
1629212744000,0.005247116614810205
1629212774000,3.0774276923076925e-05
1629212804000,0.004550582092307692
1629212834000,6.245763125763125e-05
1629212864000,3.26780062305296e-05
1629212894000,2.865822550831793e-05
1629212924000,3.209687116564417e-05
1629212954000,0.005269042954686529
1629212984000,0.0029690772049689442
1629213014000,0.0010549424708051628
1629213044000,3.102659705159705e-05
1629213074000,6.209189857761286e-05
1629213104000,0.00994691757836509
1629213134000,0.002691376654411765
1629213164000,3.022483180428135e-05
1629213194000,6.481967012828345e-05
1629213224000,0.00706119093730602
1629213254000,0.009281203368034292
1629213284000,0.005274095561035758
1629213314000,0.003835723379769836
1629213344000,2.9786536107711134e-05
1629213374000,0.005307126542056075
1629213404000,0.007345529733009709
1629213434000,3.0987843616371414e-05
1629213464000,3.472299564947172e-05
1629213494000,3.2725108493490385e-05
1629213524000,0.00489743498470948
1629213554000,0.0049876350713842325
1629213584000,2.7698968446601946e-05
1629213614000,6.43588163514338e-05
1629213644000,0.005127692896174863
1629213674000,0.004153290391676868
1629213704000,2.958583797155225e-05
1629213734000,0.005192915561066336
1629213764000,0.0043623022713321045
1629213794000,3.240305486284289e-05
1629213824000,0.002380189678615575
1629213854000,0.002791010097919217
1629213884000,0.0009884223871366726
1629213914000,0.001100558947368421
1629213944000,3.299707317073171e-05
1629213974000,0.00505412695599022
1629214004000,0.005188067014742015
1629214034000,3.185061500615006e-05
1629214064000,0.0007107584813227188
1629214094000,3.097296137339056e-05
1629214124000,0.009985399325153374
1629214154000,0.010137600123609394
1629214184000,0.005521728826060232
1629214214000,3.236697473813925e-05
1629214244000,3.079247378161629e-05
1629214274000,3.0453762135922333e-05
1629214304000,3.679932598039216e-05
1629214334000,0.004832773022685468
1629214364000,0.00587052271062271
1629214394000,0.004969240174129353
1629214424000,0.0024488619666048236
1629214454000,0.0014762540490797546
1629214484000,3.23680546923555e-05
1629214514000,0.007106484066955983
1629214544000,0.004440321149144254
1629214574000,0.0017855191831683168
1629214604000,0.005136868895705521
1629214634000,0.0014884838570548367
1629214664000,0.004501261196792104
1629214694000,0.006832504904966279
1629214724000,2.872507739938081e-05
1629214754000,0.005348644670363525
1629214784000,0.0035287764272559853
1629214814000,0.0029013990803188226
1629214844000,3.1980540208717e-05
1629214874000,3.0076032039433147e-05
1629214904000,5.769822629969419e-05
1629214934000,0.006249091839220463
1629214964000,0.006191361391625616
1629214994000,0.0008009014101778049
1629215024000,0.0010111501842751842
1629215054000,0.008874069003690036
1629215084000,0.009712386022167488
1629215114000,0.004214080086580086
1629215144000,6.218130030959752e-05
1629215174000,2.9178149726110773e-05
1629215204000,0.0006102196506550218
1629215234000,3.0626344743276286e-05
1629215264000,3.0383557457212712e-05
1629215294000,0.005174125473427001
1629215324000,0.008961486670724285
1629215354000,6.533605947955389e-05
1629215384000,0.0011140959826946848
1629215414000,0.009643874843945069
1629215444000,0.0017944026510480888
1629215474000,0.001112234150827713
1629215504000,6.103986402966625e-05
1629215534000,0.002754983096853794
1629215564000,3.033458925262508e-05
1629215594000,0.0008031681372549018
1629215624000,0.00462746674907293
1629215654000,0.005213084553846154
1629215684000,0.005253336884236453
1629215714000,0.003823360981595092
1629215744000,0.0007274944479101685
1629215774000,3.07318928788801e-05
1629215804000,0.008110741052631579
1629215834000,6.349133374308542e-05
1629215864000,0.0064326293438639135
1629215894000,0.002783221206581353
1629215924000,0.0049284062345679005
1629215954000,0.004435867648864334
1629215984000,5.9579504643962855e-05
1629216014000,0.004443754333128457
1629216044000,3.066318681318681e-05
1629216074000,0.0010312100369458128
1629216104000,0.009559380048959608
1629216134000,0.006363796482716798
1629216164000,0.0009684119631901839
1629216194000,0.0009759052696078432
1629216224000,3.0588730650154805e-05
1629216254000,0.009245729436964504
1629216284000,0.004287188514357053
1629216314000,3.0080645161290328e-05
1629216344000,0.002190182547458665
1629216374000,3.207241379310345e-05
1629216404000,6.281970534069981e-05
1629216434000,3.125717806531115e-05
1629216464000,0.004690217708978328
1629216494000,0.0023355176758409787
1629216524000,0.00444286854690374
1629216554000,0.004430375522755227
1629216584000,0.000797085305105853
1629216614000,0.0058545998165137605
1629216644000,0.00867266617375231
1629216674000,0.0034613794746487475
1629216704000,2.8436145320197045e-05
1629216734000,0.00013468139825218478
1629216764000,3.2544594594594595e-05
1629216794000,0.0016070217712177122
1629216824000,0.00810001996268657
1629216854000,0.005025214990746453
1629216884000,0.0077043605875153
1629216914000,0.0048456740220048896
1629216944000,3.0800806451612903e-05
1629216974000,0.011036649846342962
1629217004000,0.0010084832718327183
1629217034000,0.0028085051713395643
1629217064000,0.0018513584662576688
1629217094000,3.1579780085522305e-05
1629217124000,0.003483876304481277
1629217154000,6.281928527418361e-05
1629217184000,0.0022940520681265205
1629217214000,0.005242634553349876
1629217244000,0.000696932224276032
1629217274000,0.0009985913602941175
1629217304000,0.004551672069825437
1629217334000,0.0073251901477832514
1629217364000,0.0060608143384615395
1629217394000,0.00929074965646471
1629217424000,0.0049859234107579465
1629217454000,0.005017310895883777
1629217484000,0.011068154171855542
1629217514000,0.0007392988329238329
1629217544000,0.0053896786159601
1629217574000,0.000978210886850153
1629217604000,2.8665434380776344e-05
1629217634000,2.990666255397902e-05
1629217664000,0.005293134345939244
1629217694000,0.008330851957737726
1629217724000,0.004422057821059039
1629217754000,0.006283390340557276
1629217784000,0.0017456195302843016
1629217814000,0.0042107951672862454
1629217844000,0.004239045354523227
1629217874000,0.001755523190184049
1629217904000,0.007580112208588956
1629217934000,0.005114150458715596
1629217964000,6.188478787878788e-05
1629217994000,0.004390916095471236
1629218024000,0.0016256146674953386
1629218054000,0.0007587069349845201
1629218084000,0.00952212496962333
1629218114000,0.008608435195530726
1629218144000,0.0042606019112207145
1629218174000,0.009059270823244552
1629218204000,0.0011714277538461535
1629218234000,0.0010730893366398015
1629218264000,3.1780990712074306e-05
1629218294000,0.0008076230722525805
1629218324000,0.006946690322580646
1629218354000,5.643535539215686e-05
1629218384000,0.006002376368159204
1629218414000,0.008606099755201959
1629218444000,0.004519553207086133
1629218474000,0.005079701976528722
1629218504000,0.008733343730697963
1629218534000,3.4440507111935684e-05
1629218564000,0.0051462509503372176
1629218594000,0.0007595480049875313
1629218624000,0.004438380621572212
1629218654000,6.617780517879163e-05
1629218684000,0.0045221140749846355
1629218714000,0.00716211865127582
1629218744000,0.005273051135666053
1629218774000,3.0660420531849104e-05
1629218804000,0.0018002118299445468
1629218834000,0.004996619716574245
1629218864000,0.0010589758812615958
1629218894000,0.0014300464440321586
1629218924000,0.005864142464917632
1629218954000,2.950074349442379e-05
1629218984000,0.0007716012307692308
1629219014000,0.0006626116038882139
1629219044000,0.003467336858190709
1629219074000,3.0277314530962604e-05
1629219104000,0.005141639325153375
1629219134000,0.0023209139109212932
1629219164000,0.0029481869883934025
1629219194000,0.0026890974892835274
1629219224000,0.0007543075563680682
1629219254000,0.005202949197530864
1629219284000,0.005164969589209074
1629219314000,0.007852906219512195
1629219344000,0.00517591443361754
1629219374000,0.005170619926650367
1629219404000,0.003532163414634147
1629219434000,0.003628785899814472
1629219464000,3.091220400728598e-05
1629219494000,0.0006802081768625076
1629219524000,0.0017346610461538461
1629219554000,0.005309670997536946
1629219584000,0.0044606039706780705
1629219614000,0.007200671350030544
1629219644000,0.009706117763975156
1629219674000,0.0037704719169719173
1629219704000,0.005094991349693253
1629219734000,0.004449995978062157
1629219764000,0.003519759232175503
1629219794000,0.005500263408674404
1629219824000,0.0043467087277197294
1629219854000,0.0045441607540173045
1629219884000,0.00553799520631068
1629219914000,0.009660621736490587
1629219944000,0.004933877244772448
1629219974000,0.004250832566811685
1629220004000,0.002337039332096475
1629220034000,0.01062449385270846
1629220064000,3.2052478314745976e-05
1629220094000,0.005213137228091982
1629220124000,0.004529602711028959
1629220154000,0.004504401723076923
1629220184000,0.0017055713500305435
1629220214000,3.03611449451888e-05
1629220244000,0.0008296337393422657
1629220274000,0.005087219021065676
1629220304000,0.004617333083645443
1629220334000,0.0040989890191239975
1629220364000,3.496792103639729e-05
1629220394000,0.0044257033454987845
1629220424000,0.003601439252908757
1629220454000,0.005327018075980392
1629220484000,0.004221909231722429
1629220514000,0.0010362975046787275
1629220544000,0.009602846365302382
1629220574000,0.007275111437308869
1629220604000,0.005125495027624309
1629220634000,0.00541860479409957
1629220664000,0.009647056543209876
1629220694000,0.003917085232843137
1629220724000,0.0050594999383857045
1629220754000,3.1306265206812655e-05
1629220784000,0.0051475683364254786
1629220814000,0.0074045517391304345
1629220844000,0.005309352605459057
1629220874000,3.0048e-05
1629220904000,0.004169268184615385
1629220934000,2.9770627666057287e-05
1629220964000,0.004546563535228677
1629220994000,0.0005620168525402727
1629221024000,0.0010772055893074118
1629221054000,0.009333404848484848
1629221084000,0.010656988357843138
1629221114000,0.0013990957998764669
1629221144000,2.9433435960591132e-05
1629221174000,3.5345784615384614e-05
1629221204000,3.536627978008552e-05
1629221234000,0.010872346106683016
1629221264000,0.0007289930841121496
1629221294000,0.0052977011699507385
1629221324000,0.008615027573529412
1629221354000,0.008962020232985899
1629221384000,0.0028532791821561337
1629221414000,0.009229175369458128
1629221444000,0.004467478017241379
1629221474000,2.8513636363636363e-05
1629221504000,0.0014040383636363635
1629221534000,0.004237731437308869
1629221564000,0.00437803134872418
1629221594000,0.005164819803198032
1629221624000,3.0016450216450213e-05
1629221654000,2.7938551980198022e-05
1629221684000,0.008324060733944955
1629221714000,0.004550645594577942
1629221744000,0.006480201241464929
1629221774000,0.005113392417650715
1629221804000,0.0014014953374233126
1629221834000,0.0027118677222898904
1629221864000,0.0012757562885326757
1629221894000,0.009290548320097741
1629221924000,0.004412765548780488
1629221954000,0.00969078979591837
1629221984000,0.0010263293357933578
1629222014000,3.089865196078431e-05
1629222044000,0.005247317719950434
1629222074000,0.004249520672782874
1629222104000,3.0712228429546864e-05
1629222134000,0.0029101322640345466
1629222164000,3.1178032178217825e-05
1629222194000,0.002638827531837477
1629222224000,0.0052017986996904025
1629222254000,0.005061548529411764
1629222284000,6.274348623853211e-05
1629222314000,3.082272449602932e-05
1629222344000,0.00408790811309158
1629222374000,3.0821162079510696e-05
1629222404000,0.0010838480416156672
1629222434000,0.004454386879215204
1629222464000,6.327015479876161e-05
1629222494000,0.008864049844816884
1629222524000,0.0008944752463054187
1629222554000,0.005015149043800122
1629222584000,0.0029051083281924736
1629222614000,0.00574983125
1629222644000,3.0023841463414637e-05
1629222674000,2.955931888544892e-05
1629222704000,0.0007432263829787233
1629222734000,0.0045481877563704155
1629222764000,0.01065728212324588
1629222794000,0.004467461922365989
1629222824000,0.0008268512630930376
1629222854000,3.052446483180428e-05
1629222884000,0.004189103138461539
1629222914000,0.008322056728395063
1629222944000,6.257054409005629e-05
1629222974000,0.006919789200732154
1629223004000,0.005042054192355117
1629223034000,2.979086450030656e-05
1629223064000,0.004224217970660147
1629223094000,0.004436053186274509
1629223124000,0.005100074119827054
1629223154000,3.166849907350216e-05
1629223184000,2.9300123304562267e-05
1629223214000,0.0008553212530712531
1629223244000,0.005310344121287129
1629223274000,0.0052664112063686465
1629223304000,0.0023908680221811467
1629223334000,0.0043197423832923845
1629223364000,0.008718018573185733
1629223394000,2.9420634920634917e-05
1629223424000,3.085529556650246e-05
1629223454000,2.7752762259466167e-05
1629223484000,0.004495643858560793
1629223514000,0.0044941153893317
1629223544000,0.007432585130111523
1629223574000,0.0035880688998156116
1629223604000,0.009521177297626294
1629223634000,0.004505166076876144
1629223664000,0.0045654493811881185
1629223694000,0.004486929914529914
1629223724000,6.49218982630273e-05
1629223754000,0.0044628391676866585
1629223784000,2.9652701882210084e-05
1629223814000,0.0010837392592592593
1629223844000,0.0016633770704573547
1629223874000,0.0007860202219482121
1629223904000,0.0035226879657910813
1629223934000,0.00515008488372093
1629223964000,3.2382728948985865e-05
1629223994000,0.004199180931677019
1629224024000,2.936440886699507e-05
1629224054000,0.005314835846724351
1629224084000,6.234928704277743e-05
1629224114000,0.0007602345386533666
1629224144000,3.0134233128834362e-05
1629224174000,0.0014798297780517881
1629224204000,0.00581431778319123
1629224234000,0.004657862111801242
1629224264000,0.0044644009876543215
1629224294000,0.0007975584249084249
1629224324000,0.005258326904176904
1629224354000,0.0025518146430750462
1629224384000,3.1150093457943924e-05
1629224414000,0.0023171856532356533
1629224444000,0.009080855407047388
1629224474000,0.0066124205613178775
1629224504000,0.0017982449090909094
1629224534000,0.006181860110974107
1629224564000,0.005284721940667491
1629224594000,3.179007960808328e-05
1629224624000,0.004629960394818013
1629224654000,2.854664202094886e-05
1629224684000,0.006394792254840725
1629224714000,0.0031732465846153845
1629224744000,0.0043257173316708225
1629224774000,2.8188625304136248e-05
1629224804000,6.0965462339252905e-05
1629224834000,3.221675908810844e-05
1629224864000,0.005134097769516729
1629224894000,0.0011222483292079206
1629224924000,0.00459089088127295
1629224954000,0.0010943408373786409
1629224984000,0.004490011692307692
1629225014000,0.004521566605392157
1629225044000,0.0034153556037151704
1629225074000,0.004589555479876161
1629225104000,0.0014915486301369865
1629225134000,5.6214823965410754e-05
1629225164000,0.009528535489833642
1629225194000,5.809552696078431e-05
1629225224000,0.006820463395061729
1629225254000,6.01177599009901e-05
1629225284000,0.004521186772810778
1629225314000,0.006191276048632219
1629225344000,6.451490797546012e-05
1629225374000,0.0058103819306930685
1629225404000,0.0023028224339274733
1629225434000,0.002882901235330451
1629225464000,0.003907897711811998
1629225494000,0.0007178547987616099
1629225524000,0.0018109089751364464
1629225554000,0.0007361367235079173
1629225584000,0.0044274822222222215
1629225614000,3.342239902080784e-05
1629225644000,3.0294427244582044e-05
1629225674000,3.073534161490683e-05
1629225704000,0.008903483616504854
1629225734000,3.0005382262996944e-05
1629225764000,3.308630989421282e-05
1629225794000,0.007605925558312654
1629225824000,0.000745996729254997
1629225854000,2.961003717472119e-05
1629225884000,5.618260073260075e-05
1629225914000,3.4903650990099013e-05
1629225944000,0.006837344288332315
1629225974000,0.006412593715680293
1629226004000,0.012283531680099194
1629226034000,0.005271776616915423
1629226064000,0.008632898468137255
1629226094000,0.0045347537414965975
1629226124000,0.004629344852941177
1629226154000,0.004198244580526638
1629226184000,0.0005783697832817338
1629226214000,0.004125587092808851
1629226244000,0.0059787552451893225
1629226274000,0.005784679608083282
1629226304000,0.002409108007334964
1629226334000,2.9787461773700306e-05
1629226364000,0.005205833125778331
1629226394000,0.010061312492269636
1629226424000,0.0052771295861643
1629226454000,0.004537389179331307
1629226484000,0.0016366209359605912
1629226514000,0.006577555233990147
1629226544000,0.0009601381040892194
1629226574000,0.00514766670739157
1629226604000,2.859969040247678e-05
1629226634000,0.000704575138121547
1629226664000,0.004967039691358025
1629226694000,0.006271354140914709
1629226724000,0.00932998486924035
1629226754000,2.9312561274509803e-05
1629226784000,0.005146869912609238
1629226814000,0.0043939439159975295
1629226844000,0.004404695354523228
1629226874000,0.005200901305158484
1629226904000,0.0027875616321559075
1629226934000,3.052293972939729e-05
1629226964000,0.0045374872157344795
1629226994000,0.002579836589919104
1629227024000,3.0691145510835906e-05
1629227054000,0.005140772705018361
1629227084000,0.00458240006203474
1629227114000,0.004982810513447433
1629227144000,0.009675165945611866
1629227174000,0.010261791360294118
1629227204000,0.00858355114835506
1629227234000,0.004732989770613763
1629227264000,0.0038557563670411983
1629227294000,3.4017181705809636e-05
1629227324000,0.004226501405009163
1629227354000,0.004289892540073983
1629227384000,2.965244582043344e-05
1629227414000,0.01567108905380334
1629227444000,0.013750451386321626
1629227474000,0.06307219539877301
1629227504000,0.06257230797773655
1629227534000,0.0643799413835701
1629227564000,0.06705102721674877
1629227594000,0.0634655074074074
1629227624000,0.005192252512254902
1629227654000,0.0005959820403176543
1629227684000,0.006267917277812307
1629227714000,0.011752613696060038
1629227744000,0.0008014983980283426
1629227774000,0.005547991358024691
1629227804000,0.0026830628815628817
1629227834000,0.001007086744759556
1629227864000,0.009508776463339495
1629227894000,0.004256858011049724
1629227924000,0.009374047828746178
1629227954000,3.6186751361161516e-05
1629227984000,0.004426767463235294
1629228014000,3.232198407838334e-05
1629228044000,0.0006925017813267814
1629228074000,0.004880204470300061
1629228104000,0.006948322173641474
1629228134000,0.008449741046153847
1629228164000,0.0010340784482758619
1629228194000,0.00529967478314746
1629228224000,0.0006825761699507389
1629228254000,4.311439854191981e-05
1629228284000,0.005234865582822086
1629228314000,0.004340504857316333
1629228344000,3.0267647058823528e-05
1629228374000,0.0071484233702337014
1629228404000,0.0014336769708255745
1629228434000,0.0014139643339472069
1629228464000,0.0069326557657108
1629228494000,0.008575852776044916
1629228524000,0.0042276811603243905
1629228554000,0.009759170229956494
1629228584000,0.005739801059850374
1629228614000,0.011976756627978008
1629228644000,0.0027798962287104625
1629228674000,2.8731790123456788e-05
1629228704000,5.897544396815678e-05
1629228734000,0.0029462364417177913
1629228764000,0.0010396443006777572
1629228794000,0.0035444872
1629228824000,0.007785731779141105
1629228854000,0.003270046294046173
1629228884000,0.008391187530413626
1629228914000,3.121653200745805e-05
1629228944000,0.004385181588669951
1629228974000,3.3983539603960394e-05
1629229004000,0.0028950161250766407
1629229034000,3.0459660811629314e-05
1629229064000,3.351878109452736e-05
1629229094000,0.0014880401846153845
1629229124000,0.005440497104128157
1629229154000,0.002775283405039951
1629229184000,0.005260997107692308
1629229214000,0.002459010754017305
1629229244000,5.776009852216749e-05
1629229274000,0.0023108318681318678
1629229304000,0.005277449084249084
1629229334000,0.009598256984615385
1629229364000,0.0007448876988984088
1629229394000,6.114323331292099e-05
1629229424000,0.001094177003058104
1629229454000,0.006189869402534702
1629229484000,0.008177396943765281
1629229514000,0.005688435128518972
1629229544000,0.00565476705955335
1629229574000,2.9819585112873707e-05
1629229604000,0.00453059618696187
1629229634000,0.0041564848280098285
1629229664000,0.00458315955882353
1629229694000,0.0053190904909881905
1629229724000,0.0035336100062150406
1629229754000,0.0010729901399878273
1629229784000,5.986320293398533e-05
1629229814000,5.451277372262774e-05
1629229844000,0.005827486740331492
1629229874000,0.0014171923029174425
1629229904000,2.6153121175030603e-05
1629229934000,0.004557533210558625
1629229964000,3.515781057810578e-05
1629229994000,0.004363107332101048
1629230024000,0.012425057090239413
1629230054000,0.008450306621704477
1629230084000,0.0009085355721393037
1629230114000,0.006141483860955928
1629230144000,0.0054269047268262725
1629230174000,0.005181256940160395
1629230204000,0.005327638267813268
1629230234000,0.00690120884685784
1629230264000,0.002930442262996942
1629230294000,2.9850679851668733e-05
1629230324000,5.844576477757464e-05
1629230354000,0.0008141028272894899
1629230384000,0.0007635233027522936
1629230414000,6.112351863164325e-05
1629230444000,0.0024117431734317343
1629230474000,3.557721441661576e-05
1629230504000,0.001005339517625232
1629230534000,0.004095069135802469
1629230564000,0.006654597513983841
1629230594000,0.0034874451040391675
1629230624000,0.004185826357535082
1629230654000,0.004197510974106042
1629230684000,0.009412188158710477
1629230714000,0.002520574658385093
1629230744000,3.078975791433892e-05
1629230774000,5.927941534713764e-05
1629230804000,0.004231971517027863
1629230834000,0.005184205853658537
1629230864000,3.388185185185185e-05
1629230894000,0.0008184209937888197
1629230924000,0.007770286236297198
1629230954000,0.0039447265931372546
1629230984000,0.004245193862368258
1629231014000,0.002933238513513513
1629231044000,0.00629435
1629231074000,0.0024721081619937693
1629231104000,0.0042674424411400244
1629231134000,3.472099143206854e-05
1629231164000,0.002115653669154229
1629231194000,0.005766728430160692
1629231224000,0.0037165218596059107
1629231254000,0.005706971076923077
1629231284000,0.0037634779126213594
1629231314000,0.007946846884639112
1629231344000,3.5763842848373244e-05
1629231374000,3.300204081632653e-05
1629231404000,0.006433057696969697
1629231434000,3.4206593406593405e-05
1629231464000,3.861704897706138e-05
1629231494000,3.1690762554246754e-05
1629231524000,0.004527914163614164
1629231554000,0.005777510048721072
1629231584000,0.005236641846153846
1629231614000,0.0007230917951881555
1629231644000,0.0005852321295143213
1629231674000,3.625813953488372e-05
1629231704000,0.000839098786407767
1629231734000,6.034497223935842e-05
1629231764000,0.007515760402684563
1629231794000,3.412817073170732e-05
1629231824000,0.006283773224043715
1629231854000,0.0055726556969696965
1629231884000,3.22824e-05
1629231914000,0.0005178456626506023
1629231944000,0.0005918497267759562
1629231974000,6.353124616329037e-05
1629232004000,6.286453172205438e-05
1629232034000,0.0038564152469135796
1629232064000,0.001001931076923077
1629232094000,0.0008835036742192283
1629232124000,3.30724736515809e-05
1629232154000,2.98345869297164e-05
1629232184000,3.309602203182374e-05
1629232214000,0.003955342760736196
1629232244000,0.007259409208103132
1629232274000,0.0041325765682656826
1629232304000,0.0033553862368257904
1629232334000,0.0040985654501216546
1629232364000,0.0006615559393939392
1629232394000,3.378944478340452e-05
1629232424000,0.00828609315403423
1629232454000,3.2281401115933035e-05
1629232484000,0.004506528921568627
1629232514000,0.003935621078431373
1629232544000,0.008086733070866142
1629232574000,0.0046693926443769
1629232604000,3.3703992628992626e-05
1629232634000,0.002390329090909091
1629232664000,0.0006852829852579853
1629232694000,0.0008456192024539877
1629232724000,0.004642661468446602
1629232754000,0.0058344405156537755
1629232784000,3.428901769371568e-05
1629232814000,0.004080493296770262
1629232844000,0.008966735461872287
1629232874000,0.004440930332922318
1629232904000,0.002809876499388005
1629232934000,0.0038149054187192116
1629232964000,0.0007450958862673926
1629232994000,0.0041555257334963324
1629233024000,0.007237808149509805
1629233054000,3.2460953530476756e-05
1629233084000,0.0022031122860635697
1629233114000,0.0033982534841075795
1629233144000,0.006717256345800122
1629233174000,0.0063158101767215105
1629233204000,0.0037159848765432103
1629233234000,3.145140758873929e-05
1629233264000,0.0005566602103960396
1629233294000,0.002677660743034056
1629233324000,3.222038060159607e-05
1629233354000,0.003040968472306756
1629233384000,0.0047956341748768465
1629233414000,0.003981821506682868
1629233444000,3.810116065974343e-05
1629233474000,0.009336516164720345
1629233504000,0.00578165054945055
1629233534000,0.004425052489244008
1629233564000,0.003998013875305624
1629233594000,0.007275765052115267
1629233624000,0.005922192246642246
1629233654000,0.006535645297029703
1629233684000,0.003856214598540146
1629233714000,0.004138269283065514
1629233744000,0.0071878447660098516
1629233774000,0.0061043102722772285
1629233804000,3.437879341864717e-05
1629233834000,0.003978420294297977
1629233864000,6.302776064157927e-05
1629233894000,0.0009432961585365854
1629233924000,3.4976689398636084e-05
1629233954000,0.005538550248138958
1629233984000,0.003968652717391304
1629234014000,0.003049175843041079
1629234044000,0.004217937583485125
1629234074000,0.006192319577377253
1629234104000,0.003242735552840562
1629234134000,0.008922420439292252
1629234164000,0.0019490352224253505
1629234194000,0.002274244533662755
1629234224000,0.006282307384987893
1629234254000,3.3471437384330657e-05
1629234284000,0.0010170910593998775
1629234314000,0.0025190543707377558
1629234344000,0.002140984643734644
1629234374000,0.009603057506203471
1629234404000,0.0026688880441446965
1629234434000,0.0006190586851628467
1629234464000,0.008059438551980198
1629234494000,0.004853387293830177
1629234524000,0.0007056777777777778
1629234554000,3.4779706601466994e-05
1629234584000,0.004092624078624079
1629234614000,0.0020249923687423693
1629234644000,0.0037823241066020593
1629234674000,0.004639092246642247
1629234704000,0.007425407556368069
1629234734000,0.004727298704503393
1629234764000,0.003738752375077113
1629234794000,0.0008615372078720787
1629234824000,0.005877780110497236
1629234854000,0.005007279559363525
1629234884000,0.0021310336239103358
1629234914000,0.0022451394124847
1629234944000,3.471829944547135e-05
1629234974000,0.004679968657635468
1629235004000,0.0008883659286592867
1629235034000,0.0008805581310679613
1629235064000,0.004717947619047619
1629235094000,5.972302993280391e-05
1629235124000,0.0006023052503052503
1629235154000,0.00383945391198044
1629235184000,3.5151977750309024e-05
1629235214000,0.004105697217068645
1629235244000,0.004556706231094979
1629235274000,0.003973175731707317
1629235304000,0.001562233908754624
1629235334000,0.004081054905545399
1629235364000,0.0006487625609756098
1629235394000,3.0769635126777976e-05
1629235424000,0.012638609969040248
1629235454000,0.005650744181818182
1629235484000,0.0005974982958003652
1629235514000,0.0056490656172839505
1629235544000,0.004188481812652068
1629235574000,0.0008309736648250461
1629235604000,0.008664912202562538
1629235634000,0.0007428036855036855
1629235664000,3.363717632552404e-05
1629235694000,0.003945599633027523
1629235724000,6.063040581465778e-05
1629235754000,3.1444905430140334e-05
1629235784000,0.004001683025830258
1629235814000,0.006641934482758621
1629235844000,0.00417947170160296
1629235874000,0.0009669651824366109
1629235904000,0.006846545239539115
1629235934000,3.597464702271332e-05
1629235964000,0.0008423731888544891
1629235994000,0.0009942016069221262
1629236024000,0.0063003626447288245
1629236054000,0.009740422783251232
1629236084000,0.0005740423926380369
1629236114000,0.0018622583740831296
1629236144000,0.0051506581941867646
1629236174000,0.004720382833133253
1629236204000,0.0007197745157384987
1629236234000,6.503187422934649e-05
1629236264000,3.743729024238657e-05
1629236294000,0.00567401736453202
1629236324000,0.005015623224212477
1629236354000,0.006011851321450523
1629236384000,0.004849415792682927
1629236414000,3.473844252163164e-05
1629236444000,3.5044876543209874e-05
1629236474000,0.0037228461775585696
1629236504000,0.0008366624390243903
1629236534000,0.0007037486817903128
1629236564000,0.004988385297691373
1629236594000,0.0009802215033887863
1629236624000,0.0006494433950617284
1629236654000,0.0008591199754901961
1629236684000,0.0041609494423791825
1629236714000,0.0006077854957160343
1629236744000,6.471570298234937e-05
1629236774000,0.00047923942366646233
1629236804000,0.0041859834987593054
1629236834000,0.004761794171779141
1629236864000,0.0045766171673819744
1629236894000,3.511208588957055e-05
1629236924000,0.007743256570018506
1629236954000,0.009532909573810994
1629236984000,0.0006668008706467662
1629237014000,6.26995061728395e-05
1629237044000,3.4877573529411766e-05
1629237074000,3.4710757946210275e-05
1629237104000,0.002080659135802469
1629237134000,0.004537170197044335
1629237164000,0.007845480806845965
1629237194000,0.0037949422888616893
1629237224000,6.312921279212792e-05
1629237254000,0.0012415867492260061
1629237284000,0.0026696498766954377
1629237314000,0.008751239459127228
1629237344000,0.003747324662576687
1629237374000,6.748191423244252e-05
1629237404000,0.005052493135435992
1629237434000,3.6001892551892546e-05
1629237464000,0.005024995313451004
1629237494000,0.0015858991484184915
1629237524000,0.0016391051456912586
1629237554000,0.008027732886723508
1629237584000,0.0009931764232673267
1629237614000,0.0043822981492905606
1629237644000,0.001961986752926679
1629237674000,0.011410371957998764
1629237704000,0.0038447910365853656
1629237734000,0.0037521572477064217
1629237764000,0.004676966870415648
1629237794000,0.003924880024360536
1629237824000,0.0061428992087644565
1629237854000,0.006190800732153752
1629237884000,0.004842902265768524
1629237914000,0.006554761884236453
1629237944000,0.005058206641837368
1629237974000,0.0020060568362967506
1629238004000,0.0006598565058032988
1629238034000,3.4046022031823745e-05
1629238064000,0.007474200060864272
1629238094000,3.381768665850673e-05
1629238124000,0.0008921939817629179
1629238154000,0.0025143651726226533
1629238184000,3.228967623701894e-05
1629238214000,0.006629142037827944
1629238244000,0.0086456508793208
1629238274000,0.00997936733944954
1629238304000,0.010435503549571604
1629238334000,0.0007380174525413349
1629238364000,0.00390600171463564
1629238394000,0.003817794782074893
1629238424000,0.005165928658909982
1629238454000,0.006110356825200741
1629238484000,0.002799259047044632
1629238514000,0.0006578331909701037
1629238544000,0.002784919339045288
1629238574000,0.005413836036585366
1629238604000,0.004650384620135887
1629238634000,0.012530701414514143
1629238664000,0.0048627614250614255
1629238694000,0.005211954984709479
1629238724000,3.125390769230769e-05
1629238754000,0.0006387116842759478
1629238784000,0.001962966687230105
1629238814000,4.1317256097560975e-05
1629238844000,0.0039431746987951795
1629238874000,0.003906930540376442
1629238904000,0.0010205228048780488
1629238934000,0.005725587825560268
1629238964000,0.004798442573026725
1629238994000,0.002761499510403917
1629239024000,3.3386287831995063e-05
1629239054000,0.005978782825822168
1629239084000,3.3069358816276196e-05
1629239114000,0.0007298345143555284
1629239144000,3.115061881188119e-05
1629239174000,3.4136832412523025e-05
1629239204000,0.005386399632127529
1629239234000,0.008662444134078212
1629239264000,0.0006288300733496332
1629239294000,6.517463503649635e-05
1629239324000,0.005250415569230769
1629239354000,0.004743824504950495
1629239384000,0.004107358054522925
1629239414000,0.002834915182926829
1629239444000,0.002269604256631709
1629239474000,0.0021665009174311927
1629239504000,0.004813937928921569
1629239534000,0.007286776172839507
1629239564000,0.008403232865853658
1629239594000,0.0038297737834549882
1629239624000,3.788976997578692e-05
1629239654000,5.182830416415208e-05
1629239684000,0.0012763866093366096
1629239714000,0.0006177575183374082
1629239744000,0.0009132068838352797
1629239774000,0.004595242134146342
1629239804000,0.008249214066339066
1629239834000,0.0038410775723967962
1629239864000,0.0030707243243243247
1629239894000,0.0041534551407588745
1629239924000,6.264145299145301e-05
1629239954000,0.0036676633777239713
1629239984000,0.005989168417799753
1629240014000,0.007175451067724222
1629240044000,0.0038993491043854225
1629240074000,0.002350872049689441
1629240104000,3.28568e-05
1629240134000,0.004615061595092024
1629240164000,5.9212058465286243e-05
1629240194000,0.003800781056466302
1629240224000,0.004771612446613789
1629240254000,0.0029221275167785237
1629240284000,0.003812380208333333
1629240314000,0.0009569343692870199
1629240344000,0.007108778430160692
1629240374000,0.0006202967243510508
1629240404000,0.0038803030303030304
1629240434000,0.009701307843137255
1629240464000,0.0048173303293971405
1629240494000,0.004114112422360249
1629240524000,0.005296897495418449
1629240554000,0.003089577358490566
1629240584000,0.002147790024783148
1629240614000,3.251582200247219e-05
1629240644000,0.0009381395985401461
1629240674000,0.0025238308399754754
1629240704000,0.008236944935543278
1629240734000,0.00204001478313989
1629240764000,0.006210110283251232
1629240794000,3.3127217125382266e-05
1629240824000,0.0021681393865030677
1629240854000,0.003969981329305136
1629240884000,3.5114163090128746e-05
1629240914000,3.223591160220994e-05
1629240944000,0.0048273537082818285
1629240974000,0.005984175446153846
1629241004000,0.00476395229077581
1629241034000,3.4258384332925345e-05
1629241064000,0.002539174680462569
1629241094000,0.0045145279465370605
1629241124000,0.004119293776956254
1629241154000,0.003209784703748489
1629241184000,0.000735350061728395
1629241214000,3.3098900427611494e-05
1629241244000,0.0009713592660550461
1629241274000,0.004578139143730887
1629241304000,3.3760368098159506e-05
1629241334000,0.0007433809029896277
1629241364000,0.004167786003683241
1629241394000,0.0022056154556650246
1629241424000,3.259957856712824e-05
1629241454000,0.00420862463235294
1629241484000,5.970649112063686e-05
1629241514000,0.001281346253071253
1629241544000,0.0008646542183622829
1629241574000,0.004630476202219482
1629241604000,0.001224939151813153
1629241634000,0.00903981618102914
1629241664000,0.004143125664811379
1629241694000,0.005415855987654321
1629241724000,0.009597286030769231
1629241754000,0.004831140374170186
1629241784000,3.356771217712177e-05
1629241814000,3.328548486720197e-05
1629241844000,3.2389975399754e-05
1629241874000,0.0009534103217972072
1629241904000,5.9533841463414634e-05
1629241934000,3.5399877375843044e-05
1629241964000,0.003552601100244499
1629241994000,0.007308031057810578
1629242024000,3.484911206368647e-05
1629242054000,0.00415992789408867
1629242084000,0.0025993960365853657
1629242114000,6.572045454545454e-05
1629242144000,0.003750405695039804
1629242174000,0.0014567083434099154
1629242204000,0.006146406770186336
1629242234000,0.002389347316471314
1629242264000,4.3187661141804794e-05
1629242294000,0.00168456984423676
1629242324000,0.0035400401219512195
1629242354000,0.005930393209876543
1629242384000,0.005026715936739659
1629242414000,0.0008858763012859767
1629242444000,0.0039038820099255587
1629242474000,0.005329259218559219
1629242504000,3.280818461538461e-05
1629242534000,0.003804945191122072
1629242564000,0.0008963921245421244
1629242594000,0.0009360059683313033
1629242624000,0.008641968355995056
1629242654000,0.005466833559113301
1629242684000,0.0011556111517367462
1629242714000,0.0037421535228677385
1629242744000,0.0009623271062271062
1629242774000,0.0026803628411910673
1629242804000,0.0031281345121951217
1629242834000,0.0007094991432068543
1629242864000,0.005791403518518519
1629242894000,0.0006584823960880195
1629242924000,0.0037058062307217775
1629242954000,0.0009307874303405572
1629242984000,0.0034913493268053856
1629243014000,3.144713414634146e-05
1629243044000,0.003966645204642639
1629243074000,0.004818331291691935
1629243104000,0.0008320962345679013
1629243134000,0.0050832789245982704
1629243164000,0.004807249938271605
1629243194000,0.0006135800483675937
1629243224000,0.0006245198259788689
1629243254000,0.004084102338461538
1629243284000,3.309397443700548e-05
1629243314000,3.414534238124614e-05
1629243344000,0.002764800062189055
1629243374000,0.00839204944512947
1629243404000,0.0001211067484662577
1629243434000,3.4212531017369735e-05
1629243464000,0.002270544313967861
1629243494000,3.552246642246642e-05
1629243524000,3.4000371057513925e-05
1629243554000,0.000635143443627451
1629243584000,0.0020998006146281498
1629243614000,0.0047122227607361965
1629243644000,0.004637592796092796
1629243674000,0.007495936397285626
1629243704000,3.316650336803429e-05
1629243734000,0.001094485880195599
1629243764000,0.0026233555218446608
1629243794000,0.004260883886838868
1629243824000,0.004240323695518722
1629243854000,3.372421827099939e-05
1629243884000,0.008941413987730061
1629243914000,0.0009984992624462198
1629243944000,0.003281250463248919
1629243974000,0.0005996344743276282
1629244004000,0.0006785278668310728
1629244034000,0.0008759080814312152
1629244064000,0.0037740034674922603
1629244094000,0.0008610865113427345
1629244124000,0.004782970915841584
1629244154000,0.0006688904996915483
1629244184000,0.004194621415497255
1629244214000,0.0007217071384615385
1629244244000,3.1360683229813665e-05
1629244274000,0.004739334134319162
1629244304000,0.0006209308805790109
1629244334000,0.006874372503082614
1629244364000,0.0002087113102595797
1629244394000,0.0020876809819763828
1629244424000,0.0034804524892440075
1629244454000,3.361667699938004e-05
1629244484000,0.0043930251820388354
1629244514000,3.5177608297742525e-05
1629244544000,0.00359547336621455
1629244574000,0.004153963199513382
1629244604000,0.0007024725490196079
1629244634000,0.005882003482587064
1629244664000,0.0078647865064695
1629244694000,0.0006694642281463112
1629244724000,0.0006939570293398532
1629244754000,3.248213204118716e-05
1629244784000,3.3911583487369066e-05
1629244814000,0.0037882168092909533
1629244844000,2.4524893487522824e-05
1629244874000,2.559344465058751e-05
1629244904000,0.009011577319587629
1629244934000,0.003175259926244622
1629244964000,3.1381299816063764e-05
1629244994000,0.004623888159509202
1629245024000,5.482331511839709e-05
1629245054000,0.006552397905113986
1629245084000,5.603794808405439e-05
1629245114000,0.0026439101172115982
1629245144000,2.394823170731707e-05
1629245174000,0.005862311512553582
1629245204000,0.00321280553165335
1629245234000,0.015164682051282054
1629245264000,0.00632797597282273
1629245294000,0.0031673671393341557
1629245324000,2.7521336603310854e-05
1629245354000,2.8652966360856268e-05
1629245384000,0.0035147809146341465
1629245414000,6.181526054590571e-05
1629245444000,0.004773835723039216
1629245474000,0.004015879612825167
1629245504000,0.0026498383912248627
1629245534000,3.2256489945155394e-05
1629245564000,0.0033783005555555554
1629245594000,0.002507471216800494
1629245624000,3.3394730392156864e-05
1629245654000,0.004064278409785933
1629245684000,3.1482432432432433e-05
1629245714000,0.0006237539751552796
1629245744000,3.211034692635423e-05
1629245774000,0.0023095533209186838
1629245804000,0.005527891014669928
1629245834000,0.00924678478664193
1629245864000,3.9665934065934056e-05
1629245894000,0.004069669273399015
1629245924000,0.00402617
1629245954000,0.000494169434194342
1629245984000,0.004855010922330097
1629246014000,0.0050686898842169405
1629246044000,0.0014747019358741682
1629246074000,0.0030125042892156857
1629246104000,4.0426967663209275e-05
1629246134000,3.2073700305810394e-05
1629246164000,6.231526576019777e-05
1629246194000,4.905951219512195e-05
1629246224000,0.0002709186961869618
1629246254000,0.002792735359801489
1629246284000,0.005975286580086579
1629246314000,0.001985547091243111
1629246344000,0.003593531409477521
1629246374000,0.005722892330917874
1629246404000,0.004648711165644172
1629246434000,0.005553179865361077
1629246464000,0.0011797098360655735
1629246494000,0.004745546979038224
1629246524000,0.0006985510989010991
1629246554000,0.002136537861094038
1629246584000,0.004066296958410925
1629246614000,0.006531916930572473
1629246644000,0.0007512830291970802
1629246674000,0.004875116932515336
1629246704000,0.002311378426551936
1629246734000,0.0013461063414634145
1629246764000,0.0006659843016069223
1629246794000,0.0058855886114494525
1629246824000,0.0041078756261453886
1629246854000,0.0026415414841849147
1629246884000,0.0026461135832821143
1629246914000,0.004033545155279503
1629246944000,3.513022249690976e-05
1629246974000,0.004854885854858547
1629247004000,0.00629083198757764
1629247034000,0.0046655582464745545
1629247064000,3.1677220543806655e-05
1629247094000,5.991419865935405e-05
1629247124000,0.004455352583586626
1629247154000,0.005423516142945163
1629247184000,3.3853827460510324e-05
1629247214000,0.0046737889026658395
1629247244000,0.0019469395476772614
1629247274000,0.004120918131530424
1629247304000,0.004256589944478717
1629247334000,0.007629655406230909
1629247364000,0.0037103838199513384
1629247394000,6.144417892156863e-05
1629247424000,0.0012543108789182546
1629247454000,0.004865405064063453
1629247484000,0.0006403926962872794
1629247514000,0.007866287012987014
1629247544000,0.0038811671951219508
1629247574000,0.006454081713244229
1629247604000,0.004640618376068376
1629247634000,0.006816839864029665
1629247664000,0.0006025950245700245
1629247694000,0.002686605637254902
1629247724000,3.3571815384615385e-05
1629247754000,3.274588452088452e-05
1629247784000,3.1397687157638466e-05
1629247814000,0.003986278562653564
1629247844000,0.007958653337453644
1629247874000,0.004489732405689549
1629247904000,0.002076847352216749
1629247934000,0.004721752884031573
1629247964000,3.2817885679164104e-05
1629247994000,0.00601783928790669
1629248024000,0.004155064476131432
1629248054000,0.003938920230862697
1629248084000,0.004884283261538462
1629248114000,0.007168331423290203
1629248144000,0.002155874558734023
1629248174000,0.005011355562384757
1629248204000,0.0020606576363636363
1629248234000,0.004467125443425078
1629248264000,0.005067348303516348
1629248294000,0.0056884720048899756
1629248324000,0.004111593244065733
1629248354000,0.00587954152082076
1629248384000,0.0038424990769230774
1629248414000,0.0009149702048417132
1629248444000,0.004009432046568628
1629248474000,0.004577146351931329
1629248504000,0.0042535226854690375
1629248534000,0.005496549391727494
1629248564000,0.0038428290243902436
1629248594000,0.008849526309378805
1629248624000,0.002707787828746177
1629248654000,5.7759828009828014e-05
1629248684000,0.0024464162212554388
1629248714000,0.006150399753846154
1629248744000,0.005494444925742574
1629248774000,0.008039862915129151
1629248804000,0.0031821066584463626
1629248834000,0.001806417852760736
1629248864000,0.006518080891330891
1629248894000,0.0010025664811379098
1629248924000,0.004854656625766871
1629248954000,0.004852144323011536
1629248984000,0.004777131598513011
1629249014000,3.262259259259259e-05
1629249044000,0.004324881751824818
1629249074000,0.004704641800246609
1629249104000,3.241184775936157e-05
1629249134000,0.0018614140767824496
1629249164000,0.0046842003052503045
1629249194000,3.39e-05
1629249224000,0.0005658140682095005
1629249254000,0.008435033554616778
1629249284000,3.431610904584882e-05
1629249314000,0.000624639841366687
1629249344000,0.003764205696594427
1629249374000,3.1811786148238146e-05
1629249404000,0.005538547619047619
1629249434000,0.006831202734617775
1629249464000,0.0044491778869778864
1629249494000,0.004669536758409786
1629249524000,0.0009704620284477428
1629249554000,0.004137883894672382
1629249584000,0.0027111513630731104
1629249614000,0.002414444627594628
1629249644000,3.401024539877301e-05
1629249674000,0.0053477370918052995
1629249704000,3.5094714197910264e-05
1629249734000,0.0004857521388716677
1629249764000,0.0008355363581367211
1629249794000,0.0007798311124694378
1629249824000,0.005127666445783132
1629249854000,0.004777706096059113
1629249884000,0.00379376974009901
1629249914000,0.004447209588199139
1629249944000,0.004583578857837181
1629249974000,0.003159989944819129
1629250004000,0.0009849983496332518
1629250034000,0.0051111832518337405
1629250064000,0.003094917008069522
1629250094000,0.003580407612667479
1629250124000,0.005007105347264905
1629250154000,0.005056117487684729
1629250184000,0.0038718462399005603
1629250214000,0.0033920501546072976
1629250244000,0.004056121254567601
1629250274000,0.0040641264651449715
1629250304000,0.004695936819571866
1629250334000,6.253527607361964e-05
1629250364000,0.004118442293464857
1629250394000,3.377945712523134e-05
1629250424000,0.007453341398514852
1629250454000,3.6335916359163595e-05
1629250484000,6.479241126070992e-05
1629250514000,3.386014760147601e-05
1629250544000,0.00468703905109489
1629250574000,0.0037415917334978404
1629250604000,3.497731767614339e-05
1629250634000,0.003834134869617951
1629250664000,0.00853176893382353
1629250694000,0.005853955049261084
1629250724000,0.007026296835057821
1629250754000,3.5465344079355245e-05
1629250784000,0.0008446568891610532
1629250814000,0.004038592529087569
1629250844000,0.004132829069767442
1629250874000,0.01067819717964439
1629250904000,0.004690995465686274
1629250934000,0.00469857094017094
1629250964000,0.0030081853733170136
1629250994000,0.0006319701465201465
1629251024000,0.0037411904761904756
1629251054000,0.0019080197336561746
1629251084000,0.004655388293284042
1629251114000,0.004116136184615385
1629251144000,0.001453641803778184
1629251174000,0.0032676025562994523
1629251204000,0.009349027149041437
1629251234000,0.0041052788800973825
1629251264000,0.005412274861367836
1629251294000,0.0042009641183723785
1629251324000,0.004015254405422058
1629251354000,0.0032631993924665858
1629251384000,0.00537063822815534
1629251414000,0.00482031699751861
1629251444000,0.007946619619865113
1629251474000,0.0046510879215205395
1629251504000,0.005768290316686967
1629251534000,0.0008026987295825771
1629251564000,0.0008766369193154034
1629251594000,3.3284024390243895e-05
1629251624000,0.005365962888482632
1629251654000,0.001264194950738916
1629251684000,3.273021538461538e-05
1629251714000,0.000942443347639485
1629251744000,0.006651940097799511
1629251774000,0.003528037408759124
1629251804000,0.004741347860635697
1629251834000,0.004651499575242719
1629251864000,3.182547342700061e-05
1629251894000,0.0007418541074737492
1629251924000,3.373406727828746e-05
1629251954000,0.0031695119852489244
1629251984000,3.3060049627791573e-05
1629252014000,0.0019329450522433925
1629252044000,0.0006320685379395433
1629252074000,0.0008767542630937881
1629252104000,0.0006577145542753182
1629252134000,3.637728107777098e-05
1629252164000,0.0007936033742331287
1629252194000,0.003864593820224719
1629252224000,0.0006056746149106592
1629252254000,0.0046879108655616935
1629252284000,0.00480927183446572
1629252314000,0.007966549664838514
1629252344000,0.0006782831591886909
1629252374000,0.004631489760882894
1629252404000,0.0006227389499389499
1629252434000,3.290521792510743e-05
1629252464000,3.6037484811664644e-05
1629252494000,0.002425674523076923
1629252524000,0.002830928917910448
1629252554000,0.0007005561425061425
1629252584000,7.166976456009913e-05
1629252614000,0.004140013333333335
1629252644000,0.005328342095588235
1629252674000,0.005689925758513932
1629252704000,0.0049677004347826095
1629252734000,0.00884545052051439
1629252764000,0.007954481059683313
1629252794000,3.5015097799511005e-05
1629252824000,0.004875208076448829
1629252854000,0.0053818938926588535
1629252884000,0.00457849595340282
1629252914000,0.003930873264936632
1629252944000,3.250626520681265e-05
1629252974000,0.0014532381097560974
1629253004000,0.005210666217044758
1629253034000,0.007894993978102189
1629253064000,0.004467720405654579
1629253094000,0.000933352889993785
1629253124000,0.004992439427860697
1629253154000,0.004900975638629282
1629253184000,0.004552498414634147
1629253214000,0.005101605321100917
1629253244000,0.0009340386544342508
1629253274000,0.0006415274509803923
1629253304000,0.0006261644213104716
1629253334000,3.390823601720959e-05
1629253364000,0.0006553527329192548
1629253394000,0.0026417749384236447
1629253424000,0.009293746547472257
1629253454000,0.0008430367907260526
1629253484000,0.001932726180257511
1629253514000,3.3242594859241134e-05
1629253544000,3.410343347639485e-05
1629253574000,0.0006942664413030116
1629253604000,0.004679650988875154
1629253634000,0.003932303002450979
1629253664000,0.0013623428658536586
1629253694000,0.004991486564417178
1629253724000,0.0044889762753534115
1629253754000,0.008723679280926266
1629253784000,0.00481461699751861
1629253814000,3.279202719406675e-05
1629253844000,0.004194484138785625
1629253874000,0.008542213051359517
1629253904000,0.003303372326283988
1629253934000,0.008821893654667479
1629253964000,0.004790948933577087
1629253994000,3.654366197183099e-05
1629254024000,0.0043041114388922335
1629254054000,0.0008577697191697192
1629254084000,0.004623520876445525
1629254114000,0.0009158308957952466
1629254144000,0.004855009157509157
1629254174000,0.0044361155946601935
1629254204000,3.3325839951130124e-05
1629254234000,3.4967051671732525e-05
1629254264000,0.00412973717791411
1629254294000,3.152006134969325e-05
1629254324000,0.003971090377588307
1629254354000,3.2421911138161894e-05
1629254384000,0.004047776412166356
1629254414000,3.40969864698647e-05
1629254444000,3.7354224924012157e-05
1629254474000,6.302882606023356e-05
1629254504000,0.006741957213622291
1629254534000,0.004668134596577017
1629254564000,3.438095238095238e-05
1629254594000,0.004853609541284404
1629254624000,0.0011006105067985167
1629254654000,6.026441413515189e-05
1629254684000,0.001327910147601476
1629254714000,5.965100060642814e-05
1629254744000,0.0006791558425584256
1629254774000,0.008140144939024391
1629254804000,0.003672259926244622
1629254834000,0.003027492279184682
1629254864000,0.004469029174311925
1629254894000,3.448931203931204e-05
1629254924000,0.004515099815270936
1629254954000,0.003771081082725061
1629254984000,0.003724109130166564
1629255014000,0.004794811328842621
1629255044000,0.0046685438499385
1629255074000,0.0025317701970443353
1629255104000,0.005511729877300613
1629255134000,0.005365742196175201
1629255164000,0.002235683507050889
1629255194000,0.005092761543209878
1629255224000,0.005272954240390482
1629255254000,0.0037175210814094774
1629255284000,0.0036996276932440655
1629255314000,0.00111344028031688
1629255344000,0.00385122305315204
1629255374000,0.002077439925604464
1629255404000,0.0006510971076923078
1629255434000,0.002643998784194529
1629255464000,6.809112903225806e-05
1629255494000,0.0013358886391251518
1629255524000,0.004528518198642814
1629255554000,0.002440085155772755
1629255584000,0.0007321388068880689
1629255614000,0.0038206032926829275
1629255644000,0.0006931645161290322
1629255674000,0.00263898191230207
1629255704000,3.1869136558481316e-05
1629255734000,6.187360097323601e-05
1629255764000,0.006888387824474661
1629255794000,0.005217567091681846
1629255824000,0.007147580426829269
1629255854000,0.00476836874617737
1629255884000,0.004810099206349206
1629255914000,0.004918316101172116
1629255944000,0.005034866892725031
1629255974000,0.0041861225666460005
1629256004000,3.436300863131936e-05
1629256034000,0.0047809747518610425
1629256064000,3.5021963190184053e-05
1629256094000,0.0006676270681265207
1629256124000,3.285138461538461e-05
1629256154000,0.002903714004914005
1629256184000,0.005828544347826087
1629256214000,0.006067973542050339
1629256244000,3.464167686658507e-05
1629256274000,0.0021901322303921568
1629256304000,0.003410626691042048
1629256334000,0.0021127582451773486
1629256364000,0.0038727107076923077
1629256394000,0.0007384705773955774
1629256424000,0.004913814285714285
1629256454000,0.0058362114040465965
1629256484000,0.0009732316502463054
1629256514000,0.004902478196417542
1629256544000,0.008987729560915276
1629256574000,0.0036400714023270045
1629256604000,6.401797405806054e-05
1629256634000,0.005752867338217338
1629256664000,5.5190799031477e-05
1629256694000,0.006914803335392217
1629256724000,0.0006725166361974406
1629256754000,0.0024998082140634727
1629256784000,0.004291264723557692
1629256814000,0.005898316883116883
1629256844000,0.0032105141971481713
1629256874000,3.2452351863164324e-05
1629256904000,0.003942149109883364
1629256934000,3.570043236565782e-05
1629256964000,3.353836363636364e-05
1629256994000,0.008041279293544458
1629257024000,3.2222134146341466e-05
1629257054000,0.0017279584624922506
1629257084000,0.003956728615766605
1629257114000,3.3720848708487084e-05
1629257144000,3.2236848484848483e-05
1629257174000,0.0006695181873851806
1629257204000,0.004086903506650544
1629257234000,0.000706679975505205
1629257264000,3.0967590881084414e-05
1629257294000,0.004956775853658536
1629257324000,0.0010167936732186733
1629257354000,0.008276683946078429
1629257384000,0.007308661001236094
1629257414000,0.0049555677680798
1629257444000,0.0006509978514426028
1629257474000,0.00554440678282514
1629257504000,0.0006180345850999395
1629257534000,0.005810148805878751
1629257564000,0.004164872228989039
1629257594000,0.0053025990165949605
1629257624000,0.004880272618334332
1629257654000,0.002664686547911548
1629257684000,0.0009931627378759976
1629257714000,0.0006711682288496652
1629257744000,0.007850845460122699
1629257774000,0.008239112208588957
1629257804000,0.00802541356350185
1629257834000,0.008010712828344533
1629257864000,0.00971571215469613
1629257894000,0.0039155359432799025
1629257924000,3.266809435133457e-05
1629257954000,0.005606014709517923
1629257984000,0.008698625472273003
1629258014000,0.0040491862006079024
1629258044000,0.003829085905224787
1629258074000,0.004455082980012114
1629258104000,0.3132724104873535
1629258134000,0.3129338222629969
1629258164000,0.31324911623100304
1629258194000,0.3161587293390982
1629258224000,0.315508392657767
1629258254000,0.31818692565668905
1629258284000,0.3116807390825688
1629258314000,0.32233553612629023
1629258344000,0.3121815545510455
1629258374000,0.31622630204204205
1629258404000,0.3153978968787515
1629258434000,0.31417035259259257
1629258464000,0.3162375864766525
1629258494000,0.317522077385378
1629258524000,0.3134335495073892
1629258554000,0.31633122942942943
1629258584000,0.3113125411547912
1629258614000,0.3121282884357882
1629258644000,0.3120187126394052
1629258674000,0.3106811800609756
1629258704000,0.3132041007907543
1629258734000,0.3134117727161251
1629258764000,0.2504561247858017
1629258794000,0.31937828370646765
1629258824000,0.3165981374846626
1629258854000,0.32161597399999997
1629258884000,0.3124968023327195
1629258914000,0.3176678280199253
1629258944000,0.3119112886529126
1629258974000,0.31423529442724457
1629259004000,0.315969619797257
1629259034000,0.3125827432449105
1629259064000,0.3165269310893513
1629259094000,0.3117153060550459
1629259124000,0.3121895731556107
1629259154000,0.3162421060496068
1629259184000,0.3125232803039514
1629259214000,0.3171442297859327
1629259244000,0.3105421397451456
1629259274000,0.3153680132052077
1629259304000,0.3139097821123321
1629259334000,0.3177558283065513
1629259364000,0.3139463019018405
1629259394000,0.3156125380574221
1629259424000,0.3175968913121629
1629259454000,0.31294955524390244
1629259484000,0.3119236761158022
1629259514000,0.3151138598894349
1629259544000,0.3158756182260024
1629259574000,0.31040018179596823
1629259604000,0.31340538916315475
1629259634000,0.3179583066907776
1629259664000,0.3178081864731316
1629259694000,0.3187743452541335
1629259724000,0.3165063510353228
1629259754000,0.32072053143032536
1629259784000,0.3116342904043452
1629259814000,0.31601657967032964
1629259844000,0.3118201155703078
1629259874000,0.31201726623376624
1629259904000,0.3116594509708738
1629259934000,0.3132464161647203
1629259964000,0.3116773269724771
1629259994000,0.31253529035250466
1629260024000,0.3158318735131821
1629260054000,0.31510674898336416
1629260084000,0.3183219889364303
1629260114000,0.3141254206939281
1629260144000,0.3132016437807882
1629260174000,0.3168933242990654
1629260204000,0.3125355468540012
1629260234000,0.31605448924471297
1629260264000,0.30897940851318945
1629260294000,0.3196459949513382
1629260324000,0.31217309366543666
1629260354000,0.3156530155321782
1629260384000,0.3123489937344913
1629260414000,0.3202627361870067
1629260444000,0.3167885398192771
1629260474000,0.31673421074278696
1629260504000,0.3118338282890673
1629260534000,0.3123235182822086
1629260564000,0.3118992508328193
1629260594000,0.31331244575960954
1629260624000,0.31261252306748466
1629260654000,0.31518998540012216
1629260684000,0.3184617864831804
1629260714000,0.3164676935168196
1629260744000,0.3170863161011721
1629260774000,0.3114639845967253
1629260804000,0.3119018892638037
1629260834000,0.31714703616891066
1629260864000,0.3150510642020949
1629260894000,0.3186030772144166
1629260924000,0.3217449150091519
1629260954000,0.3164444350746269
1629260984000,0.3195213884452511
1629261014000,0.3139292797773655
1629261044000,0.3124782805742211
1629261074000,0.3150801853522868
1629261104000,0.3127842946374162
1629261134000,0.3164040788758493
1629261164000,0.3198226233413752
1629261194000,0.31781651589932475
1629261224000,0.3123092899938233
1629261254000,0.3152580161647203
1629261284000,0.3110216714817111
1629261314000,0.3151320855319149
1629261344000,0.31699020967544395
1629261374000,0.313298060795107
1629261404000,0.3162423823891626
1629261434000,0.3125794659768716
1629261464000,0.31156170209488604
1629261494000,0.3158169443343653
1629261524000,0.31731256706875755
1629261554000,0.3178355285539963
1629261584000,0.3169222552810377
1629261614000,0.31717055672839506
1629261644000,0.317687487847008
1629261674000,0.31309628149509805
1629261704000,0.3147928632127529
1629261734000,0.3221498475059382
1629261764000,0.3182792050679852
1629261794000,0.31281410789473685
1629261824000,0.31515965973397825
1629261854000,0.3134381649783817
1629261884000,0.3178868037920489
1629261914000,0.3139771396510229
1629261944000,0.321280098875
1629261974000,0.3152856173991571
1629262004000,0.3151880127160494
1629262034000,0.3173654524937656
1629262064000,0.3113369108695652
1629262094000,0.3202754492923077
1629262124000,0.3136641570099256
1629262154000,0.31376955545286506
1629262184000,0.31194399726877714
1629262214000,0.3146842334748332
1629262244000,0.31289502018348625
1629262274000,0.312685133801956
1629262304000,0.3154319211678832
1629262334000,0.31634156494464943
1629262364000,0.3150198720149254
1629262394000,0.30900436470588233
1629262424000,0.2503250360767327
1629262454000,0.2562232946924005
1629262484000,0.3117125940889701
1629262514000,0.3224452609920392
1629262544000,0.3205290509168704
1629262574000,0.3143801547158026
1629262604000,0.3106978157262905
1629262634000,0.31121281996314504
1629262664000,0.3124619353157572
1629262694000,0.3135637105616605
1629262724000,0.31694083772782505
1629262754000,0.31283850611246944
1629262784000,0.3150598638194021
1629262814000,0.3136964104814138
1629262844000,0.3125395972053463
1629262874000,0.3231595062385321
1629262904000,0.3147005320024953
1629262934000,0.3157620231374924
1629262964000,0.3164296400719856
1629262994000,0.31299543497867155
1629263024000,0.31335109217707696
1629263054000,0.31239883926605505
1629263084000,0.3106689299455536
1629263114000,0.31669529479418884
1629263144000,0.3172016790078645
1629263174000,0.312072717407182
1629263204000,0.3128459029969419
1629263234000,0.3181273631067961
1629263264000,0.320544172228989
1629263294000,0.3136567368961353
1629263324000,0.31386397893120394
1629263354000,0.3137872244635193
1629263384000,0.31366700861858193
1629263414000,0.31414969197261977
1629263444000,0.3132338542592593
1629263474000,0.31278290657334146
1629263504000,0.3109043614819351
1629263534000,0.3125759958003652
1629263564000,0.3189186449564134
1629263594000,0.3153757539594844
1629263624000,0.3143566268085106
1629263654000,0.3107009681018799
1629263684000,0.31166335290519875
1629263714000,0.3159675897515528
1629263744000,0.31284487441574416
1629263774000,0.3152189048029557
1629263804000,0.3135183591723286
1629263834000,0.31203573257529194
1629263864000,0.3183481020295203
1629263894000,0.3152053834945586
1629263924000,0.316788209812235
1629263954000,0.31221030761203195
1629263984000,0.3177429920219245
1629264014000,0.31318804978619424
1629264044000,0.31401218477854026
1629264074000,0.3111347737262124
1629264104000,0.3123840292757152
1629264134000,0.3127155030339084
1629264164000,0.3123015584859585
1629264194000,0.32034742153374235
1629264224000,0.31701623555420955
1629264254000,0.3173288571255306
1629264284000,0.3123773285536934
1629264314000,0.3115021487985213
1629264344000,0.3113984130488559
1629264374000,0.3166842087141987
1629264404000,0.3134557382371198
1629264434000,0.31321908639414275
1629264464000,0.31168504740061165
1629264494000,0.3117566644728824
1629264524000,0.31375124142769983
1629264554000,0.31273791399506784
1629264584000,0.3126767878714372
1629264614000,0.3132060294512195
1629264644000,0.3208204523255814
1629264674000,0.3145598489143546
1629264704000,0.3162819781996325
1629264734000,0.31419814006097563
1629264764000,0.3130461942214112
1629264794000,0.3113160640292149
1629264824000,0.3149253701893708
1629264854000,0.3170084045039562
1629264884000,0.3154049619485294
1629264914000,0.3176618942011104
1629264944000,0.31437260195360195
1629264974000,0.3145012094038107
1629265004000,0.3137658179297597
1629265034000,0.3144609736842105
1629265064000,0.3136924709657702
1629265094000,0.31676440739157
1629265124000,0.3142911721402214
1629265154000,0.3210853855222969
1629265184000,0.31805042132442285
1629265214000,0.3180217347127857
1629265244000,0.3146031428746177
1629265274000,0.3118576232800983
1629265304000,0.311694838694075
1629265334000,0.3176169314893617
1629265364000,0.31764348486882243
1629265394000,0.3174158430127042
1629265424000,0.311482312591687
1629265454000,0.3196397129110841
1629265484000,0.3125232094561187
1629265514000,0.3138766100247525
1629265544000,0.3114573371026895
1629265574000,0.3119186420085732
1629265604000,0.3121820818677987
1629265634000,0.3139678584463625
1629265664000,0.3128241209854015
1629265694000,0.3154161110906863
1629265724000,0.3124317887096774
1629265754000,0.3173599707796194
1629265784000,0.3172586860972569
1629265814000,0.3131765049480757
1629265844000,0.3128649206959707
1629265874000,0.31365815255930085
1629265904000,0.3129654920245399
1629265934000,0.3117950383670964
1629265964000,0.31657236851294396
1629265994000,0.31150160424354245
1629266024000,0.3212728750152346
1629266054000,0.31923488334361505
1629266084000,0.3141092325710754
1629266114000,0.31065509901295496
1629266144000,0.31165180574923546
1629266174000,0.3117979760631835
1629266204000,0.3146904441717792
1629266234000,0.3163031593730793
1629266264000,0.3081222839782346
1629266294000,0.31030154616314193
1629266324000,0.3121393188149053
1629266354000,0.31704463785932724
1629266384000,0.3141375840978593
1629266414000,0.3173408565164433
1629266444000,0.31513595265700484
1629266474000,0.3169030221402214
1629266504000,0.31258819662039833
1629266534000,0.31486863664634146
1629266564000,0.3115913399643705
1629266594000,0.3120707257783313
1629266624000,0.3184320120272784
1629266654000,0.3123053030890369
1629266684000,0.3206499074788902
1629266714000,0.3186146639520958
1629266744000,0.320940241317734
1629266774000,0.3166431626360339
1629266804000,0.3149708305839856
1629266834000,0.31587113529048205
1629266864000,0.312362720631068
1629266894000,0.3212188716454159
1629266924000,0.318292426703163
1629266954000,0.3180436667285096
1629266984000,0.31394905238386306
1629267014000,0.3120028127013631
1629267044000,0.31767955112598906
1629267074000,0.3126264221286831
1629267104000,0.31204326197530863
1629267134000,0.31110262841918296
1629267164000,0.3180911416511484
1629267194000,0.31084727984261495
1629267224000,0.31563818294044665
1629267254000,0.31245894289171205
1629267284000,0.3114359617520049
1629267314000,0.3116910535800971
1629267344000,0.3182679048916409
1629267374000,0.3182491958207147
1629267404000,0.3140077161348585
1629267434000,0.3151898284386617
1629267464000,0.3171538070336392
1629267494000,0.3147741399632803
1629267524000,0.3160433454271961
1629267554000,0.3144676962759463
1629267584000,0.31962767688534643
1629267614000,0.3165253936104218
1629267644000,0.3169556588923077
1629267674000,0.3147027205318491
1629267704000,0.3165443433476395
1629267734000,0.3177224986001217
1629267764000,0.3168441231804281
1629267794000,0.3158263193765281
1629267824000,0.3130488439686369
1629267854000,0.3124473863253012
1629267884000,0.3203027609622412
1629267914000,0.31667768578284344
1629267944000,0.31404592878973103
1629267974000,0.3131717445887446
1629268004000,0.31198434138785625
1629268034000,0.3164372762669963
1629268064000,0.3176987693111931
1629268094000,0.3123481881995134
1629268124000,0.3151234205809641
1629268154000,0.3188950578305911
1629268184000,0.31804123889227026
1629268214000,0.3122175577507599
1629268244000,0.3119093069155447
1629268274000,0.3111519866300366
1629268304000,0.31734461243144424
1629268334000,0.31649553603603603
1629268364000,0.3156499104873535
1629268394000,0.3183300721712538
1629268424000,0.3181145504842615
1629268454000,0.3173000865846154
1629268484000,0.3167057986731001
1629268514000,0.31441139647495364
1629268544000,0.31564834194941394
1629268574000,0.3137654986494782
1629268604000,0.3144061091968118
1629268634000,0.3167679306382979
1629268664000,0.3124430954184484
1629268694000,0.31435326917431194
1629268724000,0.319782920194057
1629268754000,0.3135342281757977
1629268784000,0.30993089198520346
1629268814000,0.3164763286859963
1629268844000,0.3126007171942893
1629268874000,0.31604041268382355
1629268904000,0.312926704377312
1629268934000,0.31497004273291923
1629268964000,0.3177085534536403
1629268994000,0.313640745398773
1629269024000,0.3112686903636364
1629269054000,0.3131643531097561
1629269084000,0.31240893548189075
1629269114000,0.31136337273280584
1629269144000,0.31293747880268785
1629269174000,0.24969715411836485
1629269204000,0.3130609020560748
1629269234000,0.32044298781973196
1629269264000,0.3129260276894866
1629269294000,0.3098637865846154
1629269324000,0.3118086408674404
1629269354000,0.3164469376357057
1629269384000,0.3181619979368932
1629269414000,0.3177539701212121
1629269444000,0.3189259336385836
1629269474000,0.3178076794545455
1629269504000,0.3159285423965937
1629269534000,0.31294924404176905
1629269564000,0.31590312056131786
1629269594000,0.31304626377427186
1629269624000,0.31543012922318125
1629269654000,0.3177224498145859
1629269684000,0.3125326308497537
1629269714000,0.3113263125839951
1629269744000,0.31251791402214024
1629269774000,0.3123797736615385
1629269804000,0.3137971183497537
1629269834000,0.31341515906326034
1629269864000,0.3161265998138958
1629269894000,0.32089262863120144
1629269924000,0.3112817108735492
1629269954000,0.3160561922984356
1629269984000,0.3209249889369592
1629270014000,0.31472315064535955
1629270044000,0.3169552125989045
1629270074000,0.3142206581719129
1629270104000,0.3172848601581508
1629270134000,0.3117270243857494
1629270164000,0.3159833173100872
1629270194000,0.31293945931490386
1629270224000,0.31314395564272784
1629270254000,0.31345964756986633
1629270284000,0.3121284697213622
1629270314000,0.3164373643120393
1629270344000,0.31451578322269164
1629270374000,0.31420696001217285
1629270404000,0.3116746477757465
1629270434000,0.31719324531928084
1629270464000,0.3136420359807461
1629270494000,0.31446513
1629270524000,0.31440249552058114
1629270554000,0.3122474840543881
1629270584000,0.31375365187692306
1629270614000,0.3120724536151961
1629270644000,0.25131478968883464
1629270674000,0.24835479066912214
1629270704000,0.31852558373088685
1629270734000,0.3159734619193154
1629270764000,0.3126987373382625
1629270794000,0.3129337203853325
1629270824000,0.3159055925427873
1629270854000,0.3124713596501809
1629270884000,0.3163063982790412
1629270914000,0.3178321994535519
1629270944000,0.313659568503937
1629270974000,0.3114607953939394
1629271004000,0.31326305665844634
1629271034000,0.3191866041488713
1629271064000,0.3111912929361179
1629271094000,0.3178999378953771
1629271124000,0.3133396942804428
1629271154000,0.31623258874538746
1629271184000,0.3176067393099199
1629271214000,0.31332801637248936
1629271244000,0.3126693199514857
1629271274000,0.31162973339472066
1629271304000,0.3142954737905695
1629271334000,0.3139723866218693
1629271364000,0.3138331483193277
1629271394000,0.3134939216494845
1629271424000,0.314047862026862
1629271454000,0.3116607328077623
1629271484000,0.3170987003667481
1629271514000,0.31794609504889976
1629271544000,0.3126615752014879
1629271574000,0.3131674670192906
1629271604000,0.3188521870153846
1629271634000,0.3111481144
1629271664000,0.31264851025485435
1629271694000,0.3163926772313297
1629271724000,0.3175047854027862
1629271754000,0.31718478792682925
1629271784000,0.3153996233292831
1629271814000,0.3153647568965517
1629271844000,0.3127849877387554
1629271874000,0.3161393153521975
1629271904000,0.31432478750773035
1629271934000,0.3160296601223241
1629271964000,0.320975163585608
1629271994000,0.31754464399008675
1629272024000,0.31360266728468894
1629272054000,0.3111799367245657
1629272084000,0.3128510631188119
1629272114000,0.3184685296730413
1629272144000,0.3132871151867728
1629272174000,0.31673069600000003
1629272204000,0.31958760610357584
1629272234000,0.31893682895871844
1629272264000,0.3154355459826947
1629272294000,0.31729779685185183
1629272324000,0.3128828910139648
1629272354000,0.3164027375612745
1629272384000,0.31227136493034524
1629272414000,0.3169257628934625
1629272444000,0.3106333799028537
1629272474000,0.31489140211970074
1629272504000,0.31686738135910225
1629272534000,0.3162163716545012
1629272564000,0.31295995381277125
1629272594000,0.3151338840386941
1629272624000,0.30643391465201464
1629272654000,0.311064623123856
1629272684000,0.3175446760789149
1629272714000,0.3144514208864602
1629272744000,0.3216524993300853
1629272774000,0.3129237854500617
1629272804000,0.3176689096474953
1629272834000,0.3164545276266996
1629272864000,0.3132557321272614
1629272894000,0.3126913546511628
1629272924000,0.31149392637028017
1629272954000,0.31533820049109884
1629272984000,0.3125622085040348
1629273014000,0.3146693750609756
1629273044000,0.315243984226553
1629273074000,0.31195554572833434
1629273104000,0.31176589463414633
1629273134000,0.3173950336185819
1629273164000,0.3177270739684466
1629273194000,0.31566030115712546
1629273224000,0.3140776839731871
1629273254000,0.3124216679280397
1629273284000,0.3138125428571429
1629273314000,0.3127007384057971
1629273344000,0.3105539455259976
1629273374000,0.3187388821341464
1629273404000,0.3158966985846154
1629273434000,0.3157648408588957
1629273464000,0.3125841434835566
1629273494000,0.31322008887537994
1629273524000,0.3148809894160584
1629273554000,0.31715187322738386
1629273584000,0.3077107328220859
1629273614000,0.3189175101116625
1629273644000,0.3167837633293124
1629273674000,0.3204300389129092
1629273704000,0.3123484782878412
1629273734000,0.31670046771410965
1629273764000,0.3111755939449541
1629273794000,0.3124374652973636
1629273824000,0.3156845398644485
1629273854000,0.3109343974784748
1629273884000,0.3116215417966313
1629273914000,0.3116394189857761
1629273944000,0.3134096458996328
1629273974000,0.3130044679463741
1629274004000,0.3164793072560976
1629274034000,0.31931903472553697
1629274064000,0.3164610797820823
1629274094000,0.315858420602706
1629274124000,0.3162437609622412
1629274154000,0.3140673978488015
1629274184000,0.3115019888271605
1629274214000,0.3122506981004902
1629274244000,0.3117373096735188
1629274274000,0.311933131778607
1629274304000,0.3124523468058968
1629274334000,0.31594083597785977
1629274364000,0.31360072205253514
1629274394000,0.3178517716830467
1629274424000,0.3131827781729001
1629274454000,0.3119238056138186
1629274484000,0.3152319485347985
1629274514000,0.3169056425892317
1629274544000,0.312499875381796
1629274574000,0.3153699417016177
1629274604000,0.3176390301055245
1629274634000,0.3164535817843866
1629274664000,0.31588122974954186
1629274694000,0.3139451398627573
1629274724000,0.3149094589142505
1629274754000,0.31611029254658385
1629274784000,0.31250798939301044
1629274814000,0.3215578483118477
1629274844000,0.31234194972205065
1629274874000,0.3171327636198547
1629274904000,0.31337980296479306
1629274934000,0.3127703918753818
1629274964000,0.3191972192260442
1629274994000,0.3171282756323257
1629275024000,0.3139770929802956
1629275054000,0.3133433188806888
1629275084000,0.3122675074142157
1629275114000,0.31497642983425417
1629275144000,0.3127491950488997
1629275174000,0.3133884397908979
1629275204000,0.3129491392574559
1629275234000,0.3144469886083744
1629275264000,0.3162337319803198
1629275294000,0.31516560713849906
1629275324000,0.31963163828076685
1629275354000,0.3184069101903008
1629275384000,0.3122737362637363
1629275414000,0.3134044094886014
1629275444000,0.3181122985767327
1629275474000,0.313359005
1629275504000,0.3128667918618989
1629275534000,0.3117941436071649
1629275564000,0.3150466952962737
1629275594000,0.3154055856079405
1629275624000,0.3138405930434783
1629275654000,0.32024581859756096
1629275684000,0.3235209609238452
1629275714000,0.3128731229357798
1629275744000,0.3140333726779252
1629275774000,0.311729612026862
1629275804000,0.3193412992606285
1629275834000,0.3198541027380212
1629275864000,0.32097270655637256
1629275894000,0.316752086662531
1629275924000,0.3111294081031308
1629275954000,0.31612854598321344
1629275984000,0.3163766358479179
1629276014000,0.32156243782129745
1629276044000,0.3152584091470952
1629276074000,0.3123247379830918
1629276104000,0.317732482592818
1629276134000,0.3123674516923077
1629276164000,0.3188043711191336
1629276194000,0.31796164317617864
1629276224000,0.31567401278928137
1629276254000,0.26448577297297304
1629276284000,0.31174093033775635
1629276314000,0.3159884376520681
1629276344000,0.3115457414165666
1629276374000,0.31613395668286753
1629276404000,0.3127565026796589
1629276434000,0.3170810536267824
1629276464000,0.3134324672593501
1629276494000,0.315077858812616
1629276524000,0.31703321656403943
1629276554000,0.316979626
1629276584000,0.3166195729383018
1629276614000,0.31776447431761784
1629276644000,0.31738104376513315
1629276674000,0.31581169068322984
1629276704000,0.3212186985139319
1629276734000,0.3170028010552452
1629276764000,0.3150778291435613
1629276794000,0.3175320977954685
1629276824000,0.3120020086662569
1629276854000,0.3157989703096539
1629276884000,0.3138940762816553
1629276914000,0.3146593234830097
1629276944000,0.3159762883792049
1629276974000,0.3133110675348274
1629277004000,0.3154148212895377
1629277034000,0.3169397055451713
1629277064000,0.31792529439707673
1629277094000,0.3190773564149785
1629277124000,0.3221754250617284
1629277154000,0.3183272374772589
1629277184000,0.32093339902498474
1629277214000,0.3169470240866873
1629277244000,0.32020297577751194
1629277274000,0.3107366388923077
1629277304000,0.31824445403225804
1629277334000,0.3089932525867316
1629277364000,0.3200179988350705
1629277394000,0.3188050158866995
1629277424000,0.31371815494437577
1629277454000,0.3165541168918919
1629277484000,0.3114246214110429
1629277514000,0.31196582826086955
1629277544000,0.3168078700787402
1629277574000,0.31547494624456857
1629277604000,0.3213005064695009
1629277634000,0.31234896683076924
1629277664000,0.3174916184736523
1629277694000,0.3191789921780987
1629277724000,0.3119940671324423
1629277754000,0.3122239463235294
1629277784000,0.31178490677146314
1629277814000,0.3143679850244499
1629277844000,0.3182682514732411
1629277874000,0.3175393045955882
1629277904000,0.3143810524620061
1629277934000,0.3180060365838509
1629277964000,0.3166330403573629
1629277994000,0.3145127254310345
1629278024000,0.31744685529340594
1629278054000,0.3202862080411125
1629278084000,0.3143944684897452
1629278114000,0.3210565140939597
1629278144000,0.314744028225318
1629278174000,0.31659936616676665
1629278204000,0.31732044180929103
1629278234000,0.31757765808236016
1629278264000,0.317774456238588
1629278294000,0.3123888145781637
1629278324000,0.3126812129251701
1629278354000,0.31656909185323384
1629278384000,0.3085244791162228
1629278414000,0.3193211857834241
1629278444000,0.3208574108353511
1629278474000,0.3182637674390244
1629278504000,0.31656675079462104
1629278534000,0.3184313147132169
1629278564000,0.3179251893203883
1629278594000,0.3124076785279805
1629278624000,0.3123915748925721
1629278654000,0.31818396966360857
1629278684000,0.31725186713672593
1629278714000,0.3114231651079137
1629278744000,0.320209317607362
1629278774000,0.3178975619047619
1629278804000,0.3117971102003643
1629278834000,0.314861910938434
1629278864000,0.31292042561933536
1629278894000,0.31391980747889026
1629278924000,0.3191466877427184
1629278954000,0.311790462026862
1629278984000,0.3126175769087523
1629279014000,0.31985657509135196
1629279044000,0.3223377563071298
1629279074000,0.3119051007817198
1629279104000,0.3169988753939394
1629279134000,0.3108602871026895
1629279164000,0.3193627035604665
1629279194000,0.31328474930006084
1629279224000,0.31266003456108044
1629279254000,0.3172531496096096
1629279284000,0.3135388100613497
1629279314000,0.3194987768620269
1629279344000,0.3126023573053892
1629279374000,0.31989077642079805
1629279404000,0.3236120045398773
1629279434000,0.3155177823030303
1629279464000,0.3157918610461539
1629279494000,0.3130730944891641
1629279524000,0.31490543625837897
1629279554000,0.3192615578786021
1629279584000,0.3170131832821143
1629279614000,0.3139453698520345
1629279644000,0.3177216486817903
1629279674000,0.3136000940923077
1629279704000,0.3200121773939394
1629279734000,0.31278500289587186
1629279764000,0.31152509383685806
1629279794000,0.31580019005558985
1629279824000,0.31193148149487643
1629279854000,0.31500131710037177
1629279884000,0.3126213592818016
1629279914000,0.3156072025061125
1629279944000,0.3189254460493827
1629279974000,0.312673374563591
1629280004000,0.3134142843673966
1629280034000,0.3169462893681653
1629280064000,0.31978163915441177
1629280094000,0.317970874908648
1629280124000,0.31675405353411185
1629280154000,0.31443660780964
1629280184000,0.3176714376599634
1629280214000,0.3128069879415347
1629280244000,0.3139286338289963
1629280274000,0.32223804627139363
1629280304000,0.31203451854789505
1629280334000,0.3123815824582339
1629280364000,0.31283859902439026
1629280394000,0.3155259948887553
1629280424000,0.31315353699136866
1629280454000,0.2553888343421865
1629280484000,0.3172515881386861
1629280514000,0.3169505000606428
1629280544000,0.3169518843941249
1629280574000,0.31696057468905475
1629280604000,0.3175840546468401
1629280634000,0.31346915208207604
1629280664000,0.3166686836621455
1629280694000,0.3167554733494852
1629280724000,0.3138638817283951
1629280754000,0.3159273151022864
1629280784000,0.3153915396637609
1629280814000,0.3140670586526576
1629280844000,0.3135713844932845
1629280874000,0.31568604821648216
1629280904000,0.3129977623990056
1629280934000,0.3160107912019827
1629280964000,0.3162920206223307
1629280994000,0.3123269356668678
1629281024000,0.3165420134935305
1629281054000,0.3184407531746032
1629281084000,0.3126295763190184
1629281114000,0.3168794504632489
1629281144000,0.31277796383240913
1629281174000,0.31248209
1629281204000,0.3190321773349938
1629281234000,0.3121906465745192
1629281264000,0.31339615847094804
1629281294000,0.31409501225490194
1629281324000,0.3119884326505276
1629281354000,0.3126248680672269
1629281384000,0.31321551862026864
1629281414000,0.3208696398159509
1629281444000,0.31744091257521057
1629281474000,0.32060109883934024
1629281504000,0.310859278009828
1629281534000,0.3128266728762136
1629281564000,0.31513596695121954
1629281594000,0.3144727836034913
1629281624000,0.3122416848780488
1629281654000,0.3246885606023356
1629281684000,0.3194441794604537
1629281714000,0.3157453175061425
1629281744000,0.31696539493514514
1629281774000,0.3134569127672572
1629281804000,0.3164301240097502
1629281834000,0.31370566608328304
1629281864000,0.3102360001231527
1629281894000,0.3111534011599512
1629281924000,0.3113612758094075
1629281954000,0.3172903458587089
1629281984000,0.3163036314689613
1629282014000,0.3104474580411125
1629282044000,0.3154868631384615
1629282074000,0.3128299368932039
1629282104000,0.32117141296296303
1629282134000,0.3131477637096774
1629282164000,0.31580439993909865
1629282194000,0.31115417033846154
1629282224000,0.3126132483772198
1629282254000,0.3163332600737101
1629282284000,0.3202742770642202
1629282314000,0.3138589818960245
1629282344000,0.3165532516287646
1629282374000,0.3108133087686567
1629282404000,0.3133909540307692
1629282434000,0.3239559943119266
1629282464000,0.3152937072859745
1629282494000,0.3141708383602633
1629282524000,0.31586288507917176
1629282554000,0.3115768253850893
1629282584000,0.3159503505521473
1629282614000,0.31406323502386635
1629282644000,0.31648651947656725
1629282674000,0.31295955930949443
1629282704000,0.3135475073230769
1629282734000,0.31534321910946195
1629282764000,0.316846838573156
1629282794000,0.31733164524248003
1629282824000,0.31341822139791536
1629282854000,0.3110787557598039
1629282884000,0.3157625672727273
1629282914000,0.31449274134969324
1629282944000,0.3125241532681735
1629282974000,0.3203267336431227
1629283004000,0.3193267113900796
1629283034000,0.3169517341802783
1629283064000,0.31393008499384994
1629283094000,0.31853477945288755
1629283124000,0.31632589399877525
1629283154000,0.3132000201690821
1629283184000,0.31411634963325186
1629283214000,0.3130417189518586
1629283244000,0.3155077154894672
1629283274000,0.3264149384279476
1629283304000,0.3144575168382798
1629283334000,0.3153755731123389
1629283364000,0.31580178368708306
1629283394000,0.3133322393362016
1629283424000,0.31682151060136393
1629283454000,0.3146653176937157
1629283484000,0.31304748730933496
1629283514000,0.3167775073019802
1629283544000,0.31805487281134404
1629283574000,0.3113623766009852
1629283604000,0.3122942783767414
1629283634000,0.3118358099574985
1629283664000,0.312056379805943
1629283694000,0.31560118077158605
1629283724000,0.3149853232273839
1629283754000,0.31317434535825545
1629283784000,0.31822121203931203
1629283814000,0.3154202586057989
1629283844000,0.31171339882860666
1629283874000,0.3143776507129572
1629283904000,0.3153636916214587
1629283934000,0.3155215191919192
1629283964000,0.3123183908816425
1629283994000,0.31853092031726665
1629284024000,0.3169395732843137
1629284054000,0.3120524255555556
1629284084000,0.3119158119339045
1629284114000,0.31356921958208955
1629284144000,0.31431771196840824
1629284174000,0.3124311720223325
1629284204000,0.312783303006135
1629284234000,0.31220269323758226
1629284264000,0.31667004956790124
1629284294000,0.3155576010830325
1629284324000,0.3136343377967133
1629284354000,0.3114122989709443
1629284384000,0.3175211757631258
1629284414000,0.3170317984567901
1629284444000,0.3209804390963855
1629284474000,0.3193961561329305
1629284504000,0.3192108560145808
1629284534000,0.3117686462522852
1629284564000,0.31908798215348005
1629284594000,0.3115097865454545
1629284624000,0.3148450019704433
1629284654000,0.32173640422960725
1629284684000,0.3165328231707317
1629284714000,0.31319569403076924
1629284744000,0.320755479890644
1629284774000,0.30995215648762825
1629284804000,0.3172092363307182
1629284834000,0.3195385771165644
1629284864000,0.3120013083743842
1629284894000,0.3132200159876543
1629284924000,0.3135827298969072
1629284954000,0.3187529398514852
1629284984000,0.3188786764414135
1629285014000,0.3175182234613041
1629285044000,0.3114585484830097
1629285074000,0.3146746585679315
1629285104000,0.3184037413688673
1629285134000,0.3151764618282891
1629285164000,0.3170296751216545
1629285194000,0.3148168423687424
1629285224000,0.3113408034761018
1629285254000,0.3118794331719129
1629285284000,0.3169761364791289
1629285314000,0.3132155275735294
1629285344000,0.3115143074370006
1629285374000,0.316427799253267
1629285404000,0.31376688680641185
1629285434000,0.3154225018393624
1629285464000,0.3206693537240537
1629285494000,0.3128883502159161
1629285524000,0.31281753879680785
1629285554000,0.31711935735384617
1629285584000,0.31544925709046456
1629285614000,0.31685280217932754
1629285644000,0.31478435795593634
1629285674000,0.31761049223826715
1629285704000,0.3180794392382104
1629285734000,0.3164645210494572
1629285764000,0.31360663985330073
1629285794000,0.3152362125921376
1629285824000,0.3131097153606965
1629285854000,0.3114302093389933
1629285884000,0.3140631803778184
1629285914000,0.3146984850490196
1629285944000,0.3175235248932276
1629285974000,0.32155593614311706
1629286004000,0.3085511600955794
1629286034000,0.31232590669975185
1629286064000,0.3148177869090909
1629286094000,0.31500073306942755
1629286124000,0.3146185359557468
1629286154000,0.3132628918800749
1629286184000,0.3129326408101572
1629286214000,0.3145336651985112
1629286244000,0.32261824711717296
1629286274000,0.31204874729153986
1629286304000,0.3136845411515152
1629286334000,0.312168762138906
1629286364000,0.3128164764851485
1629286394000,0.3114024434969325
1629286424000,0.3151139493530499
1629286454000,0.3173050866543665
1629286484000,0.317132078470948
1629286514000,0.3117450616258219
1629286544000,0.3119698389059619
1629286574000,0.31313529462631257
1629286604000,0.31319786992619925
1629286634000,0.314159527195122
1629286664000,0.3144728692450495
1629286694000,0.3126079216992665
1629286724000,0.32089887716390425
1629286754000,0.3121629454161641
1629286784000,0.3137866167806091
1629286814000,0.31268981421446385
1629286844000,0.3152337635753508
1629286874000,0.31771257570036543
1629286904000,0.3119691780590717
1629286934000,0.3114291481662592
1629286964000,0.3162391758492897
1629286994000,0.3126088782926829
1629287024000,0.3210767326580725
1629287054000,0.3181858945979129
1629287084000,0.32011258286066585
1629287114000,0.3113632185528757
1629287144000,0.31201824339274736
1629287174000,0.3148017330498177
1629287204000,0.3149014603728202
1629287234000,0.3184741191906806
1629287264000,0.3108900062576687
1629287294000,0.31348550316770185
1629287324000,0.3183101494168201
1629287354000,0.3166487973072216
1629287384000,0.3181183201358864
1629287414000,0.3123023682645631
1629287444000,0.32012775402726146
1629287474000,0.31120981918392204
1629287504000,0.3161192261031697
1629287534000,0.3185505162819713
1629287564000,0.3133073791062802
1629287594000,0.3145917874160049
1629287624000,0.3237045754407295
1629287654000,0.31890121321803583
1629287684000,0.3106223270401949
1629287714000,0.31335686939788954
1629287744000,0.3139409235076923
1629287774000,0.3104799851874244
1629287804000,0.313013576301286
1629287834000,0.315339093504902
1629287864000,0.3163805945652174
1629287894000,0.31362176889570553
1629287924000,0.31898787379518073
1629287954000,0.3132164027295285
1629287984000,0.3162736047239264
1629288014000,0.3139255302153846
1629288044000,0.3173144243193069
1629288074000,0.3161588379456193
1629288104000,0.31939533259036146
1629288134000,0.31624174230055657
1629288164000,0.31465278243661104
1629288194000,0.3159828511685117
1629288224000,0.3165778399632803
1629288254000,0.3161147725167581
1629288284000,0.3121054847239264
1629288314000,0.3142203764634882
1629288344000,0.3129087154709919
1629288374000,0.31601927555282555
1629288404000,0.3200607573770492
1629288434000,0.3156553828955406
1629288464000,0.31202074677320224
1629288494000,0.3199303561728395
1629288524000,0.3135789714896215
1629288554000,0.3147739067237164
1629288584000,0.31215122529521444
1629288614000,0.311550550951504
1629288644000,0.3156304242480049
1629288674000,0.31530636270566725
1629288704000,0.31813331573729864
1629288734000,0.3135168898890259
1629288764000,0.3176658892813642
1629288794000,0.3174047623493976
1629288824000,0.3131761206601467
1629288854000,0.3186933816807739
1629288884000,0.30959967622504536
1629288914000,0.313895794944513
1629288944000,0.3154436871316897
1629288974000,0.3145378653489809
1629289004000,0.3154428368644068
1629289034000,0.31185460709438617
1629289064000,0.31398727812879706
1629289094000,0.31401177697530863
1629289124000,0.312073013562387
1629289154000,0.3143606669334975
1629289184000,0.31241062809968845
1629289214000,0.3113063012121212
1629289244000,0.31754474458560195
1629289274000,0.3132278195273632
1629289304000,0.31805539212934714
1629289334000,0.3168764619018776
1629289364000,0.31256832364080633
1629289394000,0.31578462076167074
1629289424000,0.31672713291925464
1629289454000,0.3178405048598131
1629289484000,0.317531736028968
1629289514000,0.31227091126589945
1629289544000,0.3172785385705484
1629289574000,0.3118967856019359
1629289604000,0.31281582302070643
1629289634000,0.3175171611178615
1629289664000,0.3118766546218487
1629289694000,0.31593404574923545
1629289724000,0.3171152259236453
1629289754000,0.3125075082467929
1629289784000,0.3141547270911361
1629289814000,0.3175328413625304
1629289844000,0.31449459395807644
1629289874000,0.3135729741758242
1629289904000,0.31843657903422984
1629289934000,0.3151330328834356
1629289964000,0.31407910799507993
1629289994000,0.315816973088685
1629290024000,0.31662956143386894
1629290054000,0.31195341425135303
1629290084000,0.3137509207640172
1629290114000,0.3220956587301587
1629290144000,0.3125622354141657
1629290174000,0.31148449708383963
1629290204000,0.3147735138855055
1629290234000,0.3122769575091575
1629290264000,0.31218961008610085
1629290294000,0.3127758159876543
1629290324000,0.311382504708798
1629290354000,0.3147176086335404
1629290384000,0.3186610278319123
1629290414000,0.32112168724584106
1629290444000,0.31668502601823706
1629290474000,0.31565996399999996
1629290504000,0.31460818780637256
1629290534000,0.3122390364254793
1629290564000,0.31399813847560976
1629290594000,0.3155121495762712
1629290624000,0.3117623090461539
1629290654000,0.3135378278769231
1629290684000,0.3124585220795107
1629290714000,0.3160670109191857
1629290744000,0.31640501885749384
1629290774000,0.3122698243977764
1629290804000,0.3136063424169184
1629290834000,0.31358660141451417
1629290864000,0.31356064691131497
1629290894000,0.3125918990153846
1629290924000,0.3144501978287093
1629290954000,0.3112955866666667
1629290984000,0.31142425423006703
1629291014000,0.3117722654797828
1629291044000,0.3120652381330079
1629291074000,0.3130475889434889
1629291104000,0.3136470930530165
1629291134000,0.3230798115671642
1629291164000,0.3154011703405573
1629291194000,0.31496763261538463
1629291224000,0.3143610006666667
1629291254000,0.31200095998763144
1629291284000,0.31379540646341464
1629291314000,0.31317375657894736
1629291344000,0.3156175829723225
1629291374000,0.3153841050275905
1629291404000,0.312164456703567
1629291434000,0.3152070238615665
1629291464000,0.3161433131452581
1629291494000,0.3164886034504005
1629291524000,0.31589762129574084
1629291554000,0.3124461214860681
1629291584000,0.3144217807389461
1629291614000,0.3157181899938987
1629291644000,0.3212493647239264
1629291674000,0.3172877145922747
1629291704000,0.3126357542857143
1629291734000,0.3171862463119709
1629291764000,0.3146300732089103
1629291794000,0.3219928822384428
1629291824000,0.316949359293114
1629291854000,0.31738678226600986
1629291884000,0.31683292121966394
1629291914000,0.3057889584961516
1629291944000,0.3167893899939357
1629291974000,0.3142639391251519
1629292004000,0.3207315721604938
1629292034000,0.3142187785714285
1629292064000,0.31780035063138906
1629292094000,0.3141128586206897
1629292124000,0.3173647706561361
1629292154000,0.31981800972053465
1629292184000,0.3122332792
1629292214000,0.3185479269586675
1629292244000,0.31250458591723285
1629292274000,0.3226085478419453
1629292304000,0.31421038218923936
1629292334000,0.31124279393757504
1629292364000,0.31691389764705885
1629292394000,0.3134529528103768
1629292424000,0.31251371213801604
1629292454000,0.313557763853211
1629292484000,0.2531957923453766
1629292514000,0.3189497346153846
1629292544000,0.3161581608958838
1629292574000,0.31633431982089555
1629292604000,0.31867661265060243
1629292634000,0.3103238638823529
1629292664000,0.3213430342121398
1629292694000,0.3173516099329677
1629292724000,0.3115654260519802
1629292754000,0.3134006682645631
1629292784000,0.31335413256797584
1629292814000,0.315054136983842
1629292844000,0.3165801114665057
1629292874000,0.31721369787104625
1629292904000,0.32216401345100426
1629292934000,0.3180754337393423
1629292964000,0.31104257191358026
1629292994000,0.31947195057540884
1629293024000,0.3131652310986965
1629293054000,0.3166870401560624
1629293084000,0.3205917104514533
1629293114000,0.31208333165952235
1629293144000,0.31135808503401363
1629293174000,0.31849411327272725
1629293204000,0.31900360386266097
1629293234000,0.31680835230769233
1629293264000,0.31845395971049456
1629293294000,0.3148400247723133
1629293324000,0.3147345298525798
1629293354000,0.3122845924493554
1629293384000,0.3153294776146789
1629293414000,0.31608530736526946
1629293444000,0.3157005172413793
1629293474000,0.31628460395794683
1629293504000,0.3171916029320025
1629293534000,0.3172084490740741
1629293564000,0.317377301647346
1629293594000,0.31268057928262216
1629293624000,0.3152359326678766
1629293654000,0.31714712607121304
1629293684000,0.31390129756986634
1629293714000,0.3141620753309266
1629293744000,0.3125520878918254
1629293774000,0.3170413110633067
1629293804000,0.3178298431761787
1629293834000,0.31311977731143553
1629293864000,0.3166621942153846
1629293894000,0.3108408435394979
1629293924000,0.31615337920245395
1629293954000,0.3148002729051988
1629293984000,0.3128665784530387
1629294014000,0.3164678328077623
1629294044000,0.3208033051173992
1629294074000,0.31490474349442377
1629294104000,0.3120995380211574
1629294134000,0.3120921427160494
1629294164000,0.31331770746733045
1629294194000,0.31559290530209616
1629294224000,0.3131911204671174
1629294254000,0.31380229532019704
1629294284000,0.3135038093220339
1629294314000,0.31748430201958383
1629294344000,0.3132002336442786
1629294374000,0.3133091117718447
1629294404000,0.3122951993894994
1629294434000,0.3109447417279412
1629294464000,0.3165251833639144
1629294494000,0.3162891212765957
1629294524000,0.3179202256272401
1629294554000,0.3121635928439235
1629294584000,0.3134605496664645
1629294614000,0.3155927312384473
1629294644000,0.3127323770228536
1629294674000,0.31369087351116626
1629294704000,0.3142498139434889
1629294734000,0.3122892587399629
1629294764000,0.3161619281655343
1629294794000,0.3222653004944376
1629294824000,0.3191062264381885
1629294854000,0.3204624664169788
1629294884000,0.3158045973407545
1629294914000,0.31245160404164113
1629294944000,0.31739456972477065
1629294974000,0.3144552105716042
1629295004000,0.3186089285447761
1629295034000,0.3121321282035928
1629295064000,0.3140746986988848
1629295094000,0.31542740289330923
1629295124000,0.31828914655697743
1629295154000,0.31519435581829497
1629295184000,0.3133880050430504
1629295214000,0.3133078905637255
1629295244000,0.3191109809907121
1629295274000,0.3226795908378541
1629295304000,0.3223703068674699
1629295334000,0.3163382122881356
1629295364000,0.3168125152079454
1629295394000,0.313114625554889
1629295424000,0.3126417695705522
1629295454000,0.3126890085054678
1629295484000,0.3178887215674362
1629295514000,0.31098397035670355
1629295544000,0.3184213318858561
1629295574000,0.31271452918429005
1629295604000,0.31660010317266624
1629295634000,0.3084752413213213
1629295664000,0.31208636652490884
1629295694000,0.31316523086124404
1629295724000,0.3169839805538461
1629295754000,0.3127997762732919
1629295784000,0.3080887327085852
1629295814000,0.3156953361793612
1629295844000,0.3186179032098765
1629295874000,0.3121852973619632
1629295904000,0.32059341873851804
1629295934000,0.3116509890519878
1629295964000,0.3170182804400978
1629295994000,0.317605050586782
1629296024000,0.3125754835591133
1629296054000,0.3123799667892157
1629296084000,0.3136756779156328
1629296114000,0.3219532891891892
1629296144000,0.31489173456416464
1629296174000,0.3135416409448819
1629296204000,0.31659097609096504
1629296234000,0.31304399264255056
1629296264000,0.3167626358328212
1629296294000,0.3137204144665461
1629296324000,0.3127845054811206
1629296354000,0.3157643531849103
1629296384000,0.3169797981268882
1629296414000,0.3191451872928177
1629296444000,0.3169321680196802
1629296474000,0.31871935636588383
1629296504000,0.31943646914038343
1629296534000,0.311029234569378
1629296564000,0.3144094274271845
1629296594000,0.31258581974090066
1629296624000,0.3174841438857852
1629296654000,0.31238041457955235
1629296684000,0.3173710963636364
1629296714000,0.31811163579790513
1629296744000,0.317577609781288
1629296774000,0.3198133127814973
1629296804000,0.31739482568639416
1629296834000,0.3181477735311932
1629296864000,0.3195786814521049
1629296894000,0.31167879138349514
1629296924000,0.31795690018393624
1629296954000,0.32126166499068903
1629296984000,0.3186317293438639
1629297014000,0.3176081444444445
1629297044000,0.3171561735168196
1629297074000,0.3150997555149299
1629297104000,0.3158495334756097
1629297134000,0.3180508823035393
1629297164000,0.3169681600490196
1629297194000,0.3165338025878004
1629297224000,0.3147015387197017
1629297254000,0.31664629440344405
1629297284000,0.3112864793208005
1629297314000,0.3121014316524909
1629297344000,0.3160027270833333
1629297374000,0.3161787930461539
1629297404000,0.3126262485088253
1629297434000,0.31504165
1629297464000,0.3141141212647241
1629297494000,0.3236945198642813
1629297524000,0.32319380629921257
1629297554000,0.3138310627620222
1629297584000,0.3185373434065934
1629297614000,0.31480073294691885
1629297644000,0.320482549413218
1629297674000,0.3119425614622057
1629297704000,0.3168799957055215
1629297734000,0.314361398400984
1629297764000,0.3139328547911548
1629297794000,0.3146698773145309
1629297824000,0.3140784136033857
1629297854000,0.3216856526823388
1629297884000,0.3145675853776435
1629297914000,0.31989051443361755
1629297944000,0.31610422275522754
1629297974000,0.31479137605459057
1629298004000,0.31683481768996963
1629298034000,0.31361777141119224
1629298064000,0.3134427227522936
1629298094000,0.31697563291215397
1629298124000,0.31738107133126936
1629298154000,0.31390283766871163
1629298184000,0.3149492076409945
1629298214000,0.31653699902080784
1629298244000,0.3123501748021911
1629298274000,0.3154640505803299
1629298304000,0.31312288806609545
1629298334000,0.3117760643734644
1629298364000,0.31280453143382353
1629298394000,0.31617097561881186
1629298424000,0.31383014850560403
1629298454000,0.3169041752293578
1629298484000,0.3172352093980344
1629298514000,0.3114087747883918
1629298544000,0.3127509922982132
1629298574000,0.31233323829524395
1629298604000,0.3120976172688304
1629298634000,0.3136870567040756
1629298664000,0.31537501833846154
1629298694000,0.32059319132530123
1629298724000,0.3195662732342007
1629298754000,0.3108218451397327
1629298784000,0.3116536252475248
1629298814000,0.3135759375225496
1629298844000,0.3127914930632289
1629298874000,0.31732005359317905
1629298904000,0.3160597195493301
1629298934000,0.3118604001237624
1629298964000,0.31590738220183484
1629298994000,0.31871021963302754
1629299024000,0.31339335998766954
1629299054000,0.31170291845867
1629299084000,0.3165815625684723
1629299114000,0.3190593902219556
1629299144000,0.3198913843788438
1629299174000,0.31685798912108176
1629299204000,0.3218720711936663
1629299234000,0.3190091476307692
1629299264000,0.3190491687921521
1629299294000,0.3185593847706422
1629299324000,0.31370540469715696
1629299354000,0.3146005625912409
1629299384000,0.3120725892835273
1629299414000,0.3195825770278638
1629299444000,0.3144761748627212
1629299474000,0.3153922395536268
1629299504000,0.3066044631641791
1629299534000,0.31256294258224704
1629299564000,0.31219109314565485
1629299594000,0.3105891739339339
1629299624000,0.3142238288
1629299654000,0.3116277788532676
1629299684000,0.3222788488767456
1629299714000,0.31798731060419233
1629299744000,0.31228914205033764
1629299774000,0.32303213057799873
1629299804000,0.3115696998207885
1629299834000,0.31572531177929325
1629299864000,0.3125091498152709
1629299894000,0.3143516674516908
1629299924000,0.3122319528721433
1629299954000,0.31270691769470405
1629299984000,0.3201615780399274
1629300014000,0.31190948650497513
1629300044000,0.31151273651079137
1629300074000,0.3188286792293799
1629300104000,0.3169606719266055
1629300134000,0.3131992094627595
1629300164000,0.31169570012254905
1629300194000,0.32237807552363856
1629300224000,0.3157117028923077
1629300254000,0.3203493727552276
1629300284000,0.31298573739393937
1629300314000,0.3170331227108434
1629300344000,0.3114030111656442
1629300374000,0.3122652506765068
1629300404000,0.3122450403444034
1629300434000,0.32035759796547475
1629300464000,0.31445011606922124
1629300494000,0.3129114949421085
1629300524000,0.3208633388343558
1629300554000,0.3133566678090575
1629300584000,0.3163890271779141
1629300614000,0.3159120909146716
1629300644000,0.3180717945230769
1629300674000,0.3219679877764128
1629300704000,0.3170337387893762
1629300734000,0.3129741079608083
1629300764000,0.31752555335797905
1629300794000,0.3107826984783932
1629300824000,0.3200873916971917
1629300854000,0.31161489564149786
1629300884000,0.3115034812007277
1629300914000,0.3183655641520821
1629300944000,0.31941967458866544
1629300974000,0.3175748217716781
1629301004000,0.3183516643425077
1629301034000,0.31326314524831395
1629301064000,0.31632445797189984
1629301094000,0.30819877909638554
1629301124000,0.32089712159653466
1629301154000,0.313078755997552
1629301184000,0.3115502145488029
1629301214000,0.3152009670322974
1629301244000,0.3135425247873633
1629301274000,0.31379081973525874
1629301304000,0.3137935843351548
1629301334000,0.3112845513744655
1629301364000,0.3182406737714988
1629301394000,0.31314835359756105
1629301424000,0.315333428247549
1629301454000,0.319534033048259
1629301484000,0.31927815889570554
1629301514000,0.31511178885467983
1629301544000,0.3193183361059766
1629301574000,0.3138918791262136
1629301604000,0.3137580086526576
1629301634000,0.31913252650676505
1629301664000,0.3183579404514948
1629301694000,0.313234433374158
1629301724000,0.31756395935601456
1629301754000,0.3134228741016109
1629301784000,0.3162275145465612
1629301814000,0.3142709555823778
1629301844000,0.3168492147831399
1629301874000,0.3141208147239264
1629301904000,0.3185459297924298
1629301934000,0.3167852286419753
1629301964000,0.3149237979679803
1629301994000,0.314662090502451
1629302024000,0.3200130342541436
1629302054000,0.3167156975881262
1629302084000,0.3169044528519417
1629302114000,0.3113998585802469
1629302144000,0.3183180234899329
1629302174000,0.31345639350490195
1629302204000,0.3200682743902439
1629302234000,0.315480224116553
1629302264000,0.3192493032158318
1629302294000,0.31383541377805485
1629302324000,0.3183743190300798
1629302354000,0.31299560192192194
1629302384000,0.312307211509901
1629302414000,0.31126286690777577
1629302444000,0.31204047071688945
1629302474000,0.3123052225274725
1629302504000,0.31174130838471026
1629302534000,0.3160927556511057
1629302564000,0.3116399953675108
1629302594000,0.31256690043478264
1629302624000,0.3103001234899329
1629302654000,0.3163983276752768
1629302684000,0.3135449518057285
1629302714000,0.31286061247660635
1629302744000,0.31329331573448066
1629302774000,0.31321588893034824
1629302804000,0.3150543422981367
1629302834000,0.3166304180547113
1629302864000,0.31647017386294723
1629302894000,0.3179175319875777
1629302924000,0.3168094402589396
1629302954000,0.3177256144760751
1629302984000,0.3220860857230392
1629303014000,0.3161677259597806
1629303044000,0.3179734360645562
1629303074000,0.31219108609394314
1629303104000,0.31415057555831266
1629303134000,0.3135714346601347
1629303164000,0.3127678976248477
1629303194000,0.3161984956548348
1629303224000,0.3138714017672151
1629303254000,0.31344775995070856
1629303284000,0.3154437454319453
1629303314000,0.3119612967921037
1629303344000,0.3131424365823566
1629303374000,0.3175585626312539
1629303404000,0.31877815769466583
1629303434000,0.32205535317559153
1629303464000,0.31606039528475205
1629303494000,0.3222087892174985
1629303524000,0.3187353344680851
1629303554000,0.3118690583485125
1629303584000,0.3181356674101611
1629303614000,0.31233733431013433
1629303644000,0.311428664131107
1629303674000,0.3163887704268293
1629303704000,0.3109277350553505
1629303734000,0.3120342608353511
1629303764000,0.3144178185599007
1629303794000,0.3159365855569156
1629303824000,0.3135341476800977
1629303854000,0.3156416893695921
1629303884000,0.31509905685310385
1629303914000,0.312970182563791
1629303944000,0.3139944944
1629303974000,0.3177364378687538
1629304004000,0.3146104342857143
1629304034000,0.3112366947592931
1629304064000,0.3170918099378882
1629304094000,0.3148724688139675
1629304124000,0.3124616136725935
1629304154000,0.31336683723076925
1629304184000,0.3091994053814311
1629304214000,0.3140727064634146
1629304244000,0.3184980490243902
1629304274000,0.3189261724180581
1629304304000,0.3183060236598891
1629304334000,0.3213770454435727
1629304364000,0.31612408574074075
1629304394000,0.31578264076317386
1629304424000,0.3179960289457648
1629304454000,0.3182766374475734
1629304484000,0.3112697840412621
1629304514000,0.3119155046884639
1629304544000,0.3123701356923077
1629304574000,0.31560343450151057
1629304604000,0.3195579691456669
1629304634000,0.3121382802679659
1629304664000,0.3191679519637462
1629304694000,0.31743893506731946
1629304724000,0.32026959762340035
1629304754000,0.3181206930699088
1629304784000,0.3143995969957081
1629304814000,0.317638384675954
1629304844000,0.3165516218237082
1629304874000,0.31233872427424336
1629304904000,0.3121075871262965
1629304934000,0.3186171109862672
1629304964000,0.3118893291062802
1629304994000,0.3127569267114915
1629305024000,0.3152660418192918
1629305054000,0.31457736983240225
1629305084000,0.31596399281006593
1629305114000,0.3117177592387968
1629305144000,0.31016824108338403
1629305174000,0.3107420307928703
1629305204000,0.3051770549019608
1629305234000,0.3184102089008363
1629305264000,0.3126334926406926
1629305294000,0.3119248108892922
1629305324000,0.31469398543331284
1629305354000,0.31132950990338165
1629305384000,0.3107562538743136
1629305414000,0.3161129466465257
1629305444000,0.3130840679222357
1629305474000,0.3166794372727273
1629305504000,0.3224950601485149
1629305534000,0.3150543228037383
1629305564000,0.3149148653260207
1629305594000,0.31400402893120394
1629305624000,0.3206375699694189
1629305654000,0.3231388771150335
1629305684000,0.3210204162537764
1629305714000,0.3200123437844458
1629305744000,0.31774645873402313
1629305774000,0.31670423254113345
1629305804000,0.3170855600866337
1629305834000,0.31983879870769233
1629305864000,0.31294682693479586
1629305894000,0.3123287403787416
1629305924000,0.3165215297096973
1629305954000,0.3124629768133175
1629305984000,0.31055310102163464
1629306014000,0.31512467242220865
1629306044000,0.3169866550733496
1629306074000,0.3141873390510949
1629306104000,0.3137360097307221
1629306134000,0.3182299609756097
1629306164000,0.3153239186388719
1629306194000,0.3125093556776557
1629306224000,0.3139207582917706
1629306254000,0.3123848495742093
1629306284000,0.3132918936585366
1629306314000,0.3133276562155542
1629306344000,0.313193559939394
1629306374000,0.3122727582932692
1629306404000,0.3118116450773994
1629306434000,0.3120712416513762
1629306464000,0.3153407291975309
1629306494000,0.3126840567848411
1629306524000,0.31319911097560976
1629306554000,0.3131615596341463
1629306584000,0.3131878989010989
1629306614000,0.3144750600120627
1629306644000,0.3129417456375839
1629306674000,0.3184651255956017
1629306704000,0.3124381597179645
1629306734000,0.3176349233333333
1629306764000,0.31135404844227244
1629306794000,0.3174107926888218
1629306824000,0.32192150056214863
1629306854000,0.3145095003078818
1629306884000,0.3176371317132442
1629306914000,0.3122685747836836
1629306944000,0.3184960794296117
1629306974000,0.31147982743142144
1629307004000,0.3116072729579208
1629307034000,0.3114437724180581
1629307064000,0.316520128314746
1629307094000,0.3161772016069221
1629307124000,0.3177309995662949
1629307154000,0.31595777558488297
1629307184000,0.3151603411872705
1629307214000,0.3122280966522009
1629307244000,0.30914681278928136
1629307274000,0.3112619145922747
1629307304000,0.3180177850764526
1629307334000,0.3194827236650485
1629307364000,0.31186531750150875
1629307394000,0.31664053799877223
1629307424000,0.31877554579728057
1629307454000,0.3209585399035564
1629307484000,0.31215566028968017
1629307514000,0.31481099017375674
1629307544000,0.31135622013261
1629307574000,0.3126024303343465
1629307604000,0.3200023942822384
1629307634000,0.3135148825213155
1629307664000,0.3129482976102941
1629307694000,0.31294290435560856
1629307724000,0.3163807043746149
1629307754000,0.31874387032967033
1629307784000,0.3111865417682927
1629307814000,0.3132164599629858
1629307844000,0.31043134475138123
1629307874000,0.3155743501514234
1629307904000,0.3171191672694394
1629307934000,0.3150615801920768
1629307964000,0.317348880441447
1629307994000,0.3147508850241546
1629308024000,0.31509766224801466
1629308054000,0.31838258163894023
1629308084000,0.3114454904268293
1629308114000,0.3157419717208183
1629308144000,0.3159850329650092
1629308174000,0.3116616273809524
1629308204000,0.3168493946350593
1629308234000,0.3143182283393502
1629308264000,0.3124637698773006
1629308294000,0.31619998857852266
1629308324000,0.3111289970695971
1629308354000,0.32223154353949784
1629308384000,0.312763425939618
1629308414000,0.31122768157894737
1629308444000,0.3179287696766321
1629308474000,0.3137951064476885
1629308504000,0.3114981298213185
1629308534000,0.3153471811252269
1629308564000,0.3156742204923077
1629308594000,0.3154081857585139
1629308624000,0.3120438969808996
1629308654000,0.31917667895384616
1629308684000,0.3213367656790124
1629308714000,0.31679568293284044
1629308744000,0.3124309376520681
1629308774000,0.31152964792935445
1629308804000,0.3154284467272727
1629308834000,0.3135335318070818
1629308864000,0.3131117461352657
1629308894000,0.31714437296636083
1629308924000,0.3155617025957973
1629308954000,0.31460809914893617
1629308984000,0.3143372156421181
1629309014000,0.3126143704199635
1629309044000,0.3189393594247246
1629309074000,0.31443256926829266
1629309104000,0.31544926971183324
1629309134000,0.3155895256127451
1629309164000,0.3218783454044118
1629309194000,0.3104689734556575
1629309224000,0.3153978751694393
1629309254000,0.3120696693209877
1629309284000,0.31787566175757576
1629309314000,0.3126586357579462
1629309344000,0.3101631441212121
1629309374000,0.3134691398903776
1629309404000,0.3171749151883353
1629309434000,0.31607146999383856
1629309464000,0.3116869529878049
1629309494000,0.31115212664233577
1629309524000,0.31208513668280874
1629309554000,0.3162948298170732
1629309584000,0.3131028529483283
1629309614000,0.3147022064655172
1629309644000,0.314532348215366
1629309674000,0.3134303116093366
1629309704000,0.3161663495384615
1629309734000,0.31469636291997555
1629309764000,0.31767879165143204
1629309794000,0.31761632097560977
1629309824000,0.32078380221822544
1629309854000,0.3138577103179364
1629309884000,0.31604322248447203
1629309914000,0.31241222669962915
1629309944000,0.3095913238698011
1629309974000,0.3110165084558824
1629310004000,0.3173959888821385
1629310034000,0.3121505077162414
1629310064000,0.31769755
1629310094000,0.32046281271084337
1629310124000,0.3140017446096654
1629310154000,0.3111692883536585
1629310184000,0.3196379512315271
1629310214000,0.3113925144630664
1629310244000,0.3171267307738815
1629310274000,0.31075625230485554
1629310304000,0.3101961199511897
1629310334000,0.3134451838297873
1629310364000,0.3129211711633663
1629310394000,0.31167780553165336
1629310424000,0.311618979368932
1629310454000,0.3165278517388652
1629310484000,0.3166707293040293
1629310514000,0.3117974476510067
1629310544000,0.3106430835365854
1629310574000,0.3124249392335766
1629310604000,0.3112649284848485
1629310634000,0.3168696958105647
1629310664000,0.32101196324257425
1629310694000,0.31949228925970874
1629310724000,0.3094991140425532
1629310754000,0.3222451516463415
1629310784000,0.3138903756097561
1629310814000,0.3160306186819831
1629310844000,0.31523069587438424
1629310874000,0.3199302714901478
1629310904000,0.31804656339829473
1629310934000,0.3208937314837153
1629310964000,0.3185753149000606
1629310994000,0.3159287855562385
1629311024000,0.3176645653727665
1629311054000,0.3110314314758114
1629311084000,0.31287918446899937
1629311114000,0.3144445849215923
1629311144000,0.31249989595340283
1629311174000,0.3160503235436893
1629311204000,0.31709088384520884
1629311234000,0.3151554948307692
1629311264000,0.3175823692685925
1629311294000,0.3138364500923077
1629311324000,0.3134653393341554
1629311354000,0.3160623280480481
1629311384000,0.3136060228834356
1629311414000,0.3167677615573268
1629311444000,0.3101133041038021
1629311474000,0.3109614262364294
1629311504000,0.30817788915808597
1629311534000,0.31380289008515816
1629311564000,0.3207041967384615
1629311594000,0.3124704417837508
1629311624000,0.3208190353584447
1629311654000,0.3132685537104623
1629311684000,0.3129569828380837
1629311714000,0.3123837302153846
1629311744000,0.31130792067484664
1629311774000,0.3166402126621371
1629311804000,0.3141881427866831
1629311834000,0.31749245030750306
1629311864000,0.3119770295426452
1629311894000,0.31375824541120384
1629311924000,0.31327184394591273
1629311954000,0.3133981492718447
1629311984000,0.31221543353846154
1629312014000,0.3157218870403858
1629312044000,0.31636919753846154
1629312074000,0.3128504901529052
1629312104000,0.32146686154320986
1629312134000,0.3216417964371981
1629312164000,0.3140282525741975
1629312194000,0.3166652512446873
1629312224000,0.31552506854403833
1629312254000,0.32343254356130624
1629312284000,0.31758494892703865
1629312314000,0.3216171648969394
1629312344000,0.31205316840171465
1629312374000,0.3124221899267399
1629312404000,0.31624702642550584
1629312434000,0.3157233735802469
1629312464000,0.31737554587724737
1629312494000,0.3170212670746634
1629312524000,0.3131935624219725
1629312554000,0.3153423254699818
1629312584000,0.3136451127171216
1629312614000,0.3114449003680981
1629312644000,0.31619178759926697
1629312674000,0.31666456816502464
1629312704000,0.31212692561728395
1629312734000,0.3127821576427256
1629312764000,0.31464111024242425
1629312794000,0.31926561103030304
1629312824000,0.3150862741600489
1629312854000,0.3135998143472906
1629312884000,0.3149034046553809
1629312914000,0.3112206499391728
1629312944000,0.3184106757649939
1629312974000,0.31372758985949906
1629313004000,0.3154497071819842
1629313034000,0.3140093910735826
1629313064000,0.31834288303843805
1629313094000,0.312020664622057
1629313124000,0.3120266534726491
1629313154000,0.3123492845543345
1629313184000,0.3108218282098765
1629313214000,0.3126571298525799
1629313244000,0.315168371990172
1629313274000,0.311298429675046
1629313304000,0.3092263136138614
1629313334000,0.3180899910272277
1629313364000,0.3137059635813672
1629313394000,0.31674290856610804
1629313424000,0.3119811288083538
1629313454000,0.32027197627849663
1629313484000,0.317335551995089
1629313514000,0.3171001490279465
1629313544000,0.3146640025981873
1629313574000,0.31633428070602554
1629313604000,0.3154562751354605
1629313634000,0.3157974788391777
1629313664000,0.3183921941923775
1629313694000,0.3123351049270073
1629313724000,0.3151275089406001
1629313754000,0.3144823028606208
1629313784000,0.3155257957498482
1629313814000,0.31543354406573343
1629313844000,0.32819263770287144
1629313874000,0.3239837476336816
1629313904000,0.3739130733009709
1629313934000,0.3713652006142506
1629313964000,0.37475153944615386
1629313994000,0.3738734308164518
1629314024000,0.3739076598300971
1629314054000,0.31273073210104746
1629314084000,0.3155346344144144
1629314114000,0.3132844600493218
1629314144000,0.3110839799515445
1629314174000,0.3134035682424243
1629314204000,0.31210007275522755
1629314234000,0.31131770295566497
1629314264000,0.3105501409506399
1629314294000,0.3128416804281345
1629314324000,0.31122813914612146
1629314354000,0.3115530749077491
1629314384000,0.3161537341885441
1629314414000,0.3151949047029703
1629314444000,0.3196305961633663
1629314474000,0.315262992019644
1629314504000,0.3217027771961492
1629314534000,0.3164343339901478
1629314564000,0.3141612729881472
1629314594000,0.3183463120838471
1629314624000,0.3139424837804117
1629314654000,0.3146201046780073
1629314684000,0.31328558805878753
1629314714000,0.32012416349009903
1629314744000,0.3114660521230769
1629314774000,0.31180469423423424
1629314804000,0.3193450509673519
1629314834000,0.3120668948466257
1629314864000,0.3179915857228196
1629314894000,0.3141444500898742
1629314924000,0.3166346005548705
1629314954000,0.31784212258867456
1629314984000,0.3118310703096539
1629315014000,0.3160314565296252
1629315044000,0.31716131836734696
1629315074000,0.3157453044269254
1629315104000,0.31511876273442224
1629315134000,0.3209245617936118
1629315164000,0.3157190829826733
1629315194000,0.31394454418461537
1629315224000,0.3152079473164713
1629315254000,0.3175256697617593
1629315284000,0.3164786778531771
1629315314000,0.31262088690254497
1629315344000,0.3165644341696535
1629315374000,0.3209698038864898
1629315404000,0.3142730858267717
1629315434000,0.3163468374692875
1629315464000,0.31816192811735944
1629315494000,0.3134565140682095
1629315524000,0.3152630764197531
1629315554000,0.3135585944987775
1629315584000,0.3115775729598051
1629315614000,0.3234384756756757
1629315644000,0.31698268220183484
1629315674000,0.3151674230816452
1629315704000,0.3142157651191204
1629315734000,0.3167823758451137
1629315764000,0.31155722154320986
1629315794000,0.3160997495468278
1629315824000,0.3141728180337756
1629315854000,0.3180564362175525
1629315884000,0.3119396720410628
1629315914000,0.3111501797146402
1629315944000,0.3158286161429452
1629315974000,0.3161297492753623
1629316004000,0.3153232551975684
1629316034000,0.31939947316770184
1629316064000,0.317500307571169
1629316094000,0.3185122120169082
1629316124000,0.3207040347026364
1629316154000,0.3122089326127239
1629316184000,0.3147913742909988
1629316214000,0.3127515833028641
1629316244000,0.32270779750608275
1629316274000,0.31220885536791315
1629316304000,0.3116473862590799
1629316334000,0.31390831918392204
1629316364000,0.31697803345367026
1629316394000,0.3131097661349693
1629316424000,0.3122849137608966
1629316454000,0.31839990700437776
1629316484000,0.314202631951952
1629316514000,0.3129563159200969
1629316544000,0.3157074211225105
1629316574000,0.3185615984308992
1629316604000,0.3156184450213806
1629316634000,0.3131123057317073
1629316664000,0.3113483569080949
1629316694000,0.3110218986519608
1629316724000,0.3167732536719706
1629316754000,0.3173167005464481
1629316784000,0.3123865209647496
1629316814000,0.317929980967142
1629316844000,0.31227410403669725
1629316874000,0.3166001965265082
1629316904000,0.3130875211562116
1629316934000,0.31494018179012345
1629316964000,0.3127076441846523
1629316994000,0.3254980356181151
1629317024000,0.31755717311761045
1629317054000,0.317440859609518
1629317084000,0.3205924723756906
1629317114000,0.3186909831089351
1629317144000,0.3128214875
1629317174000,0.31641238236700536
1629317204000,0.3119073443030303
1629317234000,0.3183176897748022
1629317264000,0.3133892243494424
1629317294000,0.31530216755934265
1629317324000,0.3158813119209389
1629317354000,0.3112442545399147
1629317384000,0.31326641178960096
1629317414000,0.3189015727108433
1629317444000,0.3185755781862745
1629317474000,0.3181778549140049
1629317504000,0.31742265624235005
1629317534000,0.312205168504902
1629317564000,0.3113069922708209
1629317594000,0.3107510233353696
1629317624000,0.3162699760295021
1629317654000,0.31225962144607844
1629317684000,0.3146735898890259
1629317714000,0.3163187857054837
1629317744000,0.3164117440636475
1629317774000,0.31074540971112474
1629317804000,0.31387144943283585
1629317834000,0.3227956890326556
1629317864000,0.3127268892174985
1629317894000,0.3124123759133127
1629317924000,0.31491647648125753
1629317954000,0.3226947524488531
1629317984000,0.3214177830788027
1629318014000,0.31141492754601224
1629318044000,0.3123026435850215
1629318074000,0.3194413590992088
1629318104000,0.3166364653349724
1629318134000,0.31333490430825245
1629318164000,0.3200249452760736
1629318194000,0.31665304438372804
1629318224000,0.3127950331912302
1629318254000,0.3119900378562577
1629318284000,0.3215512233009709
1629318314000,0.3178350446003661
1629318344000,0.3158729088599752
1629318374000,0.31638106543665434
1629318404000,0.3210297788263763
1629318434000,0.3155839235692308
1629318464000,0.3190184902769231
1629318494000,0.31489556013472136
1629318524000,0.3165871473329246
1629318554000,0.31397456451612904
1629318584000,0.3132441503975535
1629318614000,0.3163856739184178
1629318644000,0.3133881730275229
1629318674000,0.31114083089330025
1629318704000,0.31102249833641404
1629318734000,0.3122540102484472
1629318764000,0.31076925759065765
1629318794000,0.31265709999999997
1629318824000,0.31647557058103976
1629318854000,0.3127779589822195
1629318884000,0.31041440588592234
1629318914000,0.3169728730839976
1629318944000,0.3205349683192261
1629318974000,0.3134522356703567
1629319004000,0.3109511717510677
1629319034000,0.3178295963930348
1629319064000,0.3114368593939394
1629319094000,0.31200523626911314
1629319124000,0.3153090482402913
1629319154000,0.3182902363803681
1629319184000,0.3213589727990285
1629319214000,0.3171472145200486
1629319244000,0.3161715473781616
1629319274000,0.3197058653309047
1629319304000,0.3134613869402985
1629319334000,0.3159940643118149
1629319364000,0.3209850659245516
1629319394000,0.3203553515151515
1629319424000,0.31637061897498475
1629319454000,0.3192385473813925
1629319484000,0.31832191161369194
1629319514000,0.3114527462804878
1629319544000,0.3176711395377129
1629319574000,0.3143535046769231
1629319604000,0.31194147134146344
1629319634000,0.3163493625
1629319664000,0.3139345563836286
1629319694000,0.31640067600743954
1629319724000,0.3159344754007398
1629319754000,0.3152918141732283
1629319784000,0.3168144036419753
1629319814000,0.3119981348923077
1629319844000,0.31933317230392155
1629319874000,0.3167558773875539
1629319904000,0.3146703942082563
1629319934000,0.3155306196461257
1629319964000,0.3128615188256659
1629319994000,0.3212345309859155
1629320024000,0.31798265354090355
1629320054000,0.3131081665238678
1629320084000,0.3138049502712477
1629320114000,0.3125723716034272
1629320144000,0.3182535937965261
1629320174000,0.31823558831891224
1629320204000,0.31587889793939394
1629320234000,0.3125045630407911
1629320264000,0.3134839670673077
1629320294000,0.31420295507068224
1629320324000,0.3121961510638298
1629320354000,0.3124984648104265
1629320384000,0.3173265452021726
1629320414000,0.3133260228448276
1629320444000,0.318611923540146
1629320474000,0.31662788457802066
1629320504000,0.31315836694915256
1629320534000,0.3178135507768801
1629320564000,0.3166853574221136
1629320594000,0.3130515595021251
1629320624000,0.31851300648259306
1629320654000,0.3174242243441123
1629320684000,0.31215534399023803
1629320714000,0.3099051927448609
1629320744000,0.31846839436183394
1629320774000,0.31395551163924434
1629320804000,0.3162937128993369
1629320834000,0.31789975832305795
1629320864000,0.3163395644430845
1629320894000,0.31674159303482585
1629320924000,0.3137022807480074
1629320954000,0.3156858656441718
1629320984000,0.3136298953698136
1629321014000,0.32091075280000003
1629321044000,0.3183743004895961
1629321074000,0.3191337249390244
1629321104000,0.307927215773447
1629321134000,0.31831567561124696
1629321164000,0.3198314350244499
1629321194000,0.32113247279855245
1629321224000,0.31881866156230626
1629321254000,0.31594946970260224
1629321284000,0.32299466518243664
1629321314000,0.3242237893799877
1629321344000,0.31278156533251233
1629321374000,0.3137078554388133
1629321404000,0.31727423483282674
1629321434000,0.3155592459459459
1629321464000,0.31254800591133003
1629321494000,0.3149213017672151
1629321524000,0.31264361847172084
1629321554000,0.3144462169975186
1629321584000,0.31187363503339405
1629321614000,0.312373470377129
1629321644000,0.3122651283674736
1629321674000,0.3196643819770946
1629321704000,0.31828250123992563
1629321734000,0.3130314978273989
1629321764000,0.31691109547427154
1629321794000,0.31462356408188585
1629321824000,0.3137523632864997
1629321854000,0.3129125053970223
1629321884000,0.3103519921744325
1629321914000,0.3170207744578313
1629321944000,0.31012184174228674
1629321974000,0.32382264751552803
1629322004000,0.3104437557645631
1629322034000,0.31176530789632306
1629322064000,0.3150719687538367
1629322094000,0.31612479664224663
1629322124000,0.3123714496615385
1629322154000,0.3159279260024301
1629322184000,0.31574096943258084
1629322214000,0.3169514764093137
1629322244000,0.31547641482396543
1629322274000,0.3158465608
1629322304000,0.3157351167769092
1629322334000,0.3169862718730554
1629322364000,0.3191053851294401
1629322394000,0.3113224977832512
1629322424000,0.31549704944512946
1629322454000,0.31924857086374697
1629322484000,0.313647639012643
1629322514000,0.31425071332127785
1629322544000,0.3177149377230769
1629322574000,0.31532841592973954
1629322604000,0.3180929989709443
1629322634000,0.3153150319123742
1629322664000,0.3163989660736196
1629322694000,0.3125318758343634
1629322724000,0.31639779287925696
1629322754000,0.31128364474660075
1629322784000,0.31305574631197103
1629322814000,0.3117225445863747
1629322844000,0.3209863964086687
1629322874000,0.3116826425245098
1629322904000,0.31639808918428997
1629322934000,0.31130345184729064
1629322964000,0.31575772890243897
1629322994000,0.3118645265938069
1629323024000,0.31643188422636964
1629323054000,0.3176633272228989
1629323084000,0.31602745275541794
1629323114000,0.31904290166872684
1629323144000,0.3200637874698795
1629323174000,0.3117639887873248
1629323204000,0.31243629008515816
1629323234000,0.32228740030883263
1629323264000,0.3197679410876133
1629323294000,0.31312793132892364
1629323324000,0.31475625786240785
1629323354000,0.31885042138939673
1629323384000,0.31142660975460124
1629323414000,0.31132279074863056
1629323444000,0.3119760876219512
1629323474000,0.31307590452876377
1629323504000,0.3141446346200241
1629323534000,0.31479035760197777
1629323564000,0.3125858373097992
1629323594000,0.3111597880615385
1629323624000,0.3129991024984765
1629323654000,0.31622447772979645
1629323684000,0.32260716892059554
1629323714000,0.3133304545621555
1629323744000,0.3121712463829787
1629323774000,0.31282300803957946
1629323804000,0.31552221346270465
1629323834000,0.3121802662056524
1629323864000,0.3172909629882207
1629323894000,0.31155286748768474
1629323924000,0.3130876287869644
1629323954000,0.3180880942769231
1629323984000,0.3192004448942598
1629324014000,0.3144378931306991
1629324044000,0.3166246835151515
1629324074000,0.3179745950276243
1629324104000,0.3168980960438223
1629324134000,0.3176790102564103
1629324164000,0.311649595934466
1629324194000,0.3152825244022072
1629324224000,0.313143343997599
1629324254000,0.3207889461442786
1629324284000,0.32384412864930345
1629324314000,0.3143197705846154
1629324344000,0.3115710775559589
1629324374000,0.3117146366300366
1629324404000,0.3192077140923077
1629324434000,0.3177896121454994
1629324464000,0.3159926589543269
1629324494000,0.32042583292682925
1629324524000,0.3127101912835821
1629324554000,0.3143489980487805
1629324584000,0.3177789046826864
1629324614000,0.3188323277264325
1629324644000,0.3165096495350279
1629324674000,0.3122668777305825
1629324704000,0.3146093430246913
1629324734000,0.30829190291085506
1629324764000,0.3154386762492289
1629324794000,0.3166499965152458
1629324824000,0.31614695109756097
1629324854000,0.31158906354354354
1629324884000,0.310274790316687
1629324914000,0.32024989751364463
1629324944000,0.31193832949421085
1629324974000,0.3203965991561181
1629325004000,0.3119427817855003
1629325034000,0.3183540221130221
1629325064000,0.3215820546379414
1629325094000,0.3111584210918114
1629325124000,0.31594843355542096
1629325154000,0.3132010150827713
1629325184000,0.3146557475151515
1629325214000,0.3108933643075046
1629325244000,0.31787692899444786
1629325274000,0.3125800916615946
1629325304000,0.317458481461019
1629325334000,0.31629626118665016
1629325364000,0.3180322533536585
1629325394000,0.3136230353817505
1629325424000,0.3151906263319045
1629325454000,0.3183083945027795
1629325484000,0.3208995446341463
1629325514000,0.3127002488456865
1629325544000,0.31498628423312885
1629325574000,0.32148431754705525
1629325604000,0.3117565766314481
1629325634000,0.3187253660049628
1629325664000,0.31613914573019797
1629325694000,0.3218626891009852
1629325724000,0.314869495681678
1629325754000,0.3157297035714285
1629325784000,0.31557817705627705
1629325814000,0.31203945199020205
1629325844000,0.31129897342700064
1629325874000,0.3096291557868953
1629325904000,0.314235695407226
1629325934000,0.3145428865890998
1629325964000,0.31764100553846153
1629325994000,0.31556763750763595
1629326024000,0.31590726928223845
1629326054000,0.3128663713761468
1629326084000,0.3148520998148148
1629326114000,0.3124304673333333
1629326144000,0.3136389441285537
1629326174000,0.3128182282098765
1629326204000,0.3136833242216687
1629326234000,0.3189079626060606
1629326264000,0.3124239217526414
1629326294000,0.3134270741132545
1629326324000,0.3165754772447725
1629326354000,0.31249006548564445
1629326384000,0.3109697881740196
1629326414000,0.3153055138442521
1629326444000,0.3186368262706675
1629326474000,0.3167204516819572
1629326504000,0.3104825882845188
1629326534000,0.3124892469575907
1629326564000,0.3164985592995169
1629326594000,0.3142562970695971
1629326624000,0.31669686135265696
1629326654000,0.3110822761875761
1629326684000,0.3118176362762763
1629326714000,0.31858539436705025
1629326744000,0.3185510552567237
1629326774000,0.3127613131546894
1629326804000,0.3171165877161598
1629326834000,0.31592094496644296
1629326864000,0.3235726755227552
1629326894000,0.3176951724307692
1629326924000,0.313575643934822
1629326954000,0.31642562255729795
1629326984000,0.3116239682180037
1629327014000,0.3126715394900498
1629327044000,0.31402923128457283
1629327074000,0.3167204088073394
1629327104000,0.31616150625387
1629327134000,0.3111810040779063
1629327164000,0.3197486488329238
1629327194000,0.3183742089579525
1629327224000,0.3190259215299198
1629327254000,0.31711346203473945
1629327284000,0.31226123844754394
1629327314000,0.3161077606284658
1629327344000,0.3196457595898673
1629327374000,0.3145089008620689
1629327404000,0.3177874645769933
1629327434000,0.31372912224969096
1629327464000,0.3237067522924411
1629327494000,0.3177760252873563
1629327524000,0.3169387591240876
1629327554000,0.3178268171931956
1629327584000,0.31643533544303803
1629327614000,0.3194635961752005
1629327644000,0.3124075444850701
1629327674000,0.3111868263473054
1629327704000,0.31444618200122026
1629327734000,0.3134499222760291
1629327764000,0.3096676758389262
1629327794000,0.3121087401234568
1629327824000,0.3144192256847231
1629327854000,0.31239794752293576
1629327884000,0.3124272015206813
1629327914000,0.3151077257284563
1629327944000,0.3119195138565297
1629327974000,0.3150277013496933
1629328004000,0.31405446604708803
1629328034000,0.31253404525862066
1629328064000,0.3137454481299816
1629328094000,0.3178942662203287
1629328124000,0.3156824057821059
1629328154000,0.3204656879754601
1629328184000,0.3123825858272506
1629328214000,0.31136919969325155
1629328244000,0.31397815820987657
1629328274000,0.31786817532548045
1629328304000,0.3129314915356711
1629328334000,0.312722412138016
1629328364000,0.3159567308022045
1629328394000,0.3172714716482165
1629328424000,0.31058438239999997
1629328454000,0.31713427981651376
1629328484000,0.3157789359516616
1629328514000,0.31531141702388243
1629328544000,0.3182579615478367
1629328574000,0.317621827955665
1629328604000,0.3169678581207219
1629328634000,0.3132438270975761
1629328664000,0.318420037780473
1629328694000,0.3122862765700483
1629328724000,0.3181536090179123
1629328754000,0.3182586726485149
1629328784000,0.3164302875376279
1629328814000,0.31732388191358024
1629328844000,0.31669768692730604
1629328874000,0.31745546070763503
1629328904000,0.3123799410365853
1629328934000,0.31407343705275925
1629328964000,0.31403645489467163
1629328994000,0.3131077605875153
1629329024000,0.3128781773490977
1629329054000,0.31228142585784313
1629329084000,0.3127320518337408
1629329114000,0.3129346028014616
1629329144000,0.3184257415356711
1629329174000,0.3143279776687117
1629329204000,0.3124139419692308
1629329234000,0.3124916854690374
1629329264000,0.3122221073582629
1629329294000,0.3118941614143921
1629329324000,0.3162248161349693
1629329354000,0.3122197445879459
1629329384000,0.3118943062307218
1629329414000,0.3150230300120773
1629329444000,0.31598922316697475
1629329474000,0.3173395710510141
1629329504000,0.31171592887281496
1629329534000,0.3120472312267658
1629329564000,0.3121616703612982
1629329594000,0.3128753186089079
1629329624000,0.31278210669914736
1629329654000,0.3163059857056695
1629329684000,0.3162025648929664
1629329714000,0.3159809771725826
1629329744000,0.3121612803538743
1629329774000,0.31417470377818396
1629329804000,0.3129787550698239
1629329834000,0.3163762835566383
1629329864000,0.3128806333126935
1629329894000,0.3121123922648515
1629329924000,0.31882285873308736
1629329954000,0.3210972197005988
1629329984000,0.31473204290048545
1629330014000,0.3164544705517669
1629330044000,0.32436505947432764
1629330074000,0.31697757396341464
1629330104000,0.3167703016059296
1629330134000,0.3160661532628962
1629330164000,0.31611391545012163
1629330194000,0.31756782472256473
1629330224000,0.3207907198153846
1629330254000,0.3267113296884545
1629330284000,0.3160575721813725
1629330314000,0.3140003620353443
1629330344000,0.3167202942331288
1629330374000,0.31552119118541033
1629330404000,0.3118406746634027
1629330434000,0.312074704805915
1629330464000,0.3120859067641682
1629330494000,0.31724137256362506
1629330524000,0.3144181039336202
1629330554000,0.3120364465517241
1629330584000,0.31622291607361963
1629330614000,0.31738340625387
1629330644000,0.3133518240196078
1629330674000,0.3169881891595615
1629330704000,0.3111972334981459
1629330734000,0.3137055199629172
1629330764000,0.31374063502789834
1629330794000,0.31180489739938083
1629330824000,0.3170144849172287
1629330854000,0.3162888753071253
1629330884000,0.3160416020631068
1629330914000,0.31648556940160394
1629330944000,0.3176530357142857
1629330974000,0.3133605194324491
1629331004000,0.3115145719637462
1629331034000,0.317425134375
1629331064000,0.3105585767857143
1629331094000,0.31199525486834045
1629331124000,0.3135710513580247
1629331154000,0.31814546202453986
1629331184000,0.3198146917942437
1629331214000,0.3201000192427064
1629331244000,0.312563094273399
1629331274000,0.3146810018913972
1629331304000,0.3129737296636085
1629331334000,0.3166883236153378
1629331364000,0.3156233195786865
1629331394000,0.31733292430769233
1629331424000,0.3167870084963325
1629331454000,0.3163389030965392
1629331484000,0.3161489329846154
1629331514000,0.3124068993309003
1629331544000,0.31683174792569657
1629331574000,0.3153564372208437
1629331604000,0.31355094736842104
1629331634000,0.3127819322897483
1629331664000,0.3183169904553961
1629331694000,0.3119885767614339
1629331724000,0.3122937859900374
1629331754000,0.3279027473300971
1629331784000,0.3144975327171904
1629331814000,0.3121181823025107
1629331844000,0.3181429337813073
1629331874000,0.3123194961230769
1629331904000,0.3148542545566502
1629331934000,0.31595867148125384
1629331964000,0.3139552270352369
1629331994000,0.3112267737597131
1629332024000,0.3176373677300613
1629332054000,0.3131038275862069
1629332084000,0.3133906955287009
1629332114000,0.3143503377750611
1629332144000,0.3152260207002457
1629332174000,0.3205986729863693
1629332204000,0.31339032843197073
1629332234000,0.31258301825980395
1629332264000,0.3105812719211823
1629332294000,0.3163767660757946
1629332324000,0.3148527492638037
1629332354000,0.3161640098757764
1629332384000,0.3122237579045257
1629332414000,0.3135045128329298
1629332444000,0.31291822398523983
1629332474000,0.3146506734184915
1629332504000,0.31376495087609513
1629332534000,0.31175453558805605
1629332564000,0.31047711535168193
1629332594000,0.3224155597708082
1629332624000,0.3135481078443484
1629332654000,0.313447418662614
1629332684000,0.3129683393341553
1629332714000,0.3149443650061501
1629332744000,0.3177101291898577
1629332774000,0.31207287770228537
1629332804000,0.31239026572654816
1629332834000,0.3219949061881188
1629332864000,0.3170992858895705
1629332894000,0.3184037445805266
1629332924000,0.31407756812577065
1629332954000,0.3130730131147541
1629332984000,0.3169476146237864
1629333014000,0.3155325363525092
1629333044000,0.3115240913255956
1629333074000,0.3119437550609756
1629333104000,0.31270742695599024
1629333134000,0.315830334315531
1629333164000,0.3211208918753818
1629333194000,0.31380390659407137
1629333224000,0.3115326477427335
1629333254000,0.3121681179987797
1629333284000,0.3196500613430127
1629333314000,0.3123643620307692
1629333344000,0.3155360363968351
1629333374000,0.31729583303303305
1629333404000,0.310760502
1629333434000,0.3165917569174757
1629333464000,0.3204436632566586
1629333494000,0.3174381542079208
1629333524000,0.31457576159464395
1629333554000,0.3126520586034913
1629333584000,0.31386925033639146
1629333614000,0.3161227273447016
1629333644000,0.3130250392443632
1629333674000,0.31596626293622143
1629333704000,0.31140967119466345
1629333734000,0.317204468845449
1629333764000,0.31630437071823203
1629333794000,0.3214738586642599
1629333824000,0.3190591123533045
1629333854000,0.3192588053268765
1629333884000,0.31319351586715866
1629333914000,0.3132547199513382
1629333944000,0.31329321318154585
1629333974000,0.31264504411764704
1629334004000,0.3110252791942273
1629334034000,0.3127850431181486
1629334064000,0.31162608925970875
1629334094000,0.31644786089385474
1629334124000,0.3200464219406675
1629334154000,0.31686840006086425
1629334184000,0.3143138654358353
1629334214000,0.31398780384138786
1629334244000,0.3099578202140309
1629334274000,0.313655402329859
1629334304000,0.31604857073019804
1629334334000,0.31181715490438
1629334364000,0.31426995730745905
1629334394000,0.31289981453664445
1629334424000,0.31235045889159563
1629334454000,0.31200933255671365
1629334484000,0.3131772640883978
1629334514000,0.3159093377475248
1629334544000,0.24999596956257594
1629334574000,0.3134124029247044
1629334604000,0.31411468542168675
1629334634000,0.2563364497874924
1629334664000,0.31191665335753177
1629334694000,0.31192957620500306
1629334724000,0.31678658327294684
1629334754000,0.31955755082771303
1629334784000,0.3182120643685174
1629334814000,0.31703575529051986
1629334844000,0.3212065732480195
1629334874000,0.3193663087507544
1629334904000,0.3155562504227053
1629334934000,0.3144184788497217
1629334964000,0.31518198282514004
1629334994000,0.3114004064456722
1629335024000,0.31802514275449106
1629335054000,0.3188493606617647
1629335084000,0.3157647974435196
1629335114000,0.3156131818844985
1629335144000,0.3135604895614577
1629335174000,0.3147123072083079
1629335204000,0.31510761504587154
1629335234000,0.3171756334155364
1629335264000,0.31153121031055897
1629335294000,0.3157262926309379
1629335324000,0.3129277634486946
1629335354000,0.3164945148755313
1629335384000,0.3114865457142857
1629335414000,0.3174425020871701
1629335444000,0.3132437878303626
1629335474000,0.3108282259866424
1629335504000,0.3192648571691176
1629335534000,0.3124339642059553
1629335564000,0.32023907530562346
1629335594000,0.3135589910769231
1629335624000,0.32040427894096163
1629335654000,0.3135097069435834
1629335684000,0.3224812552680222
1629335714000,0.3115692703907204
1629335744000,0.3115441340085942
1629335774000,0.31087768303843805
1629335804000,0.3127619400611621
1629335834000,0.3147529082149475
1629335864000,0.31252713078324224
1629335894000,0.31129182553451434
1629335924000,0.31546105540216085
1629335954000,0.3126221828834356
1629335984000,0.3143897809146341
1629336014000,0.3120316331932773
1629336044000,0.31199714449968924
1629336074000,0.3124903015151515
1629336104000,0.3173837807763401
1629336134000,0.3115198472581639
1629336164000,0.31297947063197024
1629336194000,0.31030862454323993
1629336224000,0.31192620621951217
1629336254000,0.3114439632515337
1629336284000,0.3172521085132634
1629336314000,0.3193532593673966
1629336344000,0.31912065450617283
1629336374000,0.31609571458206226
1629336404000,0.31316790256723714
1629336434000,0.3107251909090909
1629336464000,0.3149797118259804
1629336494000,0.3134873489137182
1629336524000,0.3178214266138855
1629336554000,0.3134924163414634
1629336584000,0.3206078696876913
1629336614000,0.3138009820950061
1629336644000,0.3129859839552239
1629336674000,0.3125797149181322
1629336704000,0.3170255962424243
1629336734000,0.31238859105839417
1629336764000,0.32031482047146403
1629336794000,0.3135173121907061
1629336824000,0.3174300511246201
1629336854000,0.3132340959060807
1629336884000,0.3173121219753087
1629336914000,0.3181394330518697
1629336944000,0.31257971471861473
1629336974000,0.3143703211976048
1629337004000,0.31872732285714284
1629337034000,0.3126063008588957
1629337064000,0.3151354148238153
1629337094000,0.3163981618842365
1629337124000,0.3192479434185901
1629337154000,0.31189951986511344
1629337184000,0.3163725380637402
1629337214000,0.3126377276492083
1629337244000,0.3146374024067389
1629337274000,0.31415466132190945
1629337304000,0.3139451923124231
1629337334000,0.3138942673053152
1629337364000,0.31379083057057056
1629337394000,0.31151735018270404
1629337424000,0.31458015196017425
1629337454000,0.3135540698402948
1629337484000,0.3151373198322349
1629337514000,0.3084218385679904
1629337544000,0.320164165625
1629337574000,0.3193638030778516
1629337604000,0.31789361507598785
1629337634000,0.3131379298387097
1629337664000,0.3106553251369446
1629337694000,0.3113160092177077
1629337724000,0.3133663846580407
1629337754000,0.31177737855844945
1629337784000,0.31227047880072684
1629337814000,0.3121509406174334
1629337844000,0.3181286215127093
1629337874000,0.3171870876213592
1629337904000,0.31391663669501824
1629337934000,0.3120614491733007
1629337964000,0.3120333113001215
1629337994000,0.31740223469015794
1629338024000,0.3189685772451457
1629338054000,0.3211194622167789
1629338084000,0.31835201927115503
1629338114000,0.3117510371146732
1629338144000,0.3215476756773399
1629338174000,0.3125841345754429
1629338204000,0.31272709975742874
1629338234000,0.31301553850855746
1629338264000,0.3114178216564417
1629338294000,0.30980650536791315
1629338324000,0.3092971140971806
1629338354000,0.3130357980958231
1629338384000,0.3171344738650307
1629338414000,0.3114433883565797
1629338444000,0.31812248704503393
1629338474000,0.3186081705596107
1629338504000,0.3140406989499691
1629338534000,0.31699841188423644
1629338564000,0.31639582971323976
1629338594000,0.3166310360415394
1629338624000,0.31485324806060605
1629338654000,0.31437230129310345
1629338684000,0.3066739312238806
1629338714000,0.31737841385652976
1629338744000,0.32252658484666263
1629338774000,0.3187358069486405
1629338804000,0.31199112360594794
1629338834000,0.3125471404361371
1629338864000,0.3199632353799392
1629338894000,0.3152148582716049
1629338924000,0.31837444389642416
1629338954000,0.31208877747252745
1629338984000,0.3122165509000621
1629339014000,0.3197744137423313
1629339044000,0.3156486311042945
1629339074000,0.3065536816951148
1629339104000,0.31494763906633905
1629339134000,0.3143891179951691
1629339164000,0.31227158125
1629339194000,0.31163423126153844
1629339224000,0.31679176988463875
1629339254000,0.3129914150431566
1629339284000,0.3105405120741184
1629339314000,0.3167327762195122
1629339344000,0.31195534327160496
1629339374000,0.3172289784841076
1629339404000,0.31783776674937964
1629339434000,0.3124714882210079
1629339464000,0.3146051581551619
1629339494000,0.31546239102167184
1629339524000,0.3170519168184578
1629339554000,0.3154214946461538
1629339584000,0.31617281541769043
1629339614000,0.320599972971324
1629339644000,0.3115971256441718
1629339674000,0.31127704326328803
1629339704000,0.31286633902439026
1629339734000,0.3122034097954123
1629339764000,0.3112731060476481
1629339794000,0.3129866524074074
1629339824000,0.3239437152542373
1629339854000,0.31682095680580763
1629339884000,0.3173122461165049
1629339914000,0.3127166850496278
1629339944000,0.31534256503030306
1629339974000,0.3179217446172249
1629340004000,0.3157993468446602
1629340034000,0.3145459988307692
1629340064000,0.3121380722321963
1629340094000,0.3133731011131725
1629340124000,0.31309078316109423
1629340154000,0.3167000397404203
1629340184000,0.31151565477510784
1629340214000,0.3120640518833536
1629340244000,0.3215578392857143
1629340274000,0.312901807459926
1629340304000,0.3137546747863248
1629340334000,0.3177163338414634
1629340364000,0.31610794957317073
1629340394000,0.3162340523955774
1629340424000,0.3194617020846107
1629340454000,0.31473644929404543
1629340484000,0.317310933190447
1629340514000,0.31883306263736266
1629340544000,0.3201449329230769
1629340574000,0.31897063309134904
1629340604000,0.3170982911693057
1629340634000,0.3175858636642157
1629340664000,0.3131247898827884
1629340694000,0.3229995756370416
1629340724000,0.31753008502148555
1629340754000,0.3204491756261454
1629340784000,0.3183226224815725
1629340814000,0.3176158699814701
1629340844000,0.32035607628361856
1629340874000,0.3119777232317073
1629340904000,0.31284646613788897
1629340934000,0.3189853885523925
1629340964000,0.314946173803681
1629340994000,0.3101431403614458
1629341024000,0.3211411598391089
1629341054000,0.3190330978341584
1629341084000,0.3152534633353771
1629341114000,0.3140450427527405
1629341144000,0.3194087349568434
1629341174000,0.31150463001819284
1629341204000,0.3175735514929921
1629341234000,0.31601325916359163
1629341264000,0.311165549909475
1629341294000,0.3111321179581796
1629341324000,0.31772589841269844
1629341354000,0.31339912179176754
1629341384000,0.31576385094110504
1629341414000,0.3164527976672805
1629341444000,0.3171184177300613
1629341474000,0.3147954994011976
1629341504000,0.3169038882640587
1629341534000,0.3128386506090134
1629341564000,0.3156566575609756
1629341594000,0.31499757212713936
1629341624000,0.3132720892193309
1629341654000,0.3133894940777298
1629341684000,0.3162028227747084
1629341714000,0.3124287806253832
1629341744000,0.31402517561576354
1629341774000,0.3117333984783932
1629341804000,0.3120691617008069
1629341834000,0.31931355009310985
1629341864000,0.3118290657763975
1629341894000,0.3186931229477612
1629341924000,0.3186626307551766
1629341954000,0.31655070134228186
1629341984000,0.3172700393846154
1629342014000,0.3132874147551147
1629342044000,0.31978453345633456
1629342074000,0.3175706986326911
1629342104000,0.31158277107487925
1629342134000,0.31592900215916103
1629342164000,0.3162577025990099
1629342194000,0.3162661088217523
1629342224000,0.32149375956151033
1629342254000,0.31492317152317884
1629342284000,0.3144793681177192
1629342314000,0.31784038697504563
1629342344000,0.3160067857761286
1629342374000,0.3174791422629969
1629342404000,0.3180521368263473
1629342434000,0.3123307312009656
1629342464000,0.3162954103658537
1629342494000,0.3171319172413793
1629342524000,0.3131474706025563
1629342554000,0.3178133902483343
1629342584000,0.3124179281440781
1629342614000,0.3121785776813391
1629342644000,0.3140622033908755
1629342674000,0.3166417033172497
1629342704000,0.3130695772589448
1629342734000,0.31247311826511914
1629342764000,0.3170926821624924
1629342794000,0.3126656509113001
1629342824000,0.3120611819702602
1629342854000,0.3165821958205286
1629342884000,0.3185686875600961
1629342914000,0.31648249439950216
1629342944000,0.31119997115151515
1629342974000,0.3108504114984709
1629343004000,0.3128857016605166
1629343034000,0.31751410128597674
1629343064000,0.315403981829496
1629343094000,0.3199943011677935
1629343124000,0.3114789007836046
1629343154000,0.3112643018799272
1629343184000,0.3164843560990338
1629343214000,0.32156308407682777
1629343244000,0.318014829252111
1629343274000,0.3187224565163681
1629343304000,0.31291026430332924
1629343334000,0.31374690649752474
1629343364000,0.3116275046654389
1629343394000,0.31567231843065696
1629343424000,0.31667688784700804
1629343454000,0.32206510092250923
1629343484000,0.3153864641509434
1629343514000,0.31132377169583586
1629343544000,0.31705744149326803
1629343574000,0.3108259310449575
1629343604000,0.31765773842394623
1629343634000,0.31753803463653024
1629343664000,0.31524988525402725
1629343694000,0.3124078095898673
1629343724000,0.3195224463892289
1629343754000,0.31796233353846154
1629343784000,0.3145650518115942
1629343814000,0.31616699057177616
1629343844000,0.3157917179204893
1629343874000,0.3247515353628536
1629343904000,0.3184961060422961
1629343934000,0.3168413752891053
1629343964000,0.3145613031578947
1629343994000,0.3141420936157152
1629344024000,0.31724854358047017
1629344054000,0.3127453017386091
1629344084000,0.3140684095031056
1629344114000,0.3198550225429975
1629344144000,0.3115806490442055
1629344174000,0.3131315880688807
1629344204000,0.3130636091021672
1629344234000,0.31857194432863273
1629344264000,0.3178272597442144
1629344294000,0.31580147503030304
1629344324000,0.31354075744810744
1629344354000,0.3159540858385093
1629344384000,0.3169584286509901
1629344414000,0.31365355608272505
1629344444000,0.31526325232909863
1629344474000,0.3170316436964504
1629344504000,0.32079015191489363
1629344534000,0.3157567619631902
1629344564000,0.3144029250151057
1629344594000,0.3148078186327889
1629344624000,0.31658071390605685
1629344654000,0.3168695256582976
1629344684000,0.3142707767257178
1629344714000,0.31395717202669904
1629344744000,0.3182965541312272
1629344774000,0.3178399667286245
1629344804000,0.312975301686747
1629344834000,0.3168569403551745
1629344864000,0.3146118665855143
1629344894000,0.3193782947206875
1629344924000,0.31346912523076925
1629344954000,0.31951182583643123
1629344984000,0.31708991071647274
1629345014000,0.3175847161505768
1629345044000,0.3136329482929857
1629345074000,0.31561716904761905
1629345104000,0.3174071965916007
1629345134000,0.31524473539019965
1629345164000,0.31043177044902914
1629345194000,0.31379858185785536
1629345224000,0.3115960021315469
1629345254000,0.31793673086642604
1629345284000,0.3178348157004831
1629345314000,0.3236970889993785
1629345344000,0.31061965993975904
1629345374000,0.31055988275441804
1629345404000,0.316747053897281
1629345434000,0.3117227968557337
1629345464000,0.3151054356676558
1629345494000,0.3220153137339056
1629345524000,0.3210409218072289
1629345554000,0.3128025666666667
1629345584000,0.31763071052955666
1629345614000,0.318347662461156
1629345644000,0.3148519096486004
1629345674000,0.3152932044171779
1629345704000,0.3159233262836186
1629345734000,0.31775570789957136
1629345764000,0.3159115925544794
1629345794000,0.3114813993887531
1629345824000,0.3140529432076601
1629345854000,0.3145329988414634
1629345884000,0.31324426312849163
1629345914000,0.31292478672782875
1629345944000,0.3184211615337044
1629345974000,0.31083992218181816
1629346004000,0.3154243945863747
1629346034000,0.3136448042918455
1629346064000,0.3154343766281193
1629346094000,0.3134523274907749
1629346124000,0.3117279306529625
1629346154000,0.3146310688414634
1629346184000,0.31620676828220856
1629346214000,0.3179390189749847
1629346244000,0.32052693529411763
1629346274000,0.3162277733208955
1629346304000,0.3178129352796558
1629346334000,0.3139203114984709
1629346364000,0.3164025895126465
1629346394000,0.3153906404613466
1629346424000,0.3127895099199014
1629346454000,0.31783922225
1629346484000,0.3126418423759951
1629346514000,0.31208030211480364
1629346544000,0.3195473936183022
1629346574000,0.312499409129902
1629346604000,0.3112336537700865
1629346634000,0.3152849659863945
1629346664000,0.3116945509864365
1629346694000,0.3164030413962033
1629346724000,0.31277840832298137
1629346754000,0.3155098537240537
1629346784000,0.31895969291925463
1629346814000,0.3150638501831502
1629346844000,0.31761123950091297
1629346874000,0.3210337226772616
1629346904000,0.3147579659300184
1629346934000,0.31463924805825244
1629346964000,0.3173535978697505
1629346994000,0.3203515554347826
1629347024000,0.3199325771217712
1629347054000,0.3130808397803539
1629347084000,0.3134837293284042
1629347114000,0.3115045202925046
1629347144000,0.31518734312383323
1629347174000,0.31399151741263026
1629347204000,0.31205645507068225
1629347234000,0.3162527104968944
1629347264000,0.3154242526605505
1629347294000,0.3156828823818293
1629347324000,0.3184350832926829
1629347354000,0.3130550607274969
1629347384000,0.31693945346413244
1629347414000,0.31825034140625
1629347444000,0.3162309867798666
1629347474000,0.3166474875383671
1629347504000,0.3167176032635468
1629347534000,0.3134327410843373
1629347564000,0.3137958212438424
1629347594000,0.3139179681405209
1629347624000,0.3173447306422018
1629347654000,0.3173353756363637
1629347684000,0.32052364300549785
1629347714000,0.3144129092995169
1629347744000,0.316837258539604
1629347774000,0.3120491815676669
1629347804000,0.31408276569659443
1629347834000,0.3220477133170433
1629347864000,0.3190886693765281
1629347894000,0.3193681698655257
1629347924000,0.3165710021978022
1629347954000,0.3175736137362637
1629347984000,0.3218432786148238
1629348014000,0.3115441113885505
1629348044000,0.3128839616915423
1629348074000,0.31612448014527844
1629348104000,0.3180178079732197
1629348134000,0.3139493193370166
1629348164000,0.30973623835784314
1629348194000,0.31555553985507245
1629348224000,0.31201127350952673
1629348254000,0.3134359939114391
1629348284000,0.311901094509562
1629348314000,0.3175666867447596
1629348344000,0.31096875243243244
1629348374000,0.3188963647844566
1629348404000,0.3125876490184049
1629348434000,0.312346637780473
1629348464000,0.3121214297053518
1629348494000,0.3152111021686747
1629348524000,0.3199528484567901
1629348554000,0.3177325427797834
1629348584000,0.3112339436560433
1629348614000,0.3119368894896719
1629348644000,0.31759860851460536
1629348674000,0.31372238674846625
1629348704000,0.3128331777035237
1629348734000,0.31715649950950336
1629348764000,0.3200651922324159
1629348794000,0.3167889922093731
1629348824000,0.3145231486153846
1629348854000,0.3117701648859544
1629348884000,0.3118268251973285
1629348914000,0.31664865772506084
1629348944000,0.31166456666666664
1629348974000,0.3171368636644047
1629349004000,0.3181952298899756
1629349034000,0.3122220465838509
1629349064000,0.31049152021857923
1629349094000,0.316308674527727
1629349124000,0.3150048966626214
1629349154000,0.3125262488916256
1629349184000,0.3173921057228916
1629349214000,0.3137415973413897
1629349244000,0.3140836824209245
1629349274000,0.3159079532047293
1629349304000,0.3145596775460123
1629349334000,0.3140333748623853
1629349364000,0.3173268238124239
1629349394000,0.30879681951515153
1629349424000,0.3183526558513932
1629349454000,0.31163018557397176
1629349484000,0.3177357700122399
1629349514000,0.3117423996890547
1629349544000,0.32037029338739864
1629349574000,0.3179998657351154
1629349604000,0.31391868017135865
1629349634000,0.31447275252279633
1629349664000,0.3116321257313433
1629349694000,0.31388227214111925
1629349724000,0.31503554036809817
1629349754000,0.3152503639056832
1629349784000,0.31797907194597913
1629349814000,0.31389755119120344
1629349844000,0.3148054846153846
1629349874000,0.3122073720172201
1629349904000,0.312719868784029
1629349934000,0.3197199434202547
1629349964000,0.3099292650461539
1629349994000,0.3114515986052153
1629350024000,0.31254774158415843
1629350054000,0.3136879678899083
1629350084000,0.3159661886723508
1629350114000,0.3110555692923077
1629350144000,0.3168349193146417
1629350174000,0.3142513300976801
1629350204000,0.3169747342575477
1629350234000,0.31372432655677657
1629350264000,0.3115308516327788
1629350294000,0.31729542399505256
1629350324000,0.3199443795217658
1629350354000,0.3145697502145923
1629350384000,0.3130516884638737
1629350414000,0.3134573586014852
1629350444000,0.3124456686695279
1629350474000,0.3172863749535028
1629350504000,0.31507666217522656
1629350534000,0.31766078351383875
1629350564000,0.3171885410933661
1629350594000,0.3115053917525773
1629350624000,0.31547004804226225
1629350654000,0.31238937928528165
1629350684000,0.3141449599269184
1629350714000,0.31331146283454986
1629350744000,0.3175151398423287
1629350774000,0.31714925097087376
1629350804000,0.3179594245398773
1629350834000,0.31710325369578496
1629350864000,0.3104155050333535
1629350894000,0.3186842338709677
1629350924000,0.3137928301479655
1629350954000,0.3172491841645885
1629350984000,0.3175446566140777
1629351014000,0.3150088870381587
1629351044000,0.31264846950920244
1629351074000,0.3174475735204393
1629351104000,0.313389781990232
1629351134000,0.31673888705521475
1629351164000,0.3168713722458917
1629351194000,0.31831185244798044
1629351224000,0.314648348
1629351254000,0.3127237415592388
1629351284000,0.3174224470194647
1629351314000,0.3186132684017146
1629351344000,0.3225173322560597
1629351374000,0.3127225219244824
1629351404000,0.3155838912
1629351434000,0.3153127875
1629351464000,0.3146785223602485
1629351494000,0.3124348459227468
1629351524000,0.3107481935563817
1629351554000,0.3130136913664596
1629351584000,0.3138541841651263
1629351614000,0.3152654477258567
1629351644000,0.31730443122284296
1629351674000,0.3188680235982748
1629351704000,0.3204282252450981
1629351734000,0.3126620362399505
1629351764000,0.3162506643852211
1629351794000,0.3163181392038601
1629351824000,0.31289286412639405
1629351854000,0.3115887970186336
1629351884000,0.3135136562807882
1629351914000,0.3139858459309495
1629351944000,0.3138048504854369
1629351974000,0.31976917139318883
1629352004000,0.3209844828482972
1629352034000,0.3131336433066009
1629352064000,0.3204864186967113
1629352094000,0.31616237759562843
1629352124000,0.3207170790458937
1629352154000,0.3159924348170732
1629352184000,0.3150377064417178
1629352214000,0.3168438561005518
1629352244000,0.31464479481834423
1629352274000,0.3115908399017802
1629352304000,0.3131801026363092
1629352334000,0.30872628723021583
1629352364000,0.320158067625459
1629352394000,0.3213281787767584
1629352424000,0.31679045328867234
1629352454000,0.3126661567584098
1629352484000,0.31250556311326466
1629352514000,0.31530892079089273
1629352544000,0.31501977193195624
1629352574000,0.3242800769792936
1629352604000,0.3171555383670964
1629352634000,0.3174672796683047
1629352664000,0.3160461485679464
1629352694000,0.3184173336175396
1629352724000,0.25268096479308216
1629352754000,0.3141991142507645
1629352784000,0.3127950884878656
1629352814000,0.3166786435100549
1629352844000,0.3121882203513022
1629352874000,0.31636860331925165
1629352904000,0.3151537888546798
1629352934000,0.3196602892945545
1629352964000,0.31315359871638143
1629352994000,0.31291362344701584
1629353024000,0.3223623143292683
1629353054000,0.3174444793082524
1629353084000,0.3156691403021148
1629353114000,0.3162748447044335
1629353144000,0.30949694018292684
1629353174000,0.3128704896072508
1629353204000,0.3102515758035173
1629353234000,0.3174958165238678
1629353264000,0.3143891194444444
1629353294000,0.3178380758308157
1629353324000,0.3114875513744655
1629353354000,0.3117907239759036
1629353384000,0.31543382050970875
1629353414000,0.3115098061614294
1629353444000,0.31642726424682394
1629353474000,0.3112344769089798
1629353504000,0.3178658459623558
1629353534000,0.3185412439083233
1629353564000,0.3137582641165756
1629353594000,0.3110919113870382
1629353624000,0.32209965523290984
1629353654000,0.3119033807503075
1629353684000,0.31238659720194645
1629353714000,0.3119728749381188
1629353744000,0.31815722719459794
1629353774000,0.3164814117647059
1629353804000,0.3104773397597598
1629353834000,0.3214658421379739
1629353864000,0.3126192222154595
1629353894000,0.31369625461346634
1629353924000,0.3141185079219988
1629353954000,0.3137338769090909
1629353984000,0.31151791293900183
1629354014000,0.3164508978287093
1629354044000,0.31873260547692306
1629354074000,0.31541985525507066
1629354104000,0.3132781545399147
1629354134000,0.3114877119237861
1629354164000,0.3133079077486272
1629357014000,0.32174057524096383
1629357044000,0.31343059751552793
1629357074000,0.3181542018507094
1629357104000,0.3182020772976263
1629357134000,0.32100066208991496
1629357164000,0.3129079587009804
1629357194000,0.311069540397351
1629357224000,0.3114619351121892
1629357254000,0.3100085633016627
1629357284000,0.3214560794117647
1629357314000,0.31407264824029124
1629357344000,0.3115569689440994
1629357374000,0.31274879300060865
1629357404000,0.317066643872549
1629357434000,0.3169365965600483
1629357464000,0.3116496765880218
1629357494000,0.3178813424550898
1629357524000,0.3170076812918952
1629357554000,0.3123554361026268
1629357584000,0.3161218643869378
1629357614000,0.3218240927483242
1629357644000,0.31791826941896023
1629357674000,0.3161650931246163
1629357704000,0.3169378901589242
1629357734000,0.3154883691687345
1629357764000,0.31457504100545125
1629357794000,0.3113586109646495
1629357824000,0.3167555720570012
1629357854000,0.3136611687843616
1629357884000,0.31238174779141104
1629357914000,0.3144005464684015
1629357944000,0.31984624274390244
1629357974000,0.32681795284653464
1629358004000,0.31453748143822985
1629358034000,0.3174480534629405
1629358064000,0.3217049989104116
1629358094000,0.3123145195795796
1629358124000,0.31880543912772585
1629358154000,0.3122625543478261
1629358184000,0.31449140692167576
1629358214000,0.3112307905592303
1629358244000,0.3101042543066585
1629358274000,0.3165047231707317
1629358304000,0.31297802229567306
1629358334000,0.31795968671875
1629358364000,0.31936663366093365
1629358394000,0.3125766549140049
1629358424000,0.3106784167793485
1629358454000,0.3138546641370869
1629358484000,0.3160164435679612
1629358514000,0.31497394756691
1629358544000,0.31208751610738256
1629358574000,0.3145792361805979
1629358604000,0.31322426845637585
1629358634000,0.3121558213510253
1629358664000,0.31242740700992555
1629358694000,0.31115110182481753
1629358724000,0.311874196070133
1629358754000,0.3138019806153846
1629358784000,0.3161809564871481
1629358814000,0.32231407241798304
1629358844000,0.31558419561777235
1629358874000,0.31706180962827546
1629358904000,0.3146599778668311
1629358934000,0.3190195035606518
1629358964000,0.3202832473394495
1629358994000,0.31785645970425136
1629359024000,0.3186869766089109
1629359054000,0.3158068847323601
1629359084000,0.3166843683622829
1629359114000,0.3136376962985811
1629359144000,0.3119564953658537
1629359174000,0.3177877892813642
1629359204000,0.3104156562538133
1629359234000,0.3162707873934227
1629359264000,0.31417921825980394
1629359294000,0.31600689132807763
1629359324000,0.313189
1629359354000,0.31496940506798515
1629359384000,0.3097620075972823
1629359414000,0.3115978407498464
1629359444000,0.31428418176862505
1629359474000,0.310895950486618
1629359504000,0.3111089815628816
1629359534000,0.3174450874617737
1629359564000,0.3128010088957055
1629359594000,0.3112798868226601
1629359624000,0.31293548522796355
1629359654000,0.3172687944811038
1629359684000,0.3163566352904821
1629359714000,0.30847495956416465
1629359744000,0.3200890809123649
1629359774000,0.3134986292046145
1629359804000,0.3209038123698714
1629359834000,0.3155630768902439
1629359864000,0.31824079064220184
1629359894000,0.3171945229956495
1629359924000,0.31917095696439723
1629359954000,0.31222551458966563
1629359984000,0.3179652149515739
1629360014000,0.322050059204893
1629360044000,0.3135169449355433
1629360074000,0.31424374845548153
1629360104000,0.3140725034398034
1629360134000,0.3135543805555556
1629360164000,0.3157235145612943
1629360194000,0.3128077391383495
1629360224000,0.3106752839605182
1629360254000,0.3126274280368098
1629360284000,0.31473855296251513
1629360314000,0.31726637188264056
1629360344000,0.31414724062885324
1629360374000,0.3160343570379437
1629360404000,0.3165528221878863
1629360434000,0.3214381469106179
1629360464000,0.315744639789604
1629360494000,0.3168546724923077
1629360524000,0.3141116909431605
1629360554000,0.3168258702308627
1629360584000,0.3114498910429448
1629360614000,0.31136339188529594
1629360644000,0.31710013773584905
1629360674000,0.31724559927316776
1629360704000,0.31290893929866986
1629360734000,0.31080117669082125
1629360764000,0.3121109516383495
1629360794000,0.3128023962668299
1629360824000,0.3220282452163315
1629360854000,0.3170217286065071
1629360884000,0.31776575780958305
1629360914000,0.3122707150710315
1629360944000,0.3114262452395391
1629360974000,0.31623746524129503
1629361004000,0.3190003611590629
1629361034000,0.3163904077984403
1629361064000,0.3197148894131881
1629361094000,0.3138650241358399
1629361124000,0.3212887276531231
1629361154000,0.32345511146417444
1629361184000,0.317744568405094
1629361214000,0.3115412658343484
1629361244000,0.312928387706422
1629361274000,0.3118350052019584
1629361304000,0.31351717256965944
1629361334000,0.3200803692212608
1629361364000,0.31678427883302296
1629361394000,0.3161379849196539
1629361424000,0.3173317246296296
1629361454000,0.3171115607758621
1629361484000,0.3141252713235294
1629361514000,0.3128376592796093
1629361544000,0.3142638785362853
1629361574000,0.3165930043103448
1629361604000,0.3168112394260761
1629361634000,0.31968820074028376
1629361664000,0.31820492326580724
1629361694000,0.3140080149226006
1629361724000,0.3184256472374013
1629361754000,0.31580685234613043
1629361784000,0.3185952804441703
1629361814000,0.31529322403196064
1629361844000,0.31141802886533665
1629361874000,0.3184404536082474
1629361904000,0.3129333652307693
1629361934000,0.31175839116392445
1629361964000,0.3119131110425663
1629361994000,0.31180956664619164
1629362024000,0.31206326264472883
1629362054000,0.313687657939394
1629362084000,0.3133484559876543
1629362114000,0.31463752764423075
1629362144000,0.3154308819732034
1629362174000,0.3155394061594203
1629362204000,0.31380717062807884
1629362234000,0.31651540421760394
1629362264000,0.3108685150617284
1629362294000,0.3127010054220579
1629362324000,0.31365220996996995
1629362354000,0.3191423382015691
1629362384000,0.3116380609146341
1629362414000,0.3118973992210905
1629362444000,0.3076376658448587
1629362474000,0.2496583181707317
1629362504000,0.3113577324357405
1629362534000,0.3141438365384616
1629362564000,0.3222084899014778
1629362594000,0.3149044313487242
1629362624000,0.3099904082634731
1629362654000,0.3125287830037083
1629362684000,0.3221324799129353
1629362714000,0.3155624586185819
1629362744000,0.312943490143481
1629362774000,0.3192161050847457
1629362804000,0.3157075540740741
1629362834000,0.31320501231707315
1629362864000,0.3155585372489349
1629362894000,0.3152682344785276
1629362924000,0.317835006116208
1629362954000,0.31354724195331696
1629362984000,0.31710914458204337
1629363014000,0.3179214197312156
1629363044000,0.3176219888888889
1629363074000,0.314186467706422
1629363104000,0.3164714025215252
1629363134000,0.3191668788497217
1629363164000,0.3174424939597316
1629363194000,0.3143005471826625
1629363224000,0.3205490297546012
1629363254000,0.3162990281724347
1629363284000,0.31343023661037395
1629363314000,0.3120072795385549
1629363344000,0.31492106253041363
1629363374000,0.3133496490740741
1629363404000,0.31269610360635697
1629363434000,0.3139197898315658
1629363464000,0.3152481993389423
1629363494000,0.31314879825870645
1629363524000,0.31316189048207665
1629363554000,0.3137098025355597
1629363584000,0.3177129287679426
1629363614000,0.31143681964720193
1629363644000,0.3182813242274413
1629363674000,0.3136002288209607
1629363704000,0.3133824640483384
1629363734000,0.3150401118008605
1629363764000,0.3173135863945578
1629363794000,0.31709663850432634
1629363824000,0.30905535496969705
1629363854000,0.3110932732923077
1629363884000,0.3135198981684982
1629363914000,0.3114634049474335
1629363944000,0.318836240208717
1629363974000,0.3132033582017011
1629364004000,0.3130996284936479
1629364034000,0.3197774261349693
1629364064000,0.3116668422619048
1629364094000,0.3187465076780186
1629364124000,0.3165447407338308
1629364154000,0.31614546946329425
1629364184000,0.31804940170212764
1629364214000,0.3126175966850829
1629364244000,0.3112586041516245
1629364274000,0.31984542433090024
1629364304000,0.3192862453766075
1629364334000,0.31555894407935525
1629364364000,0.3177497467404674
1629364394000,0.31073682109756096
1629364424000,0.31845055756639895
1629364454000,0.3209310421182266
1629364484000,0.31088875344403444
1629364514000,0.31376926945812805
1629364544000,0.3128740353304509
1629364574000,0.31546126204782343
1629364604000,0.3132739136558481
1629364634000,0.31532279324894513
1629364664000,0.31150496788592685
1629364694000,0.31040040133495145
1629364724000,0.3156754341255332
1629364754000,0.31165347054836723
1629364784000,0.3116379360316494
1629364814000,0.3160896236598891
1629364844000,0.31561818223602484
1629364874000,0.3124213077250608
1629364904000,0.3148162143123833
1629364934000,0.3132169100551809
1629364964000,0.31282522534246576
1629364994000,0.31284575331288345
1629365024000,0.3134381125
1629365054000,0.31255406896551724
1629365084000,0.31088704950617285
1629365114000,0.3153618641791045
1629365144000,0.3134997511180124
1629365174000,0.3123212945846154
1629365204000,0.3168912794299876
1629365234000,0.31313243167281674
1629365264000,0.3175740112400733
1629365294000,0.3168864283858998
1629365324000,0.31530702585688514
1629365354000,0.3164741172732881
1629365384000,0.3139060008014797
1629365414000,0.3124200697118332
1629365444000,0.31215141044957473
1629365474000,0.3121428862469437
1629365504000,0.3130005599758891
1629365534000,0.31179720036719705
1629365564000,0.3161709225247525
1629365594000,0.3206565775397797
1629365624000,0.31300454078313256
1629365654000,0.3167010898159509
1629365684000,0.31892743640806354
1629365714000,0.3123782094292804
1629365744000,0.31744636549815497
1629365774000,0.32108146517262265
1629365804000,0.3257809640962369
1629365834000,0.3183268379289216
1629365864000,0.3185133345945946
1629365894000,0.3155347858472998
1629365924000,0.3155568839165132
1629365954000,0.3174535045287637
1629365984000,0.3161282263636364
1629366014000,0.3121183164821648
1629366044000,0.3183729839901478
1629366074000,0.31888725472513896
1629366104000,0.31592313790371723
1629366134000,0.3170114635745207
1629366164000,0.31138769147239265
1629366194000,0.31644761285285283
1629366224000,0.3173040709245742
1629366254000,0.3217710200986437
1629366284000,0.31276675733578885
1629366314000,0.3123761336
1629366344000,0.3103958674177832
1629366374000,0.31745520682656825
1629366404000,0.31119763671970624
1629366434000,0.3172476287363305
1629366464000,0.3175618711314985
1629366494000,0.31561105744029394
1629366524000,0.3170348179233622
1629366554000,0.3117062151025481
1629366584000,0.3125033337780473
1629366614000,0.3117518161486898
1629366644000,0.31648435942028985
1629366674000,0.32044043654320986
1629366704000,0.3185202907960199
1629366734000,0.3116525077669903
1629366764000,0.31630393939580764
1629366794000,0.3158227643636364
1629366824000,0.3126314364130435
1629366854000,0.3137433949204406
1629366884000,0.3119924501534684
1629366914000,0.31268228775510204
1629366944000,0.3230858121506683
1629366974000,0.3195188269111249
1629367004000,0.31538455744424354
1629367034000,0.3148134701647346
1629367064000,0.316589490567201
1629367094000,0.31071024323011537
1629367124000,0.3175169296817625
1629367154000,0.3238668261490683
1629367184000,0.31806333475870496
1629367214000,0.3156612204490291
1629367244000,0.31605020200607903
1629367274000,0.3165842190677966
1629367304000,0.3177654951552795
1629367334000,0.3130360413942011
1629367364000,0.31611392672782873
1629367394000,0.3125083406626506
1629367424000,0.31306209193154033
1629367454000,0.3110184527644231
1629367484000,0.3176462064141723
1629367514000,0.3127262389022919
1629367544000,0.3159318348246675
1629367574000,0.31772842520173805
1629367604000,0.3167790639364303
1629367634000,0.3164792300061614
1629367664000,0.3116461899938613
1629367694000,0.3134532273931367
1629367724000,0.3119148390804597
1629367754000,0.3110513393162393
1629367784000,0.3135756371692308
1629367814000,0.3142638666060606
1629367844000,0.3192931602950215
1629367874000,0.3130404514623522
1629367904000,0.3168895355058969
1629367934000,0.31445647021671824
1629367964000,0.3086588169117647
1629367994000,0.31490100159411405
1629368024000,0.3162969966992665
1629368054000,0.31336121468277944
1629368084000,0.3128647491131498
1629368114000,0.3178126042092604
1629368144000,0.32234580470660146
1629368174000,0.3121322746079614
1629368204000,0.31183625743243243
1629368234000,0.317099288499385
1629368264000,0.31705085159542445
1629368294000,0.3184674703201971
1629368324000,0.3183132565797453
1629368354000,0.316269211706716
1629368384000,0.3163198796092796
1629368414000,0.3128943778718259
1629368444000,0.3136417966153846
1629368474000,0.3164502834761322
1629368504000,0.32014729452644525
1629368534000,0.3106938506429884
1629368564000,0.3161879242805755
1629368594000,0.3156778041949414
1629368624000,0.3116695572815534
1629368654000,0.3207266168408113
1629368684000,0.3217673160049628
1629368714000,0.3125271146149181
1629368744000,0.31678953535539217
1629368774000,0.3201653735965453
1629368804000,0.31250620224299064
1629368834000,0.3131640270718232
1629368864000,0.3124844128718883
1629368894000,0.31636396625463536
1629368924000,0.3203249051344743
1629368954000,0.3135392398394071
1629368984000,0.3130863876988984
1629369014000,0.3180157881314668
1629369044000,0.312703903229738
1629369074000,0.3196645398028343
1629369104000,0.3136652032238443
1629369134000,0.31252965913255953
1629369164000,0.31455392006006005
1629369194000,0.3147600813200498
1629369224000,0.3121402994454713
1629369254000,0.3150534908476659
1629369284000,0.3135982931707317
1629369314000,0.3139944233292079
1629369344000,0.3162617430048662
1629369374000,0.3114946205791744
1629369404000,0.3128527650092081
1629369434000,0.3127242194478528
1629369464000,0.31187705560215695
1629369494000,0.3125631205159705
1629369524000,0.3137625103213844
1629369554000,0.3130981462246777
1629369584000,0.3162537926678989
1629369614000,0.3118389806191951
1629369644000,0.31594158106945297
1629369674000,0.3134486571867322
1629369704000,0.3131873434756464
1629369734000,0.3117317342751843
1629369764000,0.3128150734895191
1629369794000,0.3108292281690141
1629369824000,0.31350189962940084
1629369854000,0.3181336295180723
1629369884000,0.31859206334164586
1629369914000,0.3159620833736397
1629369944000,0.3144335968503937
1629369974000,0.3177770034713764
1629370004000,0.3123738357231149
1629370034000,0.3125932785930867
1629370064000,0.3126029080074488
1629370094000,0.3131043553734062
1629370124000,0.31287707683302524
1629370154000,0.31349297657320874
1629370184000,0.3113888233742331
1629370214000,0.3140686852722772
1629370244000,0.3164355159781288
1629370274000,0.3166678643031785
1629370304000,0.3180053634323833
1629370334000,0.3217020184242424
1629370364000,0.3116390248318043
1629370394000,0.31661769945454543
1629370424000,0.3132759286157666
1629370454000,0.3146075265230769
1629370484000,0.3157822716183575
1629370514000,0.3134215403335392
1629370544000,0.31240729340320594
1629370574000,0.3125691797101449
1629370604000,0.31782479384615386
1629370634000,0.30942597274390243
1629370664000,0.31484298170731706
1629370694000,0.31725840952673634
1629370724000,0.3109897947527141
1629370754000,0.31852958839879153
1629370784000,0.310557070501836
1629370814000,0.31143646779866585
1629370844000,0.3100561277305825
1629370874000,0.3133408001851852
1629370904000,0.317981910870908
1629370934000,0.3111609069282649
1629370964000,0.3133414135970334
1629370994000,0.3131477171393341
1629371024000,0.3126542574468085
1629371054000,0.3150115373188406
1629371084000,0.3125622886699507
1629371114000,0.31792072555831263
1629371144000,0.3152360564133739
1629371174000,0.3138616008398321
1629371204000,0.31223111720364743
1629371234000,0.312041979804759
1629371264000,0.31827011757246376
1629371294000,0.3200126283272283
1629371324000,0.3158316607425441
1629371354000,0.3155852283474065
1629371384000,0.3126797180437424
1629371414000,0.3132353450576107
1629371444000,0.31708069158936303
1629371474000,0.3183579391965916
1629371504000,0.3137589632541133
1629371534000,0.31123319415274464
1629371564000,0.3174154241273729
1629371594000,0.31119783436341164
1629371624000,0.31174086469872186
1629371654000,0.31288733452237
1629371684000,0.31126785656689065
1629371714000,0.3139616845686513
1629371744000,0.3175514465728274
1629371774000,0.3129269330665025
1629371804000,0.3135727027963526
1629371834000,0.3165645192188469
1629371864000,0.3176440846153846
1629371894000,0.31920027874924106
1629371924000,0.31247275497543
1629371954000,0.3152624349323493
1629371984000,0.31208009228413963
1629372014000,0.31767047393162395
1629372044000,0.3165039973317162
1629372074000,0.3193654869592089
1629372104000,0.3148696772949817
1629372134000,0.3171928390847248
1629372164000,0.31736214788990824
1629372194000,0.3160287198765432
1629372224000,0.3171318791770574
1629372254000,0.31676333666870043
1629372284000,0.3169720667071689
1629372314000,0.3126252381595092
1629372344000,0.3125983435213887
1629372374000,0.3172249016918429
1629372404000,0.3179470327406499
1629372434000,0.3136669778255528
1629372464000,0.3190612619402985
1629372494000,0.31636587518382353
1629372524000,0.31510818355995057
1629372554000,0.31677553799758745
1629372584000,0.31756164209558824
1629372614000,0.3141935106200123
1629372644000,0.31615574899451554
1629372674000,0.31450015395292696
1629372704000,0.31355808068799035
1629372734000,0.3176944227272727
1629372764000,0.3117585012552301
1629372794000,0.3167729182096873
1629372824000,0.3146592642590286
1629372854000,0.31244003893316985
1629372884000,0.3110136600732601
1629372914000,0.31180226820950063
1629372944000,0.3167105426479561
1629372974000,0.3139862669914738
1629373004000,0.3146605629494211
1629373034000,0.3162593761613692
1629373064000,0.3133181650920245
1629373094000,0.31189236805807624
1629373124000,0.31996929981617644
1629373154000,0.3108307341141141
1629373184000,0.3179348418037782
1629373214000,0.3103351419571865
1629373244000,0.3127679618607517
1629373274000,0.3146070569604863
1629373304000,0.3170677251529988
1629373334000,0.3159874902660217
1629373364000,0.31341639014259143
1629373394000,0.31150696761258484
1629373424000,0.3172271904587156
1629373454000,0.3169888789377289
1629373484000,0.3120619732716049
1629373514000,0.3192137061614295
1629373544000,0.3135946980852378
1629373574000,0.3135985433027523
1629373604000,0.31618141674816624
1629373634000,0.31216270878584496
1629373664000,0.3117944576755749
1629373694000,0.3103498728729963
1629373724000,0.310983000668693
1629373754000,0.3136958487037037
1629373784000,0.3177027014769231
1629373814000,0.3161548400856793
1629373844000,0.3149593894160584
1629373874000,0.3111604948717949
1629373904000,0.3118266666059502
1629373934000,0.31249565821624925
1629373964000,0.3128465316686967
1629373994000,0.31334223208818124
1629374024000,0.31417537732843137
1629374054000,0.31054479176904176
1629374084000,0.3131366639634146
1629374114000,0.3139702878048781
1629374144000,0.3131095953617811
1629374174000,0.31393238707271603
1629374204000,0.3174601429625077
1629374234000,0.3182875123786408
1629374264000,0.3177013941034898
1629374294000,0.3191306260709914
1629374324000,0.3158765173594132
1629374354000,0.31833204870049503
1629374384000,0.31265271904761904
1629374414000,0.24994586007416564
1629374444000,0.3122990564071122
1629374474000,0.32134588760024674
1629374504000,0.3202786231566118
1629374534000,0.3240750704987835
1629374564000,0.3124286329230769
1629374594000,0.3167288078540507
1629374624000,0.3197517561298077
1629374654000,0.3101902935735736
1629374684000,0.31513532732805843
1629374714000,0.31318204092592594
1629374744000,0.3186173914018692
1629374774000,0.3177009213490099
1629374804000,0.3149973517647059
1629374834000,0.31866677680981603
1629374864000,0.3111155734830097
1629374894000,0.3203998240948814
1629374924000,0.3179748926086957
1629374954000,0.3122498306985294
1629374984000,0.317695046997549
1629375014000,0.3109635891358025
1629375044000,0.31448858599879304
1629375074000,0.3160426213805742
1629375104000,0.32148698585425595
1629375134000,0.31624347527405605
1629375164000,0.31396053020509634
1629375194000,0.3122564634191177
1629375224000,0.3170845806393245
1629375254000,0.3154660251207729
1629375284000,0.3114404617100372
1629375314000,0.3172354219000617
1629375344000,0.31752816765432107
1629375374000,0.31254868214285714
1629375404000,0.31716740537700866
1629375434000,0.31620471836363634
1629375464000,0.31570571457194896
1629375494000,0.3154492852548544
1629375524000,0.31831433975903617
1629375554000,0.3169516240467405
1629375584000,0.31235646442542786
1629375614000,0.3167278764524104
1629375644000,0.3180317932840419
1629375674000,0.31828823345476626
1629375704000,0.31707493351581506
1629375734000,0.3110324827417381
1629375764000,0.3119579338888889
1629375794000,0.3153617799265606
1629375824000,0.3155737863718958
1629375854000,0.3118626651162791
1629375884000,0.31318582645631066
1629375914000,0.3121319612321095
1629375944000,0.31261792538226296
1629375974000,0.317927070918053
1629376004000,0.312670444652568
1629376034000,0.31303739081508514
1629376064000,0.3155425843256379
1629376094000,0.3127298653846154
1629376124000,0.3176214449017199
1629376154000,0.3212158613259669
1629376184000,0.31951001167076165
1629376214000,0.3175077915956151
1629376244000,0.31177067772979644
1629376274000,0.32090735971049456
1629376304000,0.3144368189122373
1629376334000,0.3128869119631902
1629376364000,0.3104036518723143
1629376394000,0.3113671140586797
1629376424000,0.31756399151113784
1629376454000,0.3193504492949111
1629376484000,0.31913096767738025
1629376514000,0.32282952804136256
1629376544000,0.3137483860736197
1629376574000,0.3115783640073081
1629376604000,0.3211913511328843
1629376634000,0.3183437489296636
1629376664000,0.3121132413455657
1629376694000,0.31763619411764704
1629376724000,0.31722059313904066
1629376754000,0.3222256926328502
1629376784000,0.31158464085956417
1629376814000,0.3123163186544343
1629376844000,0.3129730107185629
1629376874000,0.3153165257884972
1629376904000,0.3143900167797656
1629376934000,0.3166342410334346
1629376964000,0.3112565817058097
1629376994000,0.31325479583077864
1629377024000,0.3157626801597052
1629377054000,0.31782173523347484
1629377084000,0.3162392173488088
1629377114000,0.3117855910692588
1629377144000,0.31312366674937964
1629377174000,0.3149951059332509
1629377204000,0.3186568238410596
1629377234000,0.3148057206045651
1629377264000,0.3124199852034525
1629377294000,0.3126468107493858
1629377324000,0.3184488639732685
1629377354000,0.31206372587244285
1629377384000,0.3165668749077491
1629377414000,0.3123442510561255
1629377444000,0.3165390774509804
1629377474000,0.3154666496909765
1629377504000,0.3192868696363637
1629377534000,0.31416206337423314
1629377564000,0.3181736480757483
1629377594000,0.3162579305775076
1629377624000,0.3188695356969697
1629377654000,0.3215035722222222
1629377684000,0.31763253298397043
1629377714000,0.3130174211456429
1629377744000,0.31389542461443554
1629377774000,0.3140002892041949
1629377804000,0.31451640632289746
1629377834000,0.3121871463785757
1629377864000,0.3199439885295912
1629377894000,0.3154733461584634
1629377924000,0.3187532549815498
1629377954000,0.32186950531080266
1629377984000,0.3172039969147005
1629378014000,0.3144078094409938
1629378044000,0.3089099729153987
1629378074000,0.3146007131725417
1629378104000,0.3126437471119133
1629378134000,0.3167942051671733
1629378164000,0.3160928524012158
1629378194000,0.31391369664634144
1629378224000,0.3126128851533742
1629378254000,0.3205746778245192
1629378284000,0.31963461317254177
1629378314000,0.3139042082208589
1629378344000,0.3118299625152625
1629378374000,0.31755971197788696
1629378404000,0.31766431200995643
1629378434000,0.32047176726044224
1629378464000,0.3118341079249849
1629378494000,0.3127548565403423
1629378524000,0.3183260744043983
1629378554000,0.3138050934234788
1629378584000,0.316485632136336
1629378614000,0.31643093974437003
1629378644000,0.3184058306682578
1629378674000,0.3114275366240097
1629378704000,0.313718351044226
1629378734000,0.3154408482716798
1629378764000,0.3163094322324159
1629378794000,0.31716679238269346
1629378824000,0.3177357924848485
1629378854000,0.31319936288848266
1629378884000,0.3158679165962583
1629378914000,0.3163460958384333
1629378944000,0.3148215733538461
1629378974000,0.31799447796193986
1629379004000,0.32090826891385765
1629379034000,0.31629825357798164
1629379064000,0.312293824754902
1629379094000,0.3145634479368932
1629379124000,0.3148236425766871
1629379154000,0.31672035709156193
1629379184000,0.3223331607579462
1629379214000,0.3184198742562234
1629379244000,0.3127188011571255
1629379274000,0.31189648735491754
1629379304000,0.3180692612804878
1629379334000,0.3146056698529412
1629379364000,0.3114743985645933
1629379394000,0.3119275832926829
1629379424000,0.3145921065553494
1629379454000,0.3152744320927395
1629379484000,0.312753773216445
1629379514000,0.3148393051407589
1629379544000,0.32113172254960914
1629379574000,0.31272190220453155
1629379604000,0.3176645018326206
1629379634000,0.31187359411764703
1629379664000,0.3215724757706535
1629379694000,0.31538298296969697
1629379724000,0.3145713829044118
1629379754000,0.3118047041154791
1629379784000,0.31353836695174103
1629379814000,0.3100862781118461
1629379844000,0.315331369273399
1629379874000,0.322291989738806
1629379904000,0.3162597882210079
1629379934000,0.3159980332112332
1629379964000,0.3169538608459215
1629379994000,0.3126299399029715
1629380024000,0.3171475763093788
1629380054000,0.3161776211786372
1629380084000,0.3125075325623859
1629380114000,0.3163303007448789
1629380144000,0.3173479788854489
1629380174000,0.3169508571869217
1629380204000,0.31346177218137256
1629380234000,0.3179345294776119
1629380264000,0.32127235992624464
1629380294000,0.312243387409201
1629380324000,0.31246485012300124
1629380354000,0.3179660941911305
1629380384000,0.3188030562538133
1629380414000,0.3120102717575757
1629380444000,0.3149009012277471
1629380474000,0.31328338531038724
1629380504000,0.31478590822669106
1629380534000,0.3106658009714633
1629380564000,0.3124998289570552
1629380594000,0.3147825578298397
1629380624000,0.31174377666057285
1629380654000,0.31196128204503953
1629380684000,0.31945854614914426
1629380714000,0.31252145546731824
1629380744000,0.31282154519877675
1629380774000,0.3176237512599877
1629380804000,0.31624228748481165
1629380834000,0.315049111453202
1629380864000,0.31658133134146343
1629380894000,0.3121571224477245
1629380924000,0.3203778478207489
1629380954000,0.3152141424296828
1629380984000,0.3088503898356665
1629381014000,0.3212359727161997
1629381044000,0.3144849996296296
1629381074000,0.3185389892486256
1629381104000,0.3215274400739828
1629381134000,0.3193517506650544
1629381164000,0.3124062233353696
1629381194000,0.31278378570548365
1629381224000,0.31654411535194177
1629381254000,0.3183008616532008
1629381284000,0.3068323447109471
1629381314000,0.3136912187652812
1629381344000,0.31470140706388205
1629381374000,0.31826072243629583
1629381404000,0.31942003933415536
1629381434000,0.32099048822452714
1629381464000,0.31483144030769233
1629381494000,0.31573698137313433
1629381524000,0.3129028295102294
1629381554000,0.3194727026108075
1629381584000,0.3126405749693252
1629381614000,0.3123669266747133
1629381644000,0.31345699465144233
1629381674000,0.3221845876390605
1629381704000,0.3129795781326781
1629381734000,0.31962649583333336
1629381764000,0.31363289621258394
1629381794000,0.31615691632778803
1629381824000,0.3168251068627451
1629381854000,0.3137520405538461
1629381884000,0.31702118538647345
1629381914000,0.31578053676012463
1629381944000,0.3128193267152398
1629381974000,0.3142422575884823
1629382004000,0.3169336061151079
1629382034000,0.3187203723219814
1629382064000,0.3164850615479876
1629382094000,0.3197454431181486
1629382124000,0.31301638057073466
1629382154000,0.3226243962850183
1629382184000,0.3194019618117229
1629382214000,0.3136818209558824
1629382244000,0.3200335084797093
1629382274000,0.3175651191320293
1629382304000,0.31842996853526223
1629382334000,0.31691185711667685
1629382364000,0.32338402337976985
1629382394000,0.3131495220930233
1629382424000,0.3146161818844985
1629382454000,0.31412499348355666
1629382484000,0.3133102287629494
1629382514000,0.3137433760290557
1629382544000,0.3187378001863354
1629382574000,0.31643774093137256
1629382604000,0.3171625782178218
1629382634000,0.3176090634486946
1629382664000,0.3139298119605425
1629382694000,0.25992241124694376
1629382724000,0.3137613734793188
1629382754000,0.3147902977047146
1629382784000,0.3189398800123001
1629382814000,0.3126396687917425
1629382844000,0.3178056047123623
1629382874000,0.3210324865301055
1629382904000,0.3190107716381418
1629382934000,0.3119560692966361
1629382964000,0.3107451163491088
1629382994000,0.31354892595561035
1629383024000,0.3109494680196802
1629383054000,0.3138898686503068
1629383084000,0.3137880854984894
1629383114000,0.3180148682762836
1629383144000,0.3129552209617756
1629383174000,0.31107991829194426
1629383204000,0.318477185670545
1629383234000,0.3131036212341198
1629383264000,0.3166497488916256
1629383294000,0.3157066108462455
1629383324000,0.31258453595092023
1629383354000,0.3193610355447352
1629383384000,0.3120472772810778
1629383414000,0.3133679846200241
1629383444000,0.3153342281440781
1629383474000,0.3124874191528545
1629383504000,0.3151292085501859
1629383534000,0.3130797514821537
1629383564000,0.3117593745992602
1629383594000,0.3148470803992741
1629383624000,0.31253244853205514
1629383654000,0.3144687218538981
1629383684000,0.3109886666460012
1629383714000,0.3131647885185185
1629383744000,0.3114822259369423
1629383774000,0.3177175498170732
1629383804000,0.3150946852870813
1629383834000,0.3169248524620061
1629383864000,0.3176955731897068
1629383894000,0.3109821296048632
1629383924000,0.3121230850518609
1629383954000,0.3173889516656572
1629383984000,0.3164922333534379
1629384014000,0.3173569465506525
1629384044000,0.3175965050982801
1629384074000,0.3152832102372035
1629384104000,0.31684428034717915
1629384134000,0.3129310057656541
1629384164000,0.3139648686972256
1629384194000,0.3125540277442702
1629384224000,0.3117785989820359
1629384254000,0.312479030072904
1629384284000,0.3133650112632234
1629384314000,0.3109947238760632
1629384344000,0.3180414097111248
1629384374000,0.3138625275819419
1629384404000,0.31748400785627284
1629384434000,0.3138088607540173
1629384464000,0.313248349170252
1629384494000,0.3169091170406307
1629384524000,0.31170954385749383
1629384554000,0.3165568986444855
1629384584000,0.3112332951894167
1629384614000,0.31166257922235724
1629384644000,0.31574615968617986
1629384674000,0.3110566553603876
1629384704000,0.316534566687079
1629384734000,0.3159455575460123
1629384764000,0.3186874351070336
1629384794000,0.31840362591687044
1629384824000,0.31705404154972544
1629384854000,0.313177650818678
1629384884000,0.3176424474660074
1629384914000,0.31613309599271405
1629384944000,0.3133950723198062
1629384974000,0.31767572741738065
1629385004000,0.3174611120918984
1629385034000,0.31221765836963283
1629385064000,0.3172850537947784
1629385094000,0.31358464377682405
1629385124000,0.3175646397358944
1629385154000,0.3108220757099698
1629385184000,0.3175375095823096
1629385214000,0.31244756253758266
1629385244000,0.31341843331288344
1629385274000,0.3128701149053146
1629385304000,0.3192288819358816
1629385334000,0.3178969978395061
1629385364000,0.31619862799013565
1629385394000,0.31709130460405155
1629385424000,0.31337281980319803
1629385454000,0.3165864063764562
1629385484000,0.31322198883405306
1629385514000,0.3120634675308642
1629385544000,0.3138968817848411
1629385574000,0.3184066907578558
1629385604000,0.312639388404908
1629385634000,0.3171004301557632
1629385664000,0.3119413457711443
1629385694000,0.3138466847786537
1629385724000,0.3157743803058104
1629385754000,0.31758621703296697
1629385784000,0.31761068591293834
1629385814000,0.3121425257594168
1629385844000,0.3163248047706422
1629385874000,0.31470088674846625
1629385904000,0.31530161975757576
1629385934000,0.3147567894481504
1629385964000,0.3103806393939394
1629385994000,0.31368037262773724
1629386024000,0.31248551863691193
1629386054000,0.3121911727667494
1629386084000,0.3144882926399027
1629386114000,0.3121724549115314
1629386144000,0.31098632677018634
1629386174000,0.31434951402743144
1629386204000,0.3180604329348476
1629386234000,0.3122150611786148
1629386264000,0.320707707459926
1629386294000,0.32022973374308544
1629386324000,0.31090853769987703
1629386354000,0.31059992380085005
1629386384000,0.3184536818511797
1629386414000,0.3119197516287646
1629386444000,0.3141975862576687
1629386474000,0.3111623421532847
1629386504000,0.3140331805105853
1629386534000,0.3180596107606679
1629386564000,0.3186349580449302
1629386594000,0.3187357011585366
1629386624000,0.3205033153235653
1629386654000,0.31906562672839506
1629386684000,0.3112841326060606
1629386714000,0.31299387496917386
1629386744000,0.31176067190942475
1629386774000,0.3127555448552064
1629386804000,0.31267101164342026
1629386834000,0.3136198608907871
1629386864000,0.3188624154354354
1629386894000,0.3187782919588876
1629386924000,0.315035334315531
1629386954000,0.31349074609756106
1629386984000,0.3162792881011097
1629387014000,0.3260217788249694
1629387044000,0.32031180876445525
1629387074000,0.3215509428746177
1629387104000,0.31842767234567904
1629387134000,0.3130013509538462
1629387164000,0.31685053242589234
1629387194000,0.3168020928832117
1629387224000,0.31413032845873784
1629387254000,0.3199252455214724
1629387284000,0.3170869381330079
1629387314000,0.31202385125535825
1629387344000,0.3162908100609756
1629387374000,0.3172717703415219
1629387404000,0.31421701321450524
1629387434000,0.3164312816502463
1629387464000,0.3128125414259373
1629387494000,0.3125708598074609
1629387524000,0.31535063711340205
1629387554000,0.3167259108338405
1629387584000,0.3137448732885085
1629387614000,0.31241984479855683
1629387644000,0.3158956263354037
1629387674000,0.3176913529236277
1629387704000,0.3115174294516328
1629387734000,0.32043544669496665
1629387764000,0.3126776252319109
1629387794000,0.3129276078883495
1629387824000,0.31156046166153845
1629387854000,0.3150948715166461
1629387884000,0.31167381850728154
1629387914000,0.3221001862111043
1629387944000,0.3124224321818182
1629387974000,0.31279411577639754
1629388004000,0.31593348998178505
1629388034000,0.31260328501243784
1629388064000,0.3149527242665037
1629388094000,0.3164798555555556
1629388124000,0.3155427729397294
1629388154000,0.3184426913730255
1629388184000,0.31755739158536583
1629388214000,0.3148705390006094
1629388244000,0.3106197358409786
1629388274000,0.3204232563737624
1629388304000,0.3154367015206813
1629388334000,0.3100524416868932
1629388364000,0.3129561109689214
1629388394000,0.3108764174074074
1629388424000,0.32070071830384383
1629388454000,0.3153731419158023
1629388484000,0.3168441424297924
1629388514000,0.31963665145454545
1629388544000,0.312649443398533
1629388574000,0.3160695945279615
1629388604000,0.3112809810018326
1629388634000,0.3218564232415902
1629388664000,0.31971845600490195
1629388694000,0.3156315949428055
1629388724000,0.3165505388585307
1629388754000,0.3140504296116505
1629388784000,0.31793570509202457
1629388814000,0.3129844305470191
1629388844000,0.3147313468806784
1629388874000,0.3184430454600853
1629388904000,0.3140523446965052
1629388934000,0.31655835487880674
1629388964000,0.3182093380835381
1629388994000,0.31340467103321035
1629389024000,0.3121056347264905
1629389054000,0.3130688048192771
1629389084000,0.3126631977300613
1629389114000,0.31684552088253576
1629389144000,0.3147044362354384
1629389174000,0.3177281344403444
1629389204000,0.31631164012232416
1629389234000,0.31243166991315136
1629389264000,0.31347796574245224
1629389294000,0.31164607110036274
1629389324000,0.3131938061349693
1629389354000,0.3111722693333333
1629389384000,0.31165020511124475
1629389414000,0.31286945718654435
1629389444000,0.31360096795107034
1629389474000,0.31013749586122946
1629389504000,0.3174939118412895
1629389534000,0.3115941432399513
1629389564000,0.31620037906976745
1629389594000,0.3180494264812576
1629389624000,0.3149419144
1629389654000,0.3143231784520124
1629389684000,0.3147907562877872
1629389714000,0.3128270540822591
1629389744000,0.3112310006203474
1629389774000,0.31655974221136224
1629389804000,0.3134935443627451
1629389834000,0.3159765823600973
1629389864000,0.3119818175015461
1629389894000,0.3140013019147622
1629389924000,0.3122685167171411
1629389954000,0.3127074634116938
1629389984000,0.3142983459177409
1629390014000,0.3175926975947084
1629390044000,0.3116155268262738
1629390074000,0.3123030059143029
1629390104000,0.3185597288943189
1629390134000,0.3154401292073171
1629390164000,0.3170860420199501
1629390194000,0.3148800226993865
1629390224000,0.31858730159313725
1629390254000,0.3121146013447433
1629390284000,0.3106061518181818
1629390314000,0.3139267762836186
1629390344000,0.31178288187422937
1629390374000,0.3124563413542926
1629390404000,0.3179682823095823
1629390434000,0.3089882526284349
1629390464000,0.3144121570904645
1629390494000,0.31369008184034125
1629390524000,0.3132825738783036
1629390554000,0.31254148560747663
1629390584000,0.31293435573870576
1629390614000,0.3144223051851852
1629390644000,0.3182468158730159
1629390674000,0.3144575817518248
1629390704000,0.31955863019100433
1629390734000,0.3192486216963737
1629390764000,0.3182071060136392
1629390794000,0.311483190307044
1629390824000,0.3176898960493827
1629390854000,0.32316211648284315
1629390884000,0.3180459363135334
1629390914000,0.3117453393292683
1629390944000,0.3156037986690865
1629390974000,0.3119459482317073
1629391004000,0.31854675789473685
1629391034000,0.3162469998755445
1629391064000,0.3184546266666667
1629391094000,0.31804625359116023
1629391124000,0.31694690821752264
1629391154000,0.3140431241738066
1629391184000,0.3236267602117061
1629391214000,0.3145101832720588
1629391244000,0.3149782797590361
1629391274000,0.316312291954023
1629391304000,0.31725955875153
1629391334000,0.31771591005451244
1629391364000,0.3131061761294261
1629391394000,0.3189563212287105
1629391424000,0.3123800678769231
1629391454000,0.3194184306894448
1629391484000,0.318886265398773
1629391514000,0.3183032440316687
1629391544000,0.31952277285539216
1629391574000,0.3149205562268804
1629391604000,0.3185400483831605
1629391634000,0.31903529034819794
1629391664000,0.30744906856287424
1629391694000,0.3169833562119367
1629391724000,0.3105154034855769
1629391754000,0.3174724744485294
1629391784000,0.3139976539963392
1629391814000,0.3168124604764814
1629391844000,0.3131464219556089
1629391874000,0.3183212091855481
1629391904000,0.3127223944513716
1629391934000,0.3121108550945699
1629391964000,0.3120716339252909
1629391994000,0.312011470436386
1629392024000,0.31430036177012904
1629392054000,0.3226552512477176
1629392084000,0.3166489791384615
1629392114000,0.3162205194306931
1629392144000,0.3122344768133912
1629392174000,0.31386897721749696
1629392204000,0.3147042596685083
1629392234000,0.31638336546807194
1629392264000,0.31397308836633664
1629392294000,0.3151676866625692
1629392324000,0.3120526893447642
1629392354000,0.3105483447174447
1629392384000,0.31611341243961355
1629392414000,0.31695586613003096
1629392444000,0.3166996242990654
1629392474000,0.3156506733786288
1629392504000,0.31691976123321125
1629392534000,0.31502858978593273
1629392564000,0.3220026054777845
1629392594000,0.3169352879657911
1629392624000,0.3204667174984596
1629392654000,0.3118959283343577
1629392684000,0.31358169042424244
1629392714000,0.3131233567319461
1629392744000,0.3151880103111653
1629392774000,0.3140731020072993
1629392804000,0.31590756020719074
1629392834000,0.31305390793166565
1629392864000,0.3145460452469136
1629392894000,0.3122183726443769
1629392924000,0.3157744980887793
1629392954000,0.3125403195812808
1629392984000,0.31681227005477786
1629393014000,0.3129962196210269
1629393044000,0.3156236573719926
1629393074000,0.3156042164197531
1629393104000,0.3200632779878049
1629393134000,0.31122248356836296
1629393164000,0.31162056113861386
1629393194000,0.3187660975181598
1629393224000,0.31068134275138803
1629393254000,0.31431147896360273
1629393284000,0.3141430291742013
1629393314000,0.3144325322483424
1629393344000,0.31576399981561154
1629393374000,0.3114824657142857
1629393404000,0.3124997571777642
1629393434000,0.3117786670776819
1629393464000,0.31032628447319777
1629393494000,0.31495260599520386
1629393524000,0.3119295994617225
1629393554000,0.3140806915285451
1629393584000,0.311371297321972
1629393614000,0.31424423079287034
1629393644000,0.31533225399284864
1629393674000,0.31152889326744904
1629393704000,0.31323867095790114
1629393734000,0.31209592653061224
1629393764000,0.31263921510006065
1629393794000,0.3134743744720497
1629393824000,0.3161634818853974
1629393854000,0.3164148100789314
1629393884000,0.31591644059222695
1629393914000,0.3159060697575757
1629393944000,0.3181783602084611
1629393974000,0.3154796295912142
1629394004000,0.31048525005973715
1629394034000,0.3161994902453988
1629394064000,0.3133519976815131
1629394094000,0.3157045812113721
1629394124000,0.31653965309626003
1629394154000,0.3206231110709988
1629394184000,0.3143008855392157
1629394214000,0.31642198328173377
1629394244000,0.3166281132041187
1629394274000,0.3171545287515006
1629394304000,0.31682967509112997
1629394334000,0.3151089440072639
1629394364000,0.31863777965998785
1629394394000,0.3131141250303767
1629394424000,0.3187300182320442
1629394454000,0.3144336610325753
1629394484000,0.3162776593730793
1629394514000,0.3234028908703591
1629394544000,0.31297258158054714
1629394574000,0.3159043236777368
1629394604000,0.3168698101851852
1629394634000,0.31600806747425797
1629394664000,0.3198241441958888
1629394694000,0.3123771109394314
1629394724000,0.32212379421084697
1629394754000,0.31690528221680875
1629394784000,0.31476066214587106
1629394814000,0.3199033962515115
1629394844000,0.3173607006658596
1629394874000,0.3125800754108338
1629394904000,0.3168012408
1629394934000,0.3127064088306943
1629394964000,0.3123291796092796
1629394994000,0.3123212860280659
1629395024000,0.31342419572225666
1629395054000,0.3138183880195599
1629395084000,0.3128446370212766
1629395114000,0.3160595245249406
1629395144000,0.31640405356924955
1629395174000,0.3118414643925793
1629395204000,0.3177538943478261
1629395234000,0.31668178349514564
1629395264000,0.3129085580449302
1629395294000,0.3162488299150485
1629395324000,0.3128635555417957
1629395354000,0.31996903668711657
1629395384000,0.3178825662962963
1629395414000,0.3129638385802469
1629395444000,0.3173536996993385
1629395474000,0.31674788574879226
1629395504000,0.31107369180825245
1629395534000,0.3125768194324491
1629395564000,0.31123994739423666
1629395594000,0.3123336500610501
1629395624000,0.3115409063354037
1629395654000,0.3152847481642813
1629395684000,0.3170558628361858
1629395714000,0.3121135870073892
1629395744000,0.31647094701219514
1629395774000,0.3161498976117575
1629395804000,0.30822080543933056
1629395834000,0.31085709802469136
1629395864000,0.3118578428834356
1629395894000,0.31491536871921183
1629395924000,0.31272561638246044
1629395954000,0.31446251527093594
1629395984000,0.3122195948170732
1629396014000,0.312744339204893
1629396044000,0.31155586827040194
1629396074000,0.3115374294259819
1629396104000,0.3104260971703793
1629396134000,0.31750061172914146
1629396164000,0.31253875209471765
1629396194000,0.3165228576034063
1629396224000,0.31770694927272725
1629396254000,0.3171634312461633
1629396284000,0.3154174604665439
1629396314000,0.3227739398418492
1629396344000,0.3182134741336633
1629396374000,0.31301857572218805
1629396404000,0.314603485021225
1629396434000,0.3144339628694581
1629396464000,0.3137439557168784
1629396494000,0.31567188233128834
1629396524000,0.3130258154176904
1629396554000,0.3121434616564417
1629396584000,0.31966288269704435
1629396614000,0.3136450108141703
1629396644000,0.3119218904268293
1629396674000,0.3161510656384948
1629396704000,0.3183155807006761
1629396734000,0.3117399483949121
1629396764000,0.31547610115924346
1629396794000,0.3171779577275504
1629396824000,0.3169203203895313
1629396854000,0.3148966340348767
1629396884000,0.3134327448024316
1629396914000,0.317664455157767
1629396944000,0.3170391380806846
1629396974000,0.31262912559126743
1629397004000,0.3175260005464481
1629397034000,0.31154806705237514
1629397064000,0.31465240496969704
1629397094000,0.3175599279707496
1629397124000,0.31389292766871163
1629397154000,0.31121037786633965
1629397184000,0.3202580507326007
1629397214000,0.31665493387978144
1629397244000,0.31798727209302324
1629397274000,0.31357061132425745
1629397304000,0.3205790055040198
1629397334000,0.3212208313296904
1629397364000,0.3169319317848411
1629397394000,0.31985472937233395
1629397424000,0.3171781901529052
1629397454000,0.3138869477411477
1629397484000,0.3195738741697417
1629397514000,0.3192081082574378
1629397544000,0.3177006889778325
1629397574000,0.31391676153846154
1629397604000,0.31662153343672456
1629397634000,0.3219466853227771
1629397664000,0.3113009933414783
1629397694000,0.25102037708082026
1629397724000,0.31278900995115994
1629397754000,0.3138202813455658
1629397784000,0.3114479435374149
1629397814000,0.31186036953316953
1629397844000,0.31507094609756103
1629397874000,0.3155711230347349
1629397904000,0.32126766474908197
1629397934000,0.3181106851425106
1629397964000,0.31928638768292683
1629397994000,0.3136517705373688
1629398024000,0.31872896380368104
1629398054000,0.3118006603095975
1629398084000,0.31540568345543346
1629398114000,0.31365966896127845
1629398144000,0.3120605723048327
1629398174000,0.3164555676506765
1629398204000,0.3160767015281173
1629398234000,0.3138090138546798
1629398264000,0.3145113715158924
1629398294000,0.3180556284325638
1629398324000,0.31222033991389914
1629398354000,0.3159802739449541
1629398384000,0.3169861293145655
1629398414000,0.3127084842925659
1629398444000,0.3162697880320789
1629398474000,0.31453604595080986
1629398504000,0.3161384483118478
1629398534000,0.3165231827355623
1629398564000,0.31381068546120955
1629398594000,0.3169172446310738
1629398624000,0.3153169354383813
1629398654000,0.31199963374613005
1629398684000,0.3155810835591133
1629398714000,0.31820851976885645
1629398744000,0.31913310121728544
1629398774000,0.3117344741798299
1629398804000,0.3179820531080266
1629398834000,0.31620671308298
1629398864000,0.3186583463732176
1629398894000,0.3172148226482924
1629398924000,0.3153381256157635
1629398954000,0.31600543655256724
1629398984000,0.31089728026634383
1629399014000,0.3171450289765721
1629399044000,0.3198640699206833
1629399074000,0.3159716462804878
1629399104000,0.3136917159509203
1629399134000,0.319063671107056
1629399164000,0.3145911472527472
1629399194000,0.31227066294261296
1629399224000,0.3131014357142857
1629399254000,0.31856254706971004
1629399284000,0.31715336438188496
1629399314000,0.3135942259556104
1629399344000,0.31878291283950616
1629399374000,0.314264676876144
1629399404000,0.31112928129149064
1629399434000,0.3111742877489439
1629399464000,0.3128579320441989
1629399494000,0.3126034858990148
1629399524000,0.31647234914425426
1629399554000,0.31599590347349177
1629399584000,0.3169626520414381
1629399614000,0.31379274166666665
1629399644000,0.3175540706455542
1629399674000,0.3180373187195122
1629399704000,0.3218533767911819
1629399734000,0.3134527271322621
1629399764000,0.3201828974169741
1629399794000,0.31824631448019797
1629399824000,0.3205223320638821
1629399854000,0.3169725470552147
1629399884000,0.31229602157344805
1629399914000,0.3166226992092457
1629399944000,0.31088822728926624
1629399974000,0.3124848481413772
1629400004000,0.312489579789864
1629400034000,0.3107448130731103
1629400064000,0.31340192798552474
1629400094000,0.3126162532882606
1629400124000,0.31220324846662656
1629400154000,0.3183771359557468
1629400184000,0.3117332401459854
1629400214000,0.32210149597069604
1629400244000,0.31993555935207824
1629400274000,0.32787860643985417
1629400304000,0.3765542925766871
1629400334000,0.3751740195599022
1629400364000,0.3744736501206273
1629400394000,0.37534745420503374
1629400424000,0.3406503660074165
1629400454000,0.31641460098400986
1629400484000,0.31315032588674546
1629400514000,0.31443684938499383
1629400544000,0.31219146184291896
1629400574000,0.31189257075879084
1629400604000,0.3176081462659381
1629400634000,0.3187062007936508
1629400664000,0.32155521009345794
1629400694000,0.314628033903482
1629400724000,0.31507111715506714
1629400754000,0.3159071589932474
1629400784000,0.3127756099269184
1629400814000,0.31383456816252275
1629400844000,0.31499936830024816
1629400874000,0.3197338285801713
1629400904000,0.3154042426633785
1629400934000,0.3107687690270936
1629400964000,0.3177996864551556
1629400994000,0.3127833626086957
1629401024000,0.3150671983556638
1629401054000,0.3119144725135624
1629401084000,0.31955498354661793
1629401114000,0.3207986072171254
1629401144000,0.31387877047268264
1629401174000,0.3209832735367372
1629401204000,0.3136578440615385
1629401234000,0.3191824482035928
1629401264000,0.3125757883917775
1629401294000,0.3172985702048417
1629401324000,0.3116337976420798
1629401354000,0.3180740902769231
1629401384000,0.31922399072847685
1629401414000,0.3097846287092883
1629401444000,0.3178470908150852
1629401474000,0.31497992646153844
1629401504000,0.31206372882069794
1629401534000,0.31534712919216645
1629401564000,0.3164195925812385
1629401594000,0.3163146115808824
1629401624000,0.31239923526153845
1629401654000,0.3165374747997535
1629401684000,0.3149713767975831
1629401714000,0.31249383538083536
1629401744000,0.3221703313397129
1629401774000,0.3143959349068323
1629401804000,0.31597573697885195
1629401834000,0.3184403773514852
1629401864000,0.3172769492949111
1629401894000,0.3163714022346369
1629401924000,0.3168124181212121
1629401954000,0.31983252670316303
1629401984000,0.3129194474492932
1629402014000,0.3165196170199879
1629402044000,0.3135680280540209
1629402074000,0.31531808145896656
1629402104000,0.3113236459525259
1629402134000,0.31538797755715997
1629402164000,0.31290865224514564
1629402194000,0.31856356264543784
1629402224000,0.3172587822761194
1629402254000,0.3123531684405941
1629402284000,0.31635057102689484
1629402314000,0.315604971155034
1629402344000,0.3207373360218314
1629402374000,0.3209970531365314
1629402404000,0.3161054975896168
1629402434000,0.31284924540572795
1629402464000,0.31494563698714023
1629402494000,0.3137974328467153
1629402524000,0.3169969143382353
1629402554000,0.32027468449754903
1629402584000,0.31146435118253485
1629402614000,0.31277394313000617
1629402644000,0.3140131180811808
1629402674000,0.31406581982811543
1629402704000,0.32049197742134483
1629402734000,0.3106881805487805
1629402764000,0.31448036393939394
1629402794000,0.3133900862853629
1629402824000,0.3133570763880415
1629402854000,0.3122910256599141
1629402884000,0.3142864379878049
1629402914000,0.31741692949421085
1629402944000,0.31198672102028274
1629402974000,0.3109083427963526
1629403004000,0.31366989785012284
1629403034000,0.3180280663069545
1629403064000,0.3125184233374384
1629403094000,0.31223292305825245
1629403124000,0.3182114087965791
1629403154000,0.31214776185438703
1629403184000,0.31711983437308866
1629403214000,0.31559031560587514
1629403244000,0.31278782714285713
1629403274000,0.3142462570648878
1629403304000,0.31502716713500306
1629403334000,0.3110399330091185
1629403364000,0.3151193475
1629403394000,0.3125999919604205
1629403424000,0.3140004614241486
1629403454000,0.31590707262123996
1629403484000,0.3157237971761817
1629403514000,0.3233991687882497
1629403544000,0.31883289945222154
1629403574000,0.3173668717538461
1629403604000,0.31604774566978194
1629403634000,0.31416794455384617
1629403664000,0.3201071082512315
1629403694000,0.3121478147601476
1629403724000,0.3158937556436852
1629403754000,0.31888583644688645
1629403784000,0.31805164494103044
1629403814000,0.3153843258557457
1629403844000,0.3183192371747212
1629403874000,0.31224180939431395
1629403904000,0.3130421788766789
1629403934000,0.3133492433950617
1629403964000,0.3128031652795031
1629403994000,0.3141275007321537
1629404024000,0.31130947715332924
1629404054000,0.3120215332112332
1629404084000,0.3128290516881522
1629404114000,0.31142689332129964
1629404144000,0.3119123852887538
1629404174000,0.3142906763779528
1629404204000,0.31355747905982906
1629404234000,0.3124679413877054
1629404264000,0.31640422142857144
1629404294000,0.31765820067650674
1629404324000,0.3201953956627978
1629404354000,0.3181259892641737
1629404384000,0.3133446371604938
1629404414000,0.3137048960268949
1629404444000,0.3112916878239904
1629404474000,0.3132222926461724
1629404504000,0.3128339599140577
1629404534000,0.31470860714285714
1629404564000,0.3146925576637825
1629404594000,0.31347046164720344
1629404624000,0.31391532303030295
1629404654000,0.3168177110698825
1629404684000,0.3167996329223181
1629404714000,0.31268032042042043
1629404744000,0.3118103280436099
1629404774000,0.3184736151458721
1629404804000,0.316597977919708
1629404834000,0.3126302581022797
1629404864000,0.30935119281326784
1629404894000,0.31029418003696857
1629404924000,0.3115860644945189
1629404954000,0.3165243977452773
1629404984000,0.3120747917942437
1629405014000,0.31376979993891263
1629405044000,0.3136123121175031
1629405074000,0.3209916297924298
1629405104000,0.31600372019583844
1629405134000,0.3185629850214856
1629405164000,0.319443209503632
1629405194000,0.3129747726226529
1629405224000,0.31864571165344724
1629405254000,0.3155205024539877
1629405284000,0.314077078373494
1629405314000,0.3155296986292835
1629405344000,0.3250228922982132
1629405374000,0.31685437809293904
1629405404000,0.3127544692353644
1629405434000,0.31510208390804606
1629405464000,0.3191422128267477
1629405494000,0.3181929597188264
1629405524000,0.3151919458435208
1629405554000,0.3168529529837251
1629405584000,0.3187692209414605
1629405614000,0.31928771522811344
1629405644000,0.3131820313460357
1629405674000,0.31108783530476763
1629405704000,0.31537651989051096
1629405734000,0.3133051651120533
1629405764000,0.31187986943765283
1629405794000,0.31482677669902914
1629405824000,0.3115410412815773
1629405854000,0.316059046377709
1629405884000,0.3164242853510896
1629405914000,0.313722092425168
1629405944000,0.31188604435533623
1629405974000,0.3113455287439614
1629406004000,0.3161340925107428
1629406034000,0.3149746089579525
1629406064000,0.32332678786558805
1629406094000,0.31073152704517704
1629406124000,0.3156644893186004
1629406154000,0.3137821741219963
1629406184000,0.31280543166869673
1629406214000,0.3168641663619744
1629406244000,0.3114797939357186
1629406274000,0.3124248613022113
1629406304000,0.3109301259304454
1629406334000,0.3125981519018405
1629406364000,0.3116528149909693
1629406394000,0.3124392748320098
1629406424000,0.3157052244122965
1629406454000,0.314014143361754
1629406484000,0.31667526609058405
1629406514000,0.3119699466013472
1629406544000,0.3117543839611179
1629406574000,0.3138972349412492
1629406604000,0.31720969293113954
1629406634000,0.31812717118959105
1629406664000,0.3134087595652174
1629406694000,0.321883556067206
1629406724000,0.3166956887306502
1629406754000,0.32007438162890384
1629406784000,0.31979540964373465
1629406814000,0.31313691470054444
1629406844000,0.3116115625
1629406874000,0.3154031047823421
1629406904000,0.3155229391037446
1629406934000,0.3160353136
1629406964000,0.31790615294825514
1629406994000,0.3115265898108603
1629407024000,0.3157694866995074
1629407054000,0.3111304929782082
1629407084000,0.3119375866910867
1629407114000,0.3204173067242443
1629407144000,0.31330362682775714
1629407174000,0.3142796916201117
1629407204000,0.316308539165132
1629407234000,0.3182031166768479
1629407264000,0.3131316685414092
1629407294000,0.3105477122071517
1629407324000,0.3176891960904093
1629407354000,0.3191373474555487
1629407384000,0.31628459938195297
1629407414000,0.3124587475870495
1629407444000,0.3138176025862069
1629407474000,0.3126159256315465
1629407504000,0.3125653900246305
1629407534000,0.311725655686762
1629407564000,0.31212463703703697
1629407594000,0.3124573879828326
1629407624000,0.31248262824242423
1629407654000,0.3119066131881428
1629407684000,0.31307620262355096
1629407714000,0.31242317185775603
1629407744000,0.3134729068880689
1629407774000,0.31167714987937273
1629407804000,0.312313775245098
1629407834000,0.3167824537575757
1629407864000,0.3071532586722488
1629407894000,0.3196899363471971
1629407924000,0.3153355145220588
1629407954000,0.3153120080346106
1629407984000,0.3112262198038013
1629408014000,0.3118907422263681
1629408044000,0.3143897028811525
1629408074000,0.3137224926594465
1629408104000,0.3165107372452131
1629408134000,0.3182676160073037
1629408164000,0.3137671080346106
1629408194000,0.3167251026845638
1629408224000,0.3129024015078408
1629408254000,0.3184951781383956
1629408284000,0.3174360105716042
1629408314000,0.3111038940923077
1629408344000,0.3200623501547988
1629408374000,0.3118540519432449
1629408404000,0.3134322310596833
1629408434000,0.3207365507480551
1629408464000,0.31188253623714457
1629408494000,0.3138502840346535
1629408524000,0.3170629543945913
1629408554000,0.31587608541793777
1629408584000,0.31735188018348626
1629408614000,0.3187547881182147
1629408644000,0.31186224064237184
1629408674000,0.3155255083435583
1629408704000,0.3149514361805979
1629408734000,0.3123210278013325
1629408764000,0.3156716741284404
1629408794000,0.3118334008620689
1629408824000,0.31658573828996284
1629408854000,0.31670483451272496
1629408884000,0.3194787020782396
1629408914000,0.31603144058859595
1629408944000,0.3175570847665848
1629408974000,0.31251858577533576
1629409004000,0.3169767920858896
1629409034000,0.3219107268703242
1629409064000,0.3181476232919255
1629409094000,0.3145636982811541
1629409124000,0.3120191620732464
1629409154000,0.3185322727662179
1629409184000,0.3163789802583026
1629409214000,0.3157605425153374
1629409244000,0.3144805260248447
1629409274000,0.31153314057352044
1629409304000,0.31138280390243894
1629409334000,0.3144229189781022
1629409364000,0.3120800092467851
1629409394000,0.3157884568807339
1629409424000,0.31805917451690824
1629409454000,0.3195727267759563
1629409484000,0.3163614642059553
1629409514000,0.3105198105578884
1629409544000,0.3144028556368068
1629409574000,0.316090777340824
1629409604000,0.3152771980416157
1629409634000,0.31259908071034903
1629409664000,0.3126712517597087
1629409694000,0.312237211283323
1629409724000,0.31449515181818183
1629409754000,0.3121410692496925
1629409784000,0.3143890946125908
1629409814000,0.3156628738622386
1629409844000,0.3131737768902439
1629409874000,0.3172659953405018
1629409904000,0.3122125822070676
1629409934000,0.3128180937575757
1629409964000,0.3141084136224801
1629409994000,0.31221412045594577
1629410024000,0.31536397300309604
1629410054000,0.3137669166256158
1629410084000,0.3164948233415233
1629410114000,0.3168157379081016
1629410144000,0.31963879222766217
1629410174000,0.3223468320489297
1629410204000,0.31367013365973073
1629410234000,0.3127333263125386
1629410264000,0.31173254293645897
1629410294000,0.3167933134101942
1629410324000,0.3180357723903644
1629410354000,0.3178520396271798
1629410384000,0.3141627371670702
1629410414000,0.3180371231677019
1629410444000,0.3199490091076923
1629410474000,0.31824545439356433
1629410504000,0.3186146044198895
1629410534000,0.31995437349397593
1629410564000,0.3162529988963826
1629410594000,0.3219917423718345
1629410624000,0.3183947832925337
1629410654000,0.31182917657992565
1629410684000,0.3134660465686275
1629410714000,0.316823924597975
1629410744000,0.3143121242424242
1629410774000,0.31448645201465203
1629410804000,0.3125278657299939
1629410834000,0.3195070704019489
1629410864000,0.32152413586419754
1629410894000,0.3135224149481391
1629410924000,0.31270235990338163
1629410954000,0.3200878749541845
1629410984000,0.3114505259168704
1629411014000,0.3118096479192167
1629411044000,0.3117148691743119
1629411074000,0.3162178157992565
1629411104000,0.3120013838456901
1629411134000,0.3102405879663057
1629411164000,0.31202856576521204
1629411194000,0.3182164472964574
1629411224000,0.3079358531668697
1629411254000,0.3114327855214724
1629411284000,0.3146852939617991
1629411314000,0.3180223970933828
1629411344000,0.3185797693915181
1629411374000,0.31370975259579725
1629411404000,0.31356134660074164
1629411434000,0.3160363951829268
1629411464000,0.3123679332725061
1629411494000,0.3090149767131595
1629411524000,0.31398834633394945
1629411554000,0.3172973119339045
1629411584000,0.3185035070851461
1629411614000,0.31129071909765144
1629411644000,0.31845511956912026
1629411674000,0.31826405070943864
1629411704000,0.3118341828641371
1629411734000,0.31888146231707315
1629411764000,0.31210238726614364
1629411794000,0.3133513730983302
1629411824000,0.3173336843446602
1629411854000,0.3172549700609756
1629411884000,0.3129820888213852
1629411914000,0.3122145678308824
1629411944000,0.3116356844660194
1629411974000,0.31133480590383444
1629412004000,0.3117609541409147
1629412034000,0.3135326990814452
1629412064000,0.3114165449660284
1629412094000,0.3162550312953995
1629412124000,0.31496238502705953
1629412154000,0.31596682032967033
1629412184000,0.3144126651580905
1629412214000,0.3152122695731707
1629412244000,0.3206332610097324
1629412274000,0.3115680544099379
1629412304000,0.319543964684466
1629412334000,0.3183722407270487
1629412364000,0.31132505225060825
1629412394000,0.31523751829787233
1629412424000,0.3154623643794749
1629412454000,0.31746135369578493
1629412484000,0.3153384563260341
1629412514000,0.3175150377289377
1629412544000,0.3170477793650794
1629412574000,0.3158553684723068
1629412604000,0.3184426017761989
1629412634000,0.3114896369888476
1629412664000,0.3116263351515152
1629412694000,0.3143661635185185
1629412724000,0.3155801251518833
1629412754000,0.3162436313569682
1629412784000,0.3108611936526946
1629412814000,0.3097648808394161
1629412844000,0.3189678207002457
1629412874000,0.31720603720930235
1629412904000,0.317087525710754
1629412934000,0.31500821296636083
1629412964000,0.3119887374614911
1629412994000,0.3135017205882353
1629413024000,0.3180497832518337
1629413054000,0.32007179909035777
1629413084000,0.3158557143028846
1629413114000,0.32062853629764065
1629413144000,0.31139760517346315
1629413174000,0.3133139548736462
1629413204000,0.31034433080684604
1629413234000,0.3114443022437841
1629413264000,0.3123423346201744
1629413294000,0.3171476453423813
1629413324000,0.31117810276923075
1629413354000,0.3126179741326841
1629413384000,0.3125625448212084
1629413414000,0.31122696694411417
1629413444000,0.31308220413325105
1629413474000,0.31246642880098885
1629413504000,0.3128281010410288
1629413534000,0.3101773939430648
1629413564000,0.3122623003063725
1629413594000,0.3133258246287129
1629413624000,0.3124888457055215
1629413654000,0.31144910331288345
1629413684000,0.31200426870789955
1629413714000,0.31310217420731706
1629413744000,0.3136153157213317
1629413774000,0.3189723548088779
1629413804000,0.31535379151921905
1629413834000,0.3107948574062692
1629413864000,0.3140936262295082
1629413894000,0.3114432964749536
1629413924000,0.3122239919064748
1629413954000,0.3162343552615385
1629413984000,0.3109574784653465
1629414014000,0.31177473873709777
1629414044000,0.3137793247058824
1629414074000,0.31309982662178704
1629414104000,0.3172764276178812
1629414134000,0.3137485164197531
1629414164000,0.314196311407767
1629414194000,0.3119423201928873
1629414224000,0.3241979872928177
1629414254000,0.3134405277407632
1629414284000,0.31341720153468383
1629414314000,0.3088033834363412
1629414344000,0.31195717573349635
1629414374000,0.3126426496009822
1629414404000,0.3160911687312087
1629414434000,0.30956542509113
1629414464000,0.3122800394528875
1629414494000,0.3175225809872029
1629414524000,0.3136424540208717
1629414554000,0.31537383549364023
1629414584000,0.31207364039653035
1629414614000,0.3146386528834356
1629414644000,0.3130900808471455
1629414674000,0.31498282119164617
1629414704000,0.3163554915275201
1629414734000,0.31517211519219035
1629414764000,0.31653895872340426
1629414794000,0.3149216290519878
1629414824000,0.31735445706422016
1629414854000,0.31227784924562463
1629414884000,0.31771994681762544
1629414914000,0.31966574287446936
1629414944000,0.31783871002460024
1629414974000,0.3186399914514145
1629415004000,0.3143167739913097
1629415034000,0.3172135793228537
1629415064000,0.3212515135250918
1629415094000,0.3184842938564477
1629415124000,0.31242370845588235
1629415154000,0.31588556778728605
1629415184000,0.3122598678682412
1629415214000,0.31439039957343085
1629415244000,0.32006840734114744
1629415274000,0.3160832423193686
1629415304000,0.31858156089385475
1629415334000,0.3126316401095557
1629415364000,0.3127722681789932
1629415394000,0.31655697147201944
1629415424000,0.3180693241147741
1629415454000,0.31265655154511746
1629415484000,0.31403239034440344
1629415514000,0.3097919960784314
1629415544000,0.31222694329643297
1629415574000,0.3212502962895377
1629415604000,0.3236744394146949
1629415634000,0.3172653533704391
1629415664000,0.3210552749688668
1629415694000,0.3159596504784689
1629415724000,0.3111150737593052
1629415754000,0.3189987241846154
1629415784000,0.3180644988264361
1629415814000,0.31543572254370095
1629415844000,0.3174241483910891
1629415874000,0.3220075727272727
1629415904000,0.3126061930614729
1629415934000,0.3195946730722154
1629415964000,0.3113360583743842
1629415994000,0.3148923411907655
1629416024000,0.3102160801344743
1629416054000,0.31137980900062073
1629416084000,0.3112807030656039
1629416114000,0.3127489814180929
1629416144000,0.3160703965222697
1629416174000,0.3136983101818182
1629416204000,0.31308417429088714
1629416234000,0.31231375747889023
1629416264000,0.3189230539367638
1629416294000,0.3160972783046829
1629416324000,0.3171563218788628
1629416354000,0.314561947342398
1629416384000,0.317990312969697
1629416414000,0.3192047158303465
1629416444000,0.3154911620478234
1629416474000,0.317134443877551
1629416504000,0.32008193526920753
1629416534000,0.3163613358245831
1629416564000,0.3203341285626911
1629416594000,0.3125993022967101
1629416624000,0.3167270404307692
1629416654000,0.3167817625
1629416684000,0.3108528601953602
1629416714000,0.31516234820231565
1629416744000,0.31649141697530864
1629416774000,0.31554800747438216
1629416804000,0.3155316733171619
1629416834000,0.3167223367878788
1629416864000,0.32065073727162
1629416894000,0.31723540985489723
1629416924000,0.3135509966666667
1629416954000,0.3115693572130141
1629416984000,0.3164326037667072
1629417014000,0.3165174855239249
1629417044000,0.3128995058645707
1629417074000,0.31179408538083536
1629417104000,0.31202088844002485
1629417134000,0.31877020385556915
1629417164000,0.3112246349478847
1629417194000,0.2854101471384615
1629417224000,0.3131604166563849
1629417254000,0.3159957238814994
1629417284000,0.3139709946210269
1629417314000,0.3186412298321939
1629417344000,0.32003857198302
1629417374000,0.3171194458660229
1629417404000,0.31858980783492824
1629417434000,0.313433285946924
1629417464000,0.318917199257885
1629417494000,0.3141275359611886
1629417524000,0.3180142306223044
1629417554000,0.3165167510128913
1629417584000,0.3139800283792049
1629417614000,0.3131669795270691
1629417644000,0.3176900844512195
1629417674000,0.31789235132962274
1629417704000,0.316290703058104
1629417734000,0.3215560033047736
1629417764000,0.31867267100997504
1629417794000,0.3136744971411192
1629417824000,0.3155725033857316
1629417854000,0.3187596948479205
1629417884000,0.315536546377709
1629417914000,0.31345283986360817
1629417944000,0.3162126298780488
1629417974000,0.314888482595326
1629418004000,0.3175232598057073
1629418034000,0.31385199071782177
1629418064000,0.3128607071813285
1629418094000,0.31646459695121953
1629418124000,0.31481626309669525
1629418154000,0.3182191665230769
1629418184000,0.3201557495700246
1629418214000,0.31782108663819403
1629418244000,0.31615484691885304
1629418274000,0.3137131207792208
1629418304000,0.31284245679314565
1629418334000,0.31419149487492376
1629418364000,0.3174414870595383
1629418394000,0.3147970897575757
1629418424000,0.32085097060240964
1629418454000,0.3115059855745721
1629418484000,0.3116372983394834
1629418514000,0.3122359643643032
1629418544000,0.318252539689441
1629418574000,0.3122154783013019
1629418604000,0.31732176149668073
1629418634000,0.3129058977548544
1629418664000,0.3218181094769231
1629418694000,0.3153699427166564
1629418724000,0.31297843998779
1629418754000,0.3131834799272286
1629418784000,0.3104363555084746
1629418814000,0.31665288797313795
1629418844000,0.31388518497217066
1629418874000,0.3167938249090909
1629418904000,0.3118773978658537
1629418934000,0.31645582665847666
1629418964000,0.31221726732259986
1629418994000,0.3119590705120296
1629419024000,0.3140308765841883
1629419054000,0.31269210073349635
1629419084000,0.31721916952554746
1629419114000,0.31847231464615383
1629419144000,0.3121494397293973
1629419174000,0.31254866886045096
1629419204000,0.31232588268991285
1629419234000,0.3138014665846154
1629419264000,0.3131536545510455
1629419294000,0.3135688384282178
1629419324000,0.31299676485819977
1629419354000,0.3173540497527812
1629419384000,0.3169600844951923
1629419414000,0.3110811143985419
1629419444000,0.31333137024539875
1629419474000,0.31333956936881185
1629419504000,0.3133730676241772
1629419534000,0.3172364017010936
1629419564000,0.31439891489493205
1629419594000,0.32062801262965224
1629419624000,0.3217081405188388
1629419654000,0.3132353427509293
1629419684000,0.31294184933090025
1629419714000,0.31699365869297164
1629419744000,0.3168413000614251
1629419774000,0.31481944
1629419804000,0.31922168676829266
1629419834000,0.3180706277743716
1629419864000,0.3181613501858736
1629419894000,0.3172063928659287
1629419924000,0.31479458812840705
1629419954000,0.31633571411909145
1629419984000,0.3179075519065191
1629420014000,0.3131616305896806
1629420044000,0.3142370678614824
1629420074000,0.31835171146931185
1629420104000,0.31253178392857145
1629420134000,0.3218255779474649
1629420164000,0.3186438461398176
1629420194000,0.3164539467477204
1629420224000,0.3178643487004951
1629420254000,0.3186934925812385
1629420284000,0.31055981137868754
1629420314000,0.31410596061519896
1629420344000,0.32082415596107056
1629420374000,0.31500449146341464
1629420404000,0.3141239104459377
1629420434000,0.31098958213185457
1629420464000,0.31118458548387096
1629420494000,0.3132303396996997
1629420524000,0.3140511815217391
1629420554000,0.31915041511412706
1629420584000,0.3211003953817734
1629420614000,0.31925269500301023
1629420644000,0.3110617972307692
1629420674000,0.3134496452380953
1629420704000,0.3109760905204461
1629420734000,0.31290597584097857
1629420764000,0.3166782696341464
1629420794000,0.3117737437960688
1629420824000,0.3174861059322034
1629420854000,0.3142501621129326
1629420884000,0.31172467139334153
1629420914000,0.31360509476885645
1629420944000,0.31270831196840826
1629420974000,0.3120230056603774
1629421004000,0.3141807318070818
1629421034000,0.3160834865551425
1629421064000,0.3184167168726823
1629421094000,0.3120473501213592
1629421124000,0.3116960212362301
1629421154000,0.31689870886758537
1629421184000,0.31698196996359224
1629421214000,0.3127469444174757
1629421244000,0.31247703629675044
1629421274000,0.3176909852216749
1629421304000,0.31267980445269017
1629421334000,0.3129936611418048
1629421364000,0.31580398221949724
1629421394000,0.3178146507042254
1629421424000,0.31514673738489873
1629421454000,0.3161764695412844
1629421484000,0.3103009564516129
1629421514000,0.3148598064281383
1629421544000,0.32318044509562
1629421574000,0.31280432062111796
1629421604000,0.31386146454378444
1629421634000,0.312819526911315
1629421664000,0.3123647072229141
1629421694000,0.3110801795692308
1629421724000,0.31126239048780485
1629421754000,0.318336877676951
1629421784000,0.3120254733251383
1629421814000,0.3143985304483188
1629421844000,0.31392378705521473
1629421874000,0.3109652401348039
1629421904000,0.316319239792176
1629421934000,0.3176331054624457
1629421964000,0.3115110198159509
1629421994000,0.3210823665463297
1629422024000,0.3226147852816475
1629422054000,0.31321116324626863
1629422084000,0.3115320895468278
1629422114000,0.3199293927635683
1629422144000,0.3154728183710961
1629422174000,0.3113749416717886
1629422204000,0.3116558167079208
1629422234000,0.3129526702388242
1629422264000,0.3129025946196661
1629422294000,0.3159803041172801
1629422324000,0.3161560743715512
1629422354000,0.31909399264255056
1629422384000,0.3196546998190591
1629422414000,0.31610468642201833
1629422444000,0.3193699996411483
1629422474000,0.3155241157546603
1629422504000,0.3147844306084819
1629422534000,0.3122270724264706
1629422564000,0.3162048725609756
1629422594000,0.31569015571253073
1629422624000,0.3117768652066625
1629422654000,0.31838754963369964
1629422684000,0.31735944660134724
1629422714000,0.3151788755126659
1629422744000,0.31692657258261936
1629422774000,0.3147809678876679
1629422804000,0.31402976339829475
1629422834000,0.3173144995064775
1629422864000,0.31750576020782395
1629422894000,0.3158707246474555
1629422924000,0.32172397192028984
1629422954000,0.314075128004881
1629422984000,0.3151104424939467
1629423014000,0.3129789103233831
1629423044000,0.3196883043935644
1629423074000,0.3134255792176039
1629423104000,0.3203249361111111
1629423134000,0.3170470463961236
1629423164000,0.31698955900060205
1629423194000,0.31289798740061164
1629423224000,0.312566849048496
1629423254000,0.31279700096852303
1629423284000,0.3125192182554517
1629423314000,0.31250712
1629423344000,0.3176139911515152
1629423374000,0.31277906717980297
1629423404000,0.3204144802704364
1629423434000,0.31661227634278816
1629423464000,0.3164185210784314
1629423494000,0.3113116182651191
1629423524000,0.31501776701282835
1629423554000,0.3119188862673926
1629423584000,0.3166446557506053
1629423614000,0.3148228628554144
1629423644000,0.3139167618500605
1629423674000,0.3137366940049444
1629423704000,0.3129832758683729
1629423734000,0.3188960610904585
1629423764000,0.31197078308065496
1629423794000,0.3119260845488257
1629423824000,0.31692604458715595
1629423854000,0.3127213653422983
1629423884000,0.3131361969456323
1629423914000,0.3121935998795906
1629423944000,0.3156635562953995
1629423974000,0.31404725663170885
1629424004000,0.3178562494196701
1629424034000,0.3140664511029412
1629424064000,0.3140645439263804
1629424094000,0.3191898296610169
1629424124000,0.3139572587484812
1629424154000,0.3223175842333954
1629424184000,0.3162061238271605
1629424214000,0.3125241883454106
1629424244000,0.3130025885021753
1629424274000,0.3146496567128236
1629424304000,0.3129585987241798
1629424334000,0.3130457281517748
1629424364000,0.3193337021511985
1629424394000,0.31775824052728385
1629424424000,0.3158791381674757
1629424454000,0.3130373174876847
1629424484000,0.3111962131927711
1629424514000,0.3172909978434997
1629424544000,0.31848824538077397
1629424574000,0.31879500141625616
1629424604000,0.3217340578589109
1629424634000,0.31826492905982906
1629424664000,0.3130874191489362
1629424694000,0.3151129801597052
1629424724000,0.3133275844471446
1629424754000,0.3161434517135863
1629424784000,0.31717324753499704
1629424814000,0.3131835602620087
1629424844000,0.31745075554889024
1629424874000,0.3116510208566108
1629424904000,0.3145902119856887
1629424934000,0.31902631439114393
1629424964000,0.3161547758113901
1629424994000,0.3134485429097606
1629425024000,0.31307480935601456
1629425054000,0.3123407935523114
1629425084000,0.3146511856718193
1629425114000,0.31815378578401465
1629425144000,0.3189572660459342
1629425174000,0.31399262655298416
1629425204000,0.3159515787523162
1629425234000,0.31664359963547994
1629425264000,0.3085888369722557
1629425294000,0.3162278776146789
1629425324000,0.3178878295191723
1629425354000,0.3184580755015198
1629425384000,0.3204684299564947
1629425414000,0.31185279736842103
1629425444000,0.3133732370347773
1629425474000,0.3183241340543881
1629425504000,0.3127647615478367
1629425534000,0.3193404385326757
1629425564000,0.3171841508014797
1629425594000,0.31195503743085434
1629425624000,0.31753212580449297
1629425654000,0.3182882371115174
1629425684000,0.3176737029787234
1629425714000,0.31203317160493826
1629425744000,0.31925964852398525
1629425774000,0.317174038831406
1629425804000,0.3121410298277983
1629425834000,0.31367959987944544
1629425864000,0.3163466918392205
1629425894000,0.32406641053268764
1629425924000,0.3160499725167581
1629425954000,0.31076570006195786
1629425984000,0.3194280370752427
1629426014000,0.311837065945946
1629426044000,0.31820170055521285
1629426074000,0.3173269721118012
1629426104000,0.319488065233192
1629426134000,0.3227729913333333
1629426164000,0.3193580647239264
1629426194000,0.31902458663003663
1629426224000,0.3143144271260087
1629426254000,0.31210919188370684
1629426284000,0.31281799150485434
1629426314000,0.31273123815309845
1629426344000,0.3144331447044335
1629426374000,0.3157649330877839
1629426404000,0.3140589753183748
1629426434000,0.31904726183022275
1629426464000,0.3218939836996337
1629426494000,0.3158991726283988
1629426524000,0.3162245561968408
1629426554000,0.3127598002460025
1629426584000,0.3126823729078868
1629426614000,0.3162060815642458
1629426644000,0.31340116814268143
1629426674000,0.3188255443349754
1629426704000,0.3124242551094891
1629426734000,0.3127804948891625
1629426764000,0.31275627703612985
1629426794000,0.31652203435394977
1629426824000,0.3131475180649112
1629426854000,0.31239103526153844
1629426884000,0.3122247600494744
1629426914000,0.3156571631449632
1629426944000,0.31327578768292685
1629426974000,0.3127309770461538
1629427004000,0.31193153355542097
1629427034000,0.31888694524096384
1629427064000,0.3131741630487805
1629427094000,0.31144717624242424
1629427124000,0.3203139219330855
1629427154000,0.31466755086526577
1629427184000,0.3145133533209187
1629427214000,0.3142983764851485
1629427244000,0.3196486628448804
1629427274000,0.3125844960582171
1629427304000,0.31833456847560976
1629427334000,0.3117461122411693
1629427364000,0.3174609515828678
1629427394000,0.31403572395577395
1629427424000,0.3166307744954128
1629427454000,0.31683089749388754
1629427484000,0.31253856998792273
1629427514000,0.3133069677360775
1629427544000,0.3130444467800729
1629427574000,0.3132388623337364
1629427604000,0.3153629271719039
1629427634000,0.3120882860890787
1629427664000,0.3115335926309379
1629427694000,0.3118189077395577
1629427724000,0.3132865191722459
1629427754000,0.31577396003705993
1629427784000,0.3176204824216349
1629427814000,0.3114348683444512
1629427844000,0.30879918913171883
1629427874000,0.31226689237445754
1629427904000,0.3221513788895668
1629427934000,0.314744369068323
1629427964000,0.3168504003065604
1629427994000,0.3169715016119033
1629428024000,0.3154925749698432
1629428054000,0.3111547102769231
1629428084000,0.3126014593420236
1629428114000,0.3139799912829957
1629428144000,0.31126934957212715
1629428174000,0.3160684092137592
1629428204000,0.31094318036036034
1629428234000,0.31599090900123306
1629428264000,0.3118770777170613
1629428294000,0.31651394813895783
1629428324000,0.3135730988916256
1629428354000,0.31673389863098944
1629428384000,0.3190740315276933
1629428414000,0.31182716783517833
1629428444000,0.3138404988963826
1629428474000,0.3119388303329223
1629428504000,0.3127492317295981
1629428534000,0.3150878570018507
1629428564000,0.31975608028846153
1629428594000,0.3093064806238752
1629428624000,0.3181889672828096
1629428654000,0.3150606787530266
1629428684000,0.3136587108522379
1629428714000,0.31859910220994475
1629428744000,0.3157103850866337
1629428774000,0.31753802203703696
1629428804000,0.3161160619545175
1629428834000,0.31693985360635696
1629428864000,0.3116189408641976
1629428894000,0.3170418287104623
1629428924000,0.3126527413959085
1629428954000,0.31315793518292684
1629428984000,0.3166179576781327
1629429014000,0.3170288975791434
1629429044000,0.3179266611757501
1629429074000,0.3136445671577655
1629429104000,0.31226576270566725
1629429134000,0.31797257928311057
1629429164000,0.3137654354445798
1629429194000,0.3171262604141291
1629429224000,0.31491886089351284
1629429254000,0.31163369981583794
1629429284000,0.3100323977314531
1629429314000,0.3176401310596833
1629429344000,0.3171901523227384
1629429374000,0.31548198849182313
1629429404000,0.3124137150793651
1629429434000,0.3147069510598504
1629429464000,0.3159018259975816
1629429494000,0.31737807211131275
1629429524000,0.31274350031036624
1629429554000,0.31528915643869376
1629429584000,0.3137613425091352
1629429614000,0.31401189041514044
1629429644000,0.3111902950299401
1629429674000,0.312794313801602
1629429704000,0.31888893306699445
1629429734000,0.3119108299134734
1629429764000,0.3165619729746444
1629429794000,0.317180507826087
1629429824000,0.3111252745926373
1629429854000,0.31187280304136256
1629429884000,0.3114135123104912
1629429914000,0.3130480132923077
1629429944000,0.3112983181818182
1629429974000,0.3216735283445327
1629430004000,0.31658882090464546
1629430034000,0.31906425248184017
1629430064000,0.3173162024863554
1629430094000,0.31236678661270234
1629430124000,0.3133705677160494
1629430154000,0.3160228138939671
1629430184000,0.3123822844307692
1629430214000,0.3136301402055623
1629430244000,0.31592896889835664
1629430274000,0.3114987438456828
1629430304000,0.3136506926399027
1629430334000,0.3164103673309179
1629430364000,0.3165095247232472
1629430394000,0.3125503672771673
1629430424000,0.3149700726315789
1629430454000,0.3121952660880347
1629430484000,0.3142278356307692
1629430514000,0.3130764106253795
1629430544000,0.3141354389683033
1629430574000,0.31204757329683697
1629430604000,0.31650339461966603
1629430634000,0.3141346371076923
1629430664000,0.3182140781918143
1629430694000,0.31776910546875
1629430724000,0.3152670574209246
1629430754000,0.3184562759830611
1629430784000,0.31911911844059404
1629430814000,0.31502263186215235
1629430844000,0.3121949636474164
1629430874000,0.3160843406613595
1629430904000,0.3173121186699207
1629430934000,0.312268965995116
1629430964000,0.3120169019441069
1629430994000,0.3128462119430693
1629431024000,0.3128806649509804
1629431054000,0.31195146339987895
1629431084000,0.31338471888753056
1629431114000,0.3183546394331485
1629431144000,0.31122851773517074
1629431174000,0.3133891943419434
1629431204000,0.3141854809036145
1629431234000,0.3130991604039168
1629431264000,0.3142193146878825
1629431294000,0.31340480566153844
1629431324000,0.317679168437307
1629431354000,0.3114498115027829
1629431384000,0.3176930071515152
1629431414000,0.3141965646805897
1629431444000,0.3078130903577926
1629431474000,0.3163806330873309
1629431504000,0.314554773373494
1629431534000,0.31660253829524393
1629431564000,0.3205667304668305
1629431594000,0.31085120230024216
1629431624000,0.31182758994447873
1629431654000,0.31326510451219514
1629431684000,0.3192557938414634
1629431714000,0.3184198201342282
1629431744000,0.3124071929846154
1629431774000,0.3154623671604938
1629431804000,0.3125178837294333
1629431834000,0.3097877692908654
1629431864000,0.31164262401960785
1629431894000,0.3120350566828676
1629431924000,0.3161384051756007
1629431954000,0.3110586388256441
1629431984000,0.3193985710460772
1629432014000,0.3183113214672279
1629432044000,0.3181373153320919
1629432074000,0.3152399962804878
1629432104000,0.3144003788819876
1629432134000,0.3123784361313869
1629432164000,0.3124557437965261
1629432194000,0.3177351855392157
1629432224000,0.31250846654205605
1629432254000,0.313276317618469
1629432284000,0.3129053651957738
1629432314000,0.3144276905810397
1629432344000,0.3180619405289053
1629432374000,0.3138440533573141
1629432404000,0.3109313361599031
1629432434000,0.3196939964111922
1629432464000,0.3089833697489284
1629432494000,0.31686863402820353
1629432524000,0.3144397043398533
1629432554000,0.31750991493827163
1629432584000,0.3114438089680589
1629432614000,0.3106348499113999
1629432644000,0.31217569125452355
1629432674000,0.3120710442472461
1629432704000,0.3178088885523925
1629432734000,0.30838047232088184
1629432764000,0.31643797531837475
1629432794000,0.3183860131483715
1629432824000,0.3135100009068924
1629432854000,0.31120198363636364
1629432884000,0.3157143322201608
1629432914000,0.3157637828800989
1629432944000,0.3123866094153846
1629432974000,0.3170776884496603
1629433004000,0.321006506199628
1629433034000,0.3123724150744417
1629433064000,0.3126655276752768
1629433094000,0.3143580936092514
1629433124000,0.30754367329192545
1629433154000,0.3126798656553398
1629433184000,0.3119095247873633
1629433214000,0.31873603798681843
1629433244000,0.31255448494423793
1629433274000,0.3127787557763975
1629433304000,0.3163301845027456
1629433334000,0.31397682541334965
1629433364000,0.3172839556034483
1629433394000,0.3165510949359365
1629433424000,0.31365331412708203
1629433454000,0.3160795705627706
1629433484000,0.31676711252302026
1629433514000,0.3146638179204893
1629433544000,0.31350988794369644
1629433574000,0.31971977058461537
1629433604000,0.3138942468923077
1629433634000,0.3153993055927052
1629433664000,0.3154275689993861
1629433694000,0.3134499363250455
1629433724000,0.31171101793611794
1629433754000,0.3136426385230769
1629433784000,0.32036219020935963
1629433814000,0.3129551707151665
1629433844000,0.3113776423006695
1629433874000,0.3125353911835749
1629433904000,0.3144016496309963
1629433934000,0.31287828661369194
1629433964000,0.3191912809937888
1629433994000,0.313803852271313
1629434024000,0.3166620862048193
1629434054000,0.31347308658088235
1629434084000,0.3169005413878563
1629434114000,0.3171623545399147
1629434144000,0.3124158825260576
1629434174000,0.314565627289604
1629434204000,0.32020786795881284
1629434234000,0.3166654552375152
1629434264000,0.30924350738095235
1629434294000,0.31267696324422845
1629434324000,0.3141204044648318
1629434354000,0.3166543787860577
1629434384000,0.3137300147762109
1629434414000,0.3131436231946144
1629434444000,0.3133537891223733
1629434474000,0.31972906936771023
1629434504000,0.314069708434466
1629434534000,0.3152110341433779
1629434564000,0.31242845254342433
1629434594000,0.31996456087223585
1629434624000,0.31190248550277605
1629434654000,0.3160807773561812
1629434684000,0.3122252572218808
1629434714000,0.3150470024969549
1629434744000,0.3153968667067308
1629434774000,0.3164155147400612
1629434804000,0.3161930740895522
1629434834000,0.3164044875383671
1629434864000,0.3179225050272562
1629434894000,0.31704371122828784
1629434924000,0.3174430669286578
1629434954000,0.32066634440321584
1629434984000,0.3163052051157125
1629435014000,0.3145244513011152
1629435044000,0.3145052375223347
1629435074000,0.3137058794966237
1629435104000,0.3115700467652495
1629435134000,0.3184096246617466
1629435164000,0.31259989035250463
1629435194000,0.3156067884004884
1629435224000,0.3126659445388349
1629435254000,0.2541504238916256
1629435284000,0.31261081260086904
1629435314000,0.32262176308641977
1629435344000,0.3181471188620903
1629435374000,0.31203761312272177
1629435404000,0.3142260022289157
1629435434000,0.31783839418316834
1629435464000,0.31230563570552144
1629435494000,0.31612755669339915
1629435524000,0.31710223271260085
1629435554000,0.3150943637592137
1629435584000,0.31762174124772863
1629435614000,0.311959475794621
1629435644000,0.3187649973137973
1629435674000,0.31756797486272115
1629435704000,0.3126303058132344
1629435734000,0.31532429852398525
1629435764000,0.3122487743667069
1629435794000,0.3136486414919852
1629435824000,0.3126523966907341
1629435854000,0.3134028871463715
1629435884000,0.31485051344956416
1629435914000,0.31212801107748184
1629435944000,0.3245848066585956
1629435974000,0.3171630582007344
1629436004000,0.31287551049757284
1629436034000,0.31490121393643034
1629436064000,0.31663000287597365
1629436094000,0.31621024773413897
1629436124000,0.3126512961514587
1629436154000,0.319916533496632
1629436184000,0.310459664381068
1629436214000,0.3171614986211031
1629436244000,0.321652371631644
1629436274000,0.3119610702439025
1629436304000,0.3172742226804124
1629436334000,0.31515245091019417
1629436364000,0.3188080641701618
1629436394000,0.31341101867728105
1629436424000,0.31925678500307314
1629436454000,0.31733993806571603
1629436484000,0.3143143355459057
1629436514000,0.3163719339987901
1629436544000,0.31674036555142504
1629436574000,0.31210198969135805
1629436604000,0.3118408940713854
1629436634000,0.3142284043156597
1629436664000,0.3119804032019705
1629436694000,0.3172793425045153
1629436724000,0.3172879796421962
1629436754000,0.3164028995115995
1629436784000,0.3177631474421437
1629436814000,0.31272341365558914
1629436844000,0.3123854677771048
1629436874000,0.3110928928528165
1629436904000,0.3123947059182428
1629436934000,0.3122775279411765
1629436964000,0.3166727111587983
1629436994000,0.32009516146341466
1629437024000,0.3162344508196721
1629437054000,0.31661876690821256
1629437084000,0.3168302709617756
1629437114000,0.3153332657813465
1629437144000,0.3147333243325243
1629437174000,0.31231561376638856
1629437204000,0.3130096591566265
1629437234000,0.3085211198555957
1629437264000,0.3150451014519056
1629437294000,0.31783146325553563
1629437324000,0.3136684419001218
1629437354000,0.31181263189550423
1629437384000,0.3104153395024272
1629437414000,0.31651729715324045
1629437444000,0.31323805685310385
1629437474000,0.31281688956414977
1629437504000,0.3140007645080947
1629437534000,0.2484473010948905
1629437564000,0.2898827620626151
1629437594000,0.3138559854064039
1629437624000,0.3142203918869084
1629437654000,0.3172450701583435
1629437684000,0.3159593912776413
1629437714000,0.3099814742286751
1629437744000,0.31750519615861217
1629437774000,0.3188826609251369
1629437804000,0.31872980162195885
1629437834000,0.32179285976119404
1629437864000,0.3112192268232385
1629437894000,0.31573311340206184
1629437924000,0.3152660825213155
1629437954000,0.3109794137867647
1629437984000,0.32275432218114597
1629438014000,0.31217862886597936
1629438044000,0.317760514978775
1629438074000,0.31514813864734303
1629438104000,0.3130203678876679
1629438134000,0.3225569285973398
1629438164000,0.3174359383678441
1629438194000,0.3139230595574677
1629438224000,0.3115344595810228
1629438254000,0.31341378330252617
1629438284000,0.3124191996947497
1629438314000,0.313347752228164
1629438344000,0.31233415503640777
1629438374000,0.31611988861689105
1629438404000,0.3115477716199757
1629438434000,0.31344394500918554
1629438464000,0.31191205027322405
1629438494000,0.3122174019277109
1629438524000,0.3139760218425869
1629438554000,0.3125840586352657
1629438584000,0.3129037142340169
1629438614000,0.3132426499395405
1629438644000,0.3137314899628253
1629438674000,0.3148991473876063
1629438704000,0.31380243314849043
1629438734000,0.31970261069682154
1629438764000,0.31467761327217125
1629438794000,0.3124459946229913
1629438824000,0.31160581387354197
1629438854000,0.31243318346362
1629438884000,0.3149356118945432
1629438914000,0.3133108992159228
1629438944000,0.3170188298352654
1629438974000,0.3176548152416357
1629439004000,0.3138409995238095
1629439034000,0.31400100049291435
1629439064000,0.31383050548705305
1629439094000,0.31458099876390605
1629439124000,0.3151940200369914
1629439154000,0.3099749187692308
1629439184000,0.3150904237545565
1629439214000,0.3155537155772755
1629439244000,0.3153741450909091
1629439274000,0.31304174895960835
1629439304000,0.3172152204600484
1629439334000,0.32168367939209724
1629439364000,0.3152072573928787
1629439394000,0.31253807359756103
1629439424000,0.3117727853227771
1629439454000,0.3165144433210784
1629439484000,0.31925368993865033
1629439514000,0.3134088878843788
1629439544000,0.31447252901425915
1629439574000,0.310126744384058
1629439604000,0.3111443386461539
1629439634000,0.31277215868631064
1629439664000,0.3130431080801944
1629439694000,0.3185121481733746
1629439724000,0.31738510195718656
1629439754000,0.3196969033192517
1629439784000,0.3187369537477148
1629439814000,0.3152812041441441
1629439844000,0.3180060813446396
1629439874000,0.3209491738678091
1629439904000,0.3196886462462463
1629439934000,0.3191470334981459
1629439964000,0.3134965212383901
1629439994000,0.3170434093637455
1629440024000,0.3203631001852996
1629440054000,0.3152427934226553
1629440084000,0.3147453568058076
1629440114000,0.3105980207616708
1629440144000,0.3154671716969697
1629440174000,0.31077719115727004
1629440204000,0.3200959533662755
1629440234000,0.31204539087523275
1629440264000,0.3154516471916972
1629440294000,0.3170536006165228
1629440324000,0.3094657115571776
1629440354000,0.320926067965368
1629440384000,0.3152251134708738
1629440414000,0.3168136153230769
1629440444000,0.31092172844257365
1629440474000,0.32000630699939137
1629440504000,0.3170627072929543
1629440534000,0.31724434550425273
1629440564000,0.3112777148975792
1629440594000,0.3130107435804701
1629440624000,0.3169643721674877
1629440654000,0.316248802559415
1629440684000,0.3121957082026538
1629440714000,0.313076154013277
1629440744000,0.3174103184258694
1629440774000,0.3177057467867868
1629440804000,0.3219368897761645
1629440834000,0.3166024160834868
1629440864000,0.3130605264346764
1629440894000,0.31922338619631896
1629440924000,0.3159496341478314
1629440954000,0.3166673279252111
1629440984000,0.3169261376219512
1629441014000,0.3137655922843257
1629441044000,0.3142495521289538
1629441074000,0.31957426681114554
1629441104000,0.3125928006748466
1629441134000,0.31352501033846153
1629441164000,0.31732255693039857
1629441194000,0.31526446813518405
1629441224000,0.31393122827669895
1629441254000,0.312430923783455
1629441284000,0.3165672717364532
1629441314000,0.316620894273399
1629441344000,0.31935216979742176
1629441374000,0.3085942375228798
1629441404000,0.3124723618613139
1629441434000,0.3165848983616505
1629441464000,0.32172339523809523
1629441494000,0.3124144571256765
1629441524000,0.31750995288640593
1629441554000,0.3164789183116077
1629441584000,0.3130729520706456
1629441614000,0.3161778511398645
1629441644000,0.31108769500616523
1629441674000,0.31421326945477074
1629441704000,0.3183223239342265
1629441734000,0.31681327014563104
1629441764000,0.3115046103726708
1629441794000,0.3164782996374622
1629441824000,0.31245243541409146
1629441854000,0.3160585128536285
1629441884000,0.319155585105068
1629441914000,0.31687022148102817
1629441944000,0.3150697911231884
1629441974000,0.3183259833026397
1629442004000,0.3192637413729128
1629442034000,0.31654409607843137
1629442064000,0.31176123020961777
1629442094000,0.3156341373680944
1629442124000,0.3150552269300912
1629442154000,0.3172349067870486
1629442184000,0.316567363803681
1629442214000,0.31700984686548994
1629442244000,0.31613627527607363
1629442274000,0.3202640949060037
1629442304000,0.3168244714723926
1629442334000,0.3155796309859155
1629442364000,0.3137453481504316
1629442394000,0.3163245011494253
1629442424000,0.314452015234613
1629442454000,0.3174351987037037
1629442484000,0.3164349779878049
1629442514000,0.32184829727932285
1629442544000,0.3162705253094059
1629442574000,0.3169294433836858
1629442604000,0.31820404140243896
1629442634000,0.31862259934210524
1629442664000,0.31828271229913474
1629442694000,0.31418180226993864
1629442724000,0.3143504213235294
1629442754000,0.3116052371905941
1629442784000,0.3124624569945021
1629442814000,0.3171891789895256
1629442844000,0.3158963857923497
1629442874000,0.3194690847560976
1629442904000,0.3205613944410507
1629442934000,0.31673971749845964
1629442964000,0.320533446393643
1629442994000,0.32005204997004194
1629443024000,0.3143382070363745
1629443054000,0.31767487152398305
1629443084000,0.3140229785800971
1629443114000,0.3162791402903811
1629443144000,0.3205935412446614
1629443174000,0.31545354840881273
1629443204000,0.3141020821909425
1629443234000,0.3127030868772783
1629443264000,0.3200657977695167
1629443294000,0.3169389042124542
1629443324000,0.31701267227602903
1629443354000,0.31586179712889434
1629443384000,0.3150493603448276
1629443414000,0.3137110168667467
1629443444000,0.3120511957737725
1629443474000,0.3137099195863747
1629443504000,0.3157143312576313
1629443534000,0.3184069724924925
1629443564000,0.3160948849289685
1629443594000,0.3164951442831216
1629443624000,0.3191322058323208
1629443654000,0.312193433977067
1629443684000,0.31871270849753697
1629443714000,0.31881539047619045
1629443744000,0.3116335176541717
1629443774000,0.31226858382173384
1629443804000,0.3118940189352692
1629443834000,0.3137408662569145
1629443864000,0.3141394369193154
1629443894000,0.3191662899755501
1629443924000,0.3116812908296943
1629443954000,0.31199334198286416
1629443984000,0.31738491354679804
1629444014000,0.3173861947560976
1629444044000,0.3171500345633456
1629444074000,0.31650711703296697
1629444104000,0.3118151475138122
1629444134000,0.3123083194564546
1629444164000,0.3136866811425061
1629444194000,0.3147903547066015
1629444224000,0.31203708738518066
1629444254000,0.3127985026829268
1629444284000,0.3127218961346633
1629444314000,0.3151916388519638
1629444344000,0.3160679734122042
1629444374000,0.3208215625230769
1629444404000,0.31661701713759216
1629444434000,0.3214542754200373
1629444464000,0.315413776567255
1629444494000,0.310554023955774
1629444524000,0.3143314521820449
1629444554000,0.3133834884287454
1629444584000,0.3144001085645356
1629444614000,0.32098972838905776
1629444644000,0.3188010890444309
1629444674000,0.3137326122536946
1629444704000,0.3231044187344913
1629444734000,0.31471861584158417
1629444764000,0.3155041853464132
1629444794000,0.3180541280390959
1629444824000,0.3136168446650124
1629444854000,0.3160188268292683
1629444884000,0.3172632140567201
1629444914000,0.3137178317559153
1629444944000,0.3162792108801956
1629444974000,0.31445463559427506
1629445004000,0.3141086588560886
1629445034000,0.31838484749845586
1629445064000,0.3110245481392557
1629445094000,0.3180055397692775
1629445124000,0.31811331671826626
1629445154000,0.3216969201569101
1629445184000,0.3219839674907293
1629445214000,0.3129711133292383
1629445244000,0.31726153961916465
1629445274000,0.3152838993935719
1629445304000,0.3167236162705667
1629445334000,0.32359535086982605
1629445364000,0.3156790100861009
1629445394000,0.3135967649112064
1629445424000,0.3167538408038977
1629445454000,0.31786518154219795
1629445484000,0.32016117183942483
1629445514000,0.319713499879952
1629445544000,0.3126982235653236
1629445574000,0.3122085544117647
1629445604000,0.31301841087223586
1629445634000,0.3174466893292683
1629445664000,0.3121151202562538
1629445694000,0.3131790825483092
1629445724000,0.31228250145366443
1629445754000,0.3159425271270037
1629445784000,0.3125135296139928
1629445814000,0.31540044799757283
1629445844000,0.3124852522741433
1629445874000,0.31726862035452325
1629445904000,0.3098619219145093
1629445934000,0.3128710665636588
1629445964000,0.3186964987053021
1629445994000,0.31302182001216544
1629446024000,0.3118140061919505
1629446054000,0.3114497217687075
1629446084000,0.3124656357320099
1629446114000,0.31744956706586824
1629446144000,0.313132658302583
1629446174000,0.3131630275478691
1629446204000,0.3172778222564735
1629446234000,0.3137558506321493
1629446264000,0.3168428034608379
1629446294000,0.31817296063569683
1629446324000,0.31339631532404605
1629446354000,0.3125497378575776
1629446384000,0.31828975606060605
1629446414000,0.31812591358927483
1629446444000,0.3201909659034653
1629446474000,0.3178177739583333
1629446504000,0.3197499868241144
1629446534000,0.3171354293617021
1629446564000,0.31489982808988765
1629446594000,0.3188211802671524
1629446624000,0.3174268369854721
1629446654000,0.3165768073755378
1629446684000,0.3234447039776259
1629446714000,0.3120914929620563
1629446744000,0.31538345838967424
1629446774000,0.3148560724242424
1629446804000,0.3149802366324683
1629446834000,0.3193770130801688
1629446864000,0.3189937582920792
1629446894000,0.3132559568615752
1629446924000,0.3138069523214286
1629446954000,0.3121458987841945
1629446984000,0.3121491955460647
1629447014000,0.3182484686068112
1629447044000,0.3092519981223501
1629447074000,0.3178020205033763
1629447104000,0.3182837800735745
1629447134000,0.3134067500609756
1629447164000,0.3165728753658537
1629447194000,0.3142777938639125
1629447224000,0.31128195715151513
1629447254000,0.3186032143033292
1629447284000,0.3182441496943765
1629447314000,0.3170148083126551
1629447344000,0.314865553974122
1629447374000,0.3225102901044868
1629447404000,0.3116952429357798
1629447434000,0.3173924630236794
1629447464000,0.3144108083181542
1629447494000,0.315563843727162
1629447524000,0.3103711491098833
1629447554000,0.3131671029620853
1629447584000,0.3137858560473816
1629447614000,0.3188335455487805
1629447644000,0.3152966601339014
1629447674000,0.3154069652760736
1629447704000,0.3112472816350711
1629447734000,0.3182287963892289
1629447764000,0.31981736150150153
1629447794000,0.31821270362853626
1629447824000,0.3169587079012346
1629447854000,0.3164217593240797
1629447884000,0.31338759981829195
1629447914000,0.3220874498161765
1629447944000,0.3156074785242952
1629447974000,0.3174000168910649
1629448004000,0.3123968739051095
1629448034000,0.3094692567827131
1629448064000,0.3142019098616957
1629448094000,0.3141986668481549
1629448124000,0.31139911247739605
1629448154000,0.3197096838308457
1629448184000,0.3093413338278932
1629448214000,0.3124381189255189
1629448244000,0.31336125324754904
1629448274000,0.3211604166868932
1629448304000,0.3129038413599501
1629448334000,0.31164503936763793
1629448364000,0.31634203372524755
1629448394000,0.3197775255643685
1629448424000,0.3122305297794118
1629448454000,0.3134142457401813
1629448484000,0.31628334784217016
1629448514000,0.31332749382422803
1629448544000,0.31279366160877514
1629448574000,0.3114157617950273
1629448604000,0.3223241812307692
1629448634000,0.3186675150274893
1629448664000,0.3115538574861368
1629448694000,0.3130693479318735
1629448724000,0.31151515428219345
1629448754000,0.3114196483435583
1629448784000,0.3107593860436893
1629448814000,0.3169641048
1629448844000,0.31329916304750155
1629448874000,0.31449309388511426
1629448904000,0.3124126837903717
1629448934000,0.32191388191950465
1629448964000,0.3177108242647059
1629448994000,0.3186653253478524
1629449024000,0.31149947710918113
1629449054000,0.3171520762437811
1629449084000,0.3173906858013407
1629449114000,0.3151328517921147
1629449144000,0.3129301746420048
1629449174000,0.3194510926062847
1629449204000,0.31716901939209724
1629449234000,0.3176274416769421
1629449264000,0.32127262254478073
1629449294000,0.3158510630937881
1629449324000,0.3117213837854501
1629449354000,0.31545283219303605
1629449384000,0.3171227627402356
1629449414000,0.31464195083798885
1629449444000,0.3164831025261861
1629449474000,0.31359824246153845
1629449504000,0.3139110217870257
1629449534000,0.3178619127942064
1629449564000,0.3121571955196017
1629449594000,0.3127631863945578
1629449624000,0.3183727888271605
1629449654000,0.3115730181873112
1629449684000,0.3123062983940704
1629449714000,0.3126037152760736
1629449744000,0.3146601439751553
1629449774000,0.3124223280584297
1629449804000,0.3135474354898337
1629449834000,0.25395346211936665
1629449864000,0.31312328679950185
1629449894000,0.3140126740537241
1629449924000,0.3189115995723885
1629449954000,0.3141851522249691
1629449984000,0.25298172521472395
1629450014000,0.31233906388542965
1629450044000,0.3125006852727273
1629450074000,0.32105317271619976
1629450104000,0.3165065729153987
1629450134000,0.315491103318992
1629450164000,0.312741658757764
1629450194000,0.31980485200493525
1629450224000,0.3173442581987578
1629450254000,0.3067374813549161
1629450284000,0.3132748314126394
1629450314000,0.3169750904587156
1629450344000,0.3181217962009804
1629450374000,0.3107095835373317
1629450404000,0.31362055859756105
1629450434000,0.31740462076637826
1629450464000,0.3171015203895313
1629450494000,0.31132405381773404
1629450524000,0.3168351762051916
1629450554000,0.3123131745896657
1629450584000,0.31650936205412056
1629450614000,0.3143504933701657
1629450644000,0.3188320092751843
1629450674000,0.3106256885817308
1629450704000,0.30915644874155923
1629450734000,0.3162739205935797
1629450764000,0.3150161145320197
1629450794000,0.3173016468866749
1629450824000,0.319484636977887
1629450854000,0.3149601109547124
1629450884000,0.3154467211656441
1629450914000,0.3228192742173112
1629450944000,0.31170241814791794
1629450974000,0.3123503013588635
1629451004000,0.3134638213094503
1629451034000,0.3166609932275778
1629451064000,0.3116541419296117
1629451094000,0.3159177963436929
1629451124000,0.31712968841911765
1629451154000,0.3162333310893513
1629451184000,0.3158404924698795
1629451214000,0.3140767272617612
1629451244000,0.31143617720271105
1629451274000,0.3174369176398279
1629451304000,0.3151124078740157
1629451334000,0.3210761799516908
1629451364000,0.3167779712370506
1629451394000,0.3163399959633028
1629451424000,0.3123022334957369
1629451454000,0.3131241930949445
1629451484000,0.31312254972611075
1629451514000,0.3152900138668296
1629451544000,0.3148120435674332
1629451574000,0.3134703896379525
1629451604000,0.31370222703703704
1629451634000,0.3197559985276074
1629451664000,0.31792333422693264
1629451694000,0.3143194157641396
1629451724000,0.3152537190853659
1629451754000,0.3117882786413709
1629451784000,0.3157878944651741
1629451814000,0.3125313552760736
1629451844000,0.3166397922007255
1629451874000,0.3213539756188119
1629451904000,0.3172582398305085
1629451934000,0.3167909643818849
1629451964000,0.3153363007980356
1629451994000,0.31848827689440995
1629452024000,0.3131853044950739
1629452054000,0.3213875017402113
1629452084000,0.31478254849416104
1629452114000,0.3167164137637028
1629452144000,0.3118438832923833
1629452174000,0.3162521120481928
1629452204000,0.3171505582760775
1629452234000,0.31322289437996337
1629452264000,0.31904591881987576
1629452294000,0.3162916487522824
1629452324000,0.31223893367655964
1629452354000,0.31217977140221403
1629452384000,0.3155874317207593
1629452414000,0.31127283579719
1629452444000,0.3168924295609153
1629452474000,0.3138547827501535
1629452504000,0.3153583694074969
1629452534000,0.3187814252593045
1629452564000,0.3184826280669145
1629452594000,0.3163684566095471
1629452624000,0.3135334172771673
1629452654000,0.3161438788379205
1629452684000,0.318052597633873
1629452714000,0.31587531138703817
1629452744000,0.3166144008479709
1629452774000,0.31566258310893514
1629452804000,0.317427312507664
1629452834000,0.31494802526121696
1629452864000,0.3190225827522936
1629452894000,0.3189768133742331
1629452924000,0.319846091084788
1629452954000,0.3191355515021459
1629452984000,0.3166040008547009
1629453014000,0.3186262055970149
1629453044000,0.3102612544019429
1629453074000,0.31504345623100305
1629453104000,0.3106478666462668
1629453134000,0.3137021888133498
1629453164000,0.3169431013588635
1629453194000,0.3137978079750779
1629453224000,0.3165897341372913
1629453254000,0.3130284260473588
1629453284000,0.3123964808562691
1629453314000,0.31202344185323383
1629453344000,0.3136674175965665
1629453374000,0.3113257539828431
1629453404000,0.3142413501854141
1629453434000,0.32281567585365856
1629453464000,0.3142779982811541
1629453494000,0.3167124240390482
1629453524000,0.31788426315789475
1629453554000,0.31484584050399506
1629453584000,0.31284184309392266
1629453614000,0.3179559828380837
1629453644000,0.3140393002425713
1629453674000,0.31687503052695337
1629453704000,0.3113654309112567
1629453734000,0.3123408968864469
1629453764000,0.31265087761904764
1629453794000,0.3121014998779744
1629453824000,0.3204620660012099
1629453854000,0.31095682650455925
1629453884000,0.3183795708567855
1629453914000,0.3132135718905473
1629453944000,0.31241494081508514
1629453974000,0.31621604270959897
1629454004000,0.3155033689230769
1629454034000,0.3123799546674802
1629454064000,0.31751869483596595
1629454094000,0.3181534711656442
1629454124000,0.3160792917127072
1629454154000,0.3131676215469613
1629454184000,0.3187211676150121
1629454214000,0.32040212297297305
1629454244000,0.31561429558553034
1629454274000,0.3120800710843373
1629454304000,0.3163783022360249
1629454334000,0.3113797979468599
1629454364000,0.2491591194805195
1629454394000,0.3148411359509202
1629454424000,0.31251859357011635
1629454454000,0.312397959350092
1629454484000,0.2512633491065927
1629454514000,0.31111956640435834
1629454544000,0.31125867928092626
1629454574000,0.3179420165458937
1629454604000,0.31734986140243904
1629454634000,0.3150076629718394
1629454664000,0.3129587019112207
1629454694000,0.3143172796019901
1629454724000,0.3152465250454821
1629454754000,0.3146167267069486
1629454784000,0.31534820128755364
1629454814000,0.31489278080246913
1629454844000,0.3171000413602941
1629454874000,0.3133924117034313
1629454904000,0.31518510073394496
1629454934000,0.3125316820279296
1629454964000,0.3172243500923077
1629454994000,0.31697912695810565
1629455024000,0.31346262139364306
1629455054000,0.3199426170055453
1629455084000,0.3131803764813684
1629455114000,0.31830122650090964
1629455144000,0.31361409975728155
1629455174000,0.31674085006142505
1629455204000,0.3173298236810552
1629455234000,0.31704196707997523
1629455264000,0.3147324239196592
1629455294000,0.3148960137219187
1629455324000,0.31531268559166153
1629455354000,0.3188166817401961
1629455384000,0.31278396930147057
1629455414000,0.32210983592525616
1629455444000,0.32036294513595165
1629455474000,0.3160630784181484
1629455504000,0.31527110997521685
1629455534000,0.3137851718170581
1629455564000,0.3164939861793612
1629455594000,0.3144798929016189
1629455624000,0.2800117358116481
1629455654000,0.3153614936440678
1629455684000,0.31181687174447176
1629455714000,0.3137122833230006
1629455744000,0.3175183673321234
1629455774000,0.31255741637931034
1629455804000,0.31298606306924515
1629455834000,0.311857071523983
1629455864000,0.3181593670776819
1629455894000,0.3127355950488997
1629455924000,0.3126816694306931
1629455954000,0.3193085493490391
1629455984000,0.31039222971323976
1629456014000,0.3133613933496034
1629456044000,0.3162133566991474
1629456074000,0.3123804358181818
1629456104000,0.3176004493490391
1629456134000,0.32333379034440346
1629456164000,0.3119909129539952
1629456194000,0.3138722174123337
1629456224000,0.31376450380368104
1629456254000,0.3114395917315758
1629456284000,0.3154378251082251
1629456314000,0.3149805055859138
1629456344000,0.3138549023255814
1629456374000,0.3185727091296409
1629456404000,0.3128962150366748
1629456434000,0.31254041026267565
1629456464000,0.3214620330518697
1629456494000,0.3114883487804878
1629456524000,0.3160741399260629
1629456554000,0.3141581127051672
1629456584000,0.31338993850331925
1629456614000,0.3205432676311031
1629456644000,0.3128753954323995
1629456674000,0.3216470426525529
1629456704000,0.3187742981583794
1629456734000,0.3125981996982499
1629456764000,0.31239585624615385
1629456794000,0.31107625843113035
1629456824000,0.3147140741011578
1629456854000,0.3125748034208919
1629456884000,0.31417839027946537
1629456914000,0.3102462165647922
1629456944000,0.3144043746600741
1629456974000,0.3127400934226553
1629457004000,0.3101674058574879
1629457034000,0.31487153077391833
1629457064000,0.3202193258298129
1629457094000,0.3195655886988393
1629457124000,0.31368060527295283
1629457154000,0.3209400460832313
1629457184000,0.32433822838002435
1629457214000,0.3227558820121951
1629457244000,0.3161444421085465
1629457274000,0.3139979902989628
1629457304000,0.31233771793275217
1629457334000,0.3144875403058104
1629457364000,0.31282416300185306
1629457394000,0.31310429012195123
1629457424000,0.3109777621202728
1629457454000,0.3125079786666667
1629457484000,0.3121474885714285
1629457514000,0.31015062317148123
1629457544000,0.31699675199508903
1629457574000,0.3176690646446079
1629457604000,0.3106371019692308
1629457634000,0.3183344570906877
1629457664000,0.3113524824953445
1629457694000,0.3131081608883405
1629457724000,0.31746756326034065
1629457754000,0.32036269769137304
1629457784000,0.31556663422982884
1629457814000,0.3168556622594661
1629457844000,0.3176318687422935
1629457874000,0.3166612103680981
1629457904000,0.3149216466505733
1629457934000,0.31841642421247685
1629457964000,0.3154700592145015
1629457994000,0.3163572365794279
1629458024000,0.3172134634852217
1629458054000,0.3115226972171809
1629458084000,0.31843077956070776
1629458114000,0.31590289165131985
1629458144000,0.3123816222357972
1629458174000,0.31165923155663233
1629458204000,0.3107625249542404
1629458234000,0.310321264652568
1629458264000,0.3175148698605215
1629458294000,0.3164624637910085
1629458324000,0.3165550359241126
1629458354000,0.3226217349603417
1629458384000,0.3216644819852941
1629458414000,0.30928426804308795
1629458444000,0.3126434093251534
1629458474000,0.3230856335168196
1629458504000,0.3115370494518879
1629458534000,0.3126921775621589
1629458564000,0.31526329183065
1629458594000,0.3190217804863222
1629458624000,0.31351864345454544
1629458654000,0.3174293096153846
1629458684000,0.3184342527726996
1629458714000,0.31527982908653845
1629458744000,0.3176942998780488
1629458774000,0.3157324389642417
1629458804000,0.3143357388337469
1629458834000,0.31171964337349395
1629458864000,0.3183191543156597
1629458894000,0.3209775245387454
1629458924000,0.3155855068126521
1629458954000,0.3161924531117825
1629458984000,0.3187291911151961
1629459014000,0.3182896202233251
1629459044000,0.3165050235511714
1629459074000,0.3177245076876144
1629459104000,0.31520880049321826
1629459134000,0.3115354571252313
1629459164000,0.31076846469879515
1629459194000,0.31634585868372944
1629459224000,0.3113021585601936
1629459254000,0.32202457975757576
1629459284000,0.31759027034313725
1629459314000,0.31520286377952755
1629459344000,0.3220446089242054
1629459374000,0.3222233517135863
1629459404000,0.31471713506493504
1629459434000,0.3167605015243902
1629459464000,0.3128923029969419
1629459494000,0.3185433121638142
1629459524000,0.31651131442542785
1629459554000,0.3165691296940612
1629459584000,0.3178336515003062
1629459614000,0.31500103128457285
1629459644000,0.3136701930693069
1629459674000,0.31281605390288875
1629459704000,0.3116616606396064
1629459734000,0.313117278313989
1629459764000,0.3127354521197008
1629459794000,0.3133962680196802
1629459824000,0.31696301540357363
1629459854000,0.31393021771150337
1629459884000,0.3219613967053081
1629459914000,0.3224030834873691
1629459944000,0.3163464035891089
1629459974000,0.313149225812385
1629460004000,0.31280882795031056
1629460034000,0.3124803321930361
1629460064000,0.3118742442342892
1629460094000,0.3165694072303922
1629460124000,0.31252161411117896
1629460154000,0.3202077275335775
1629460184000,0.31522713400859426
1629460214000,0.3187174709617756
1629460244000,0.3170468641691843
1629460274000,0.31455245604395604
1629460304000,0.3155862118445404
1629460334000,0.31307160894357744
1629460364000,0.3193493915945612
1629460394000,0.3143952577886377
1629460424000,0.3160861724244294
1629460454000,0.312602503569268
1629460484000,0.3157964576376005
1629460514000,0.32049505049382715
1629460544000,0.3172120947660099
1629460574000,0.3147627693939394
1629460604000,0.31302542857142857
1629460634000,0.3143238318981201
1629460664000,0.3178023830864197
1629460694000,0.3153017212622549
1629460724000,0.3166432038764385
1629460754000,0.3135386530819868
1629460784000,0.3122891398757764
1629460814000,0.31334086847014925
1629460844000,0.3161607665653495
1629460874000,0.31641156360316497
1629460904000,0.3171624395948435
1629460934000,0.31776108952784504
1629460964000,0.3131415202446483
1629460994000,0.31097527159227983
1629461024000,0.3217490992044064
1629461054000,0.316779353101737
1629461084000,0.3215694132017273
1629461114000,0.3184113812232416
1629461144000,0.3193163933414783
1629461174000,0.3181989045759609
1629461204000,0.317844924706609
1629461234000,0.31129432975757576
1629461264000,0.3153433173382173
1629461294000,0.3171720730042657
1629461324000,0.3149497166975881
1629461354000,0.3136841273176761
1629461384000,0.31468256943583384
1629461414000,0.3165229701519757
1629461444000,0.3158954913069909
1629461474000,0.3196770126944617
1629461504000,0.312877035174954
1629461534000,0.3132508537667072
1629461564000,0.3158631203647416
1629461594000,0.3214390242628993
1629461624000,0.3134968875612745
1629461654000,0.3116228618900556
1629461684000,0.3146371240413877
1629461714000,0.3143849786018237
1629461744000,0.312530601908867
1629461774000,0.3196322611111111
1629461804000,0.3121913785283474
1629461834000,0.3178621474398519
1629461864000,0.3172982545510455
1629461894000,0.31273233152501506
1629461924000,0.3141327058175138
1629461954000,0.3086557644311377
1629461984000,0.3118299174923547
1629462014000,0.3118787984577421
1629462044000,0.31117816029776674
1629462074000,0.2501892980721393
1629462104000,0.3123695033454988
1629462134000,0.3156462863216266
1629462164000,0.3144055291040289
1629462194000,0.3198525473325062
1629462224000,0.3154492759393939
1629462254000,0.3220344925903246
1629462284000,0.3185110973939394
1629462314000,0.3210919081081081
1629462344000,0.3200605476951444
1629462374000,0.317216803313253
1629462404000,0.3143043893591294
1629462434000,0.3136457396541075
1629462464000,0.3178907648929664
1629462494000,0.3187537457868649
1629462524000,0.3195979411226357
1629462554000,0.3177829596941896
1629462584000,0.31285274458715595
1629462614000,0.31263631178614826
1629462644000,0.3216227194002448
1629462674000,0.3146203670276775
1629462704000,0.3098468382244143
1629462734000,0.31649505174098963
1629462764000,0.31341439754299755
1629462794000,0.31848425903030303
1629462824000,0.3138811293974437
1629462854000,0.3150942503623189
1629462884000,0.3129231495446266
1629462914000,0.31705503781818184
1629462944000,0.3151551437118437
1629462974000,0.3146944562538509
1629463004000,0.3171766592274678
1629463034000,0.3221414347172082
1629463064000,0.3145843228998133
1629463094000,0.3201479295800365
1629463124000,0.3165330216053108
1629463154000,0.3118405360271437
1629463184000,0.31330472417582417
1629463214000,0.31318221243842365
1629463244000,0.3151897910030395
1629463274000,0.3133244343106675
1629463304000,0.3154640505192425
1629463334000,0.31385798548683397
1629463364000,0.3148856114873035
1629463394000,0.31452337285974497
1629463424000,0.3160549692166463
1629463454000,0.3119513636033857
1629463484000,0.31398707115621155
1629463514000,0.31513906387370977
1629463544000,0.319784956
1629463574000,0.3129869415890751
1629463604000,0.3170337276829268
1629463634000,0.3189127366017052
1629463664000,0.31381159051359514
1629463694000,0.3136617613161132
1629463724000,0.3131504437960688
1629463754000,0.3129517895587321
1629463784000,0.3118688415853659
1629463814000,0.3128776152510849
1629463844000,0.3167867972443356
1629463874000,0.3127672466459627
1629463904000,0.3150774410780669
1629463934000,0.31268345138632164
1629463964000,0.3131769511585366
1629463994000,0.3133073791188896
1629464024000,0.31291394462759464
1629464054000,0.3124305279676818
1629464084000,0.31826038637751985
1629464114000,0.31884424797583083
1629464144000,0.31386930170835875
1629464174000,0.3179293094153846
1629464204000,0.3177185034246575
1629464234000,0.3156279658135283
1629464264000,0.3243731346365302
1629464294000,0.3136918289650949
1629464324000,0.31315518616891064
1629464354000,0.3162944184448463
1629464384000,0.3150884132850241
1629464414000,0.3179305515432099
1629464444000,0.3127220644865525
1629464474000,0.31670051294400964
1629464504000,0.31289899541284405
1629464534000,0.3137521244007376
1629464564000,0.3115621023100304
1629464594000,0.3146229936848559
1629464624000,0.316988432985258
1629464654000,0.31383654371980674
1629464684000,0.3168662332129964
1629464714000,0.3211041076026977
1629464744000,0.31534060953846155
1629464774000,0.31273354082624544
1629464804000,0.31967464724264705
1629464834000,0.3131135182603331
1629464864000,0.3148422012734991
1629464894000,0.3157159256284488
1629464924000,0.314113529957291
1629464954000,0.3156200725766871
1629464984000,0.314459147001224
1629465014000,0.3168503177723676
1629465044000,0.3175348260299625
1629465074000,0.3114932441087613
1629465104000,0.3137010749084249
1629465134000,0.316346776866132
1629465164000,0.31750638561643835
1629465194000,0.31112159065934064
1629465224000,0.3132493687461396
1629465254000,0.3174546959752322
1629465284000,0.3116403658866995
1629465314000,0.3215279281637717
1629465344000,0.3142281734138973
1629465374000,0.31284834745762713
1629465404000,0.3162913234895191
1629465434000,0.31213170752955816
1629465464000,0.3166414780532044
1629465494000,0.3156194403371463
1629683054000,0.3125988117211598
1629683054000,0.3125988117211598
1629683084000,0.3111598266706444
1629683114000,0.31169076634323833
1629683144000,0.3181379008615385
1629683174000,0.31631295907990314
1629683204000,0.31711968998786405
1629683234000,0.32194628447015833
1629683264000,0.31531321800486617
1629683294000,0.3124815341389728
1629683324000,0.3162404934652278
1629683354000,0.3175576450944546
1629683384000,0.31201797826876515
1629683414000,0.31247986168108777
1629683444000,0.31207976171116497
1629683474000,0.3130997843958713
1629683504000,0.3139807189896531
1629683534000,0.3198350563535912
1629683564000,0.31351149684990737
1629683594000,0.3157439393939394
1629683624000,0.3149989402497027
1629683654000,0.3167770790640394
1629683684000,0.3113276485696896
1629683714000,0.3123430147651007
1629683744000,0.3118615973986691
1629683774000,0.3172258984156002
1629683804000,0.3124407908484849
1629683834000,0.3158714085731782
1629683864000,0.3130463928832117
1629683894000,0.31146746524427954
1629683924000,0.3157602507050889
1629683954000,0.3210075292546584
1629683984000,0.3129885739022882
1629684014000,0.3168216610800745
1629684044000,0.3129083530637255
1629684074000,0.31553903226971697
1629684104000,0.31215722901425913
1629684134000,0.3127458134448575
1629684164000,0.3128186158952497
1629684194000,0.3181035797330097
1629684224000,0.3137223163724894
1629684254000,0.31325940728844964
1629684284000,0.3149829943936624
1629684314000,0.3114908703323263
1629684344000,0.3132596241635688
1629684374000,0.3124107383384616
1629684404000,0.3127282962275819
1629684434000,0.3116003215965347
1629684464000,0.3138329181762546
1629684494000,0.2519011792359828
1629684524000,0.3131309675260896
1629684554000,0.3122787706495098
1629684584000,0.3119354532435741
1629684614000,0.31915484780755177
1629684644000,0.3141962178812002
1629684674000,0.3196889744759556
1629684704000,0.3111909388923077
1629684734000,0.3141259376213592
1629684764000,0.3149197369077307
1629684794000,0.31095990233702336
1629684824000,0.31108877510755994
1629684854000,0.30939131092896177
1629684884000,0.3142395470841007
1629684914000,0.3180128839657283
1629684944000,0.3118839076499388
1629684974000,0.3126008509756097
1629685004000,0.3207189937306021
1629685034000,0.3160153307173513
1629685064000,0.3175532466869301
1629685094000,0.31232900042971146
1629685124000,0.317502094681509
1629685154000,0.3155530145909646
1629685184000,0.31738716712740384
1629685214000,0.31935567176470586
1629685244000,0.31229301105620755
1629685274000,0.3133543648916409
1629685304000,0.318298516737675
1629685334000,0.31567135392217416
1629685364000,0.31373991545454544
1629685394000,0.321526491697417
1629685424000,0.31582568542435424
1629685454000,0.3111474336380256
1629685484000,0.3133340580625752
1629685514000,0.3197123370030581
1629685544000,0.31298135929311394
1629685574000,0.31291736195718656
1629685604000,0.3132168927878788
1629685634000,0.31280999662650605
1629685664000,0.3123099203578038
1629685694000,0.3191797985594237
1629685724000,0.31723578080684595
1629685754000,0.31603593116564416
1629685784000,0.3120129711246201
1629685814000,0.3158079940997567
1629685844000,0.3160416384282178
1629685874000,0.31297637448534005
1629685904000,0.3138952459509202
1629685934000,0.31224491799137394
1629685964000,0.3130541065110565
1629685994000,0.3107829110701107
1629686024000,0.3113014325198292
1629686054000,0.3127555275712515
1629686084000,0.3169366860805861
1629686114000,0.3208993537149817
1629686144000,0.31458283837279905
1629686174000,0.3191484502748931
1629686204000,0.3135168198281154
1629686234000,0.3179786406737368
1629686264000,0.3156604185687847
1629686294000,0.3161008473131563
1629686324000,0.31585816174661746
1629686354000,0.3114275850958565
1629686384000,0.3132159998166259
1629686414000,0.31233075163076923
1629686444000,0.3167255828002414
1629686474000,0.31681206553603874
1629686504000,0.3126862918367347
1629686534000,0.3150447173594132
1629686564000,0.319769564251497
1629686594000,0.3164694561294337
1629686624000,0.3119448114823815
1629686654000,0.3157945270694864
1629686684000,0.31518402
1629686714000,0.3113508861229458
1629686744000,0.3212770024691358
1629686774000,0.3172400202179177
1629686804000,0.31212126
1629686834000,0.3125783244785276
1629686864000,0.3162857778450363
1629686894000,0.3106007051807229
1629686924000,0.31679115745454545
1629686954000,0.3170629784747848
1629686984000,0.3143638125528063
1629687014000,0.3167352301386377
1629687044000,0.3134555828087167
1629687074000,0.3127527504305043
1629687104000,0.31321103925925925
1629687134000,0.3135443359277709
1629687164000,0.3141556354779412
1629687194000,0.3155825382246377
1629687224000,0.31275808074800737
1629687254000,0.3132574965978129
1629687284000,0.3231988951444376
1629687314000,0.3228530160912454
1629687344000,0.31328107606943584
1629687374000,0.3167038378824969
1629687404000,0.3165734742312423
1629687434000,0.3167156606527093
1629687464000,0.3137694661330049
1629687494000,0.3132505318347509
1629687524000,0.3116650035474006
1629687554000,0.313921220074813
1629687584000,0.31521697314148683
1629687614000,0.31798928486882244
1629687644000,0.3167954204019489
1629687674000,0.3143439607099143
1629687704000,0.3094048267813268
1629687734000,0.3155396300434513
1629687764000,0.3165424910891089
1629687794000,0.3117271250614251
1629687824000,0.31451551645101666
1629687854000,0.3218390165962583
1629687884000,0.32172161266133986
1629687914000,0.3163544687154272
1629687944000,0.3195739926425506
1629687974000,0.31686991414868104
1629688004000,0.31643816740740743
1629688034000,0.3174174704251386
1629688064000,0.3220242650891211
1629688094000,0.31460062832019403
1629688124000,0.31251238627935723
1629688154000,0.3119904381795968
1629688184000,0.3113104378741601
1629688214000,0.31376312533992584
1629688244000,0.3169067874536465
1629688274000,0.3207045852941177
1629688304000,0.316604261561928
1629688334000,0.3167884516267649
1629688364000,0.314272045775076
1629688394000,0.3118619686658507
1629688424000,0.31482718297742524
1629688454000,0.3199689143208359
1629688484000,0.31347637150735297
1629688514000,0.3109891395136778
1629688544000,0.311908812636695
1629688574000,0.3122276869119421
1629688604000,0.3117634630826601
1629688634000,0.3130042731389578
1629688664000,0.3161868414135152
1629688694000,0.3175021274617737
1629688724000,0.31657786196840826
1629688754000,0.31728098383713754
1629688784000,0.3135882020556227
1629688814000,0.3158837605442177
1629688844000,0.3128329384044527
1629688874000,0.3177146227662179
1629688904000,0.31341753051869725
1629688934000,0.3127023051329623
1629688964000,0.3132667981807156
1629688994000,0.3128849268501529
1629689024000,0.3137020811042945
1629689054000,0.31656464987760097
1629689084000,0.3143545397755611
1629689114000,0.3173229124614436
1629689144000,0.3150665279240661
1629689174000,0.3149981951380552
1629689204000,0.3146743479927007
1629689234000,0.3177461635009311
1629689264000,0.3155553979865772
1629689294000,0.31409496401954795
1629689324000,0.3181023548758328
1629689354000,0.3118130873626373
1629689384000,0.3138392849756691
1629689414000,0.31333660222772275
1629689444000,0.3136097535098522
1629689474000,0.3142271624772313
1629689504000,0.3148310745721271
1629689534000,0.3119526306551298
1629689564000,0.3182629358024691
1629689594000,0.3182679744798041
1629689624000,0.3171824630153846
1629689654000,0.3113944347613219
1629689684000,0.3131801483536585
1629689714000,0.3134621361453202
1629689744000,0.31656224114391146
1629689774000,0.314280714763062
1629689804000,0.3162214971031986
1629689834000,0.3159079273337401
1629689864000,0.31685046968769137
1629689894000,0.3114185827458256
1629689924000,0.3149888506150061
1629689954000,0.3145314320559611
1629689984000,0.3143685846994536
1629690014000,0.31740883262195124
1629690044000,0.3171127481458967
1629690074000,0.31344917300123
1629690104000,0.3159637552727273
1629690134000,0.3197073513630731
1629690164000,0.31373266900121805
1629690194000,0.3165771297047971
1629690224000,0.3148089051234568
1629690254000,0.3149664738197425
1629690284000,0.31720229723756904
1629690314000,0.32139751819841755
1629690344000,0.31343507388105457
1629690374000,0.3192546660049628
1629690404000,0.31128195406060605
1629690434000,0.314333024922312
1629690464000,0.3165573412659769
1629690494000,0.3123667098381071
1629690524000,0.31362183039950065
1629690554000,0.3126341109202454
1629690584000,0.3132031720570013
1629690614000,0.3176487382754342
1629690644000,0.3111799082461538
1629690674000,0.31353112253776433
1629690704000,0.3119384135832821
1629690734000,0.3122705391383495
1629690764000,0.3169132839066339
1629690794000,0.2816941361453202
1629690824000,0.3144859559802713
1629690854000,0.31504392876213594
1629690884000,0.3136768157186544
1629690914000,0.3133714463164251
1629690944000,0.3099993165542612
1629690974000,0.3135479170929507
1629691004000,0.3139808067534077
1629691034000,0.3136649784671533
1629691064000,0.315231069562576
1629691094000,0.3124955356969697
1629691124000,0.31780799901112483
1629691154000,0.31352416969135805
1629691184000,0.31871195796217205
1629691214000,0.3115715240483384
1629691244000,0.3127956287292818
1629691274000,0.31834744242610835
1629691304000,0.3176599326993865
1629691334000,0.3122084874623267
1629691364000,0.31786190433213
1629691394000,0.3114841033573141
1629691424000,0.31557855959657694
1629691454000,0.31331235417185554
1629691484000,0.3116074843388178
1629691514000,0.3139814317194289
1629691544000,0.31256980585748795
1629691574000,0.3135469236618005
1629691604000,0.31338704649446497
1629691634000,0.3158704258745477
1629691664000,0.3133073209345794
1629691694000,0.3103255800742574
1629691724000,0.3134501822800496
1629691754000,0.3130371478099938
1629691784000,0.3185483343166767
1629691814000,0.31127226921182266
1629691844000,0.312658267607362
1629691874000,0.31428272775030897
1629691904000,0.3179798583690987
1629691934000,0.3178190762106537
1629691964000,0.3113953810794421
1629691994000,0.3166610074435631
1629692024000,0.3119002597938144
1629692054000,0.31345036130622306
1629692084000,0.3123799318265119
1629692114000,0.3128917606811146
1629692144000,0.3154305976477684
1629692174000,0.31951291482396543
1629692204000,0.3130963058787508
1629692234000,0.31569259633251834
1629692264000,0.3147413537804878
1629692294000,0.32077043360049323
1629692324000,0.3133901447109471
1629692354000,0.3143794583282859
1629692384000,0.31244298325213155
1629692414000,0.3183869090964591
1629692444000,0.3137699450738916
1629692474000,0.3205557145377129
1629692504000,0.3141434377289377
1629692534000,0.31235148762824383
1629692564000,0.3161802631192661
1629692594000,0.3126349839851024
1629692624000,0.31472175024660914
1629692654000,0.31563623515003064
1629692684000,0.31462447326732673
1629692714000,0.31432103986650484
1629692744000,0.32353660181378474
1629692774000,0.3160436277295285
1629692804000,0.312427747080292
1629692834000,0.3107984754830918
1629692864000,0.3135740806134969
1629692894000,0.31400003906346274
1629692924000,0.3133236474691358
1629692954000,0.31362674876431584
1629692984000,0.3174653998150432
1629693014000,0.3148145954100367
1629693044000,0.3215029357748184
1629693074000,0.3120670442936459
1629693104000,0.31617597363363364
1629693134000,0.3145062425717853
1629693164000,0.3179084787065284
1629693194000,0.3137916894080997
1629693224000,0.3168868181483752
1629693254000,0.31588069981628897
1629693284000,0.31297215488861385
1629693314000,0.3132014736284289
1629693344000,0.3117127830143541
1629693374000,0.31629247696078433
1629693404000,0.31810780474452555
1629693434000,0.3130372382846489
1629693464000,0.3146108660923077
1629693494000,0.3160533308302808
1629693524000,0.3156232545510836
1629693554000,0.31582340751694393
1629693584000,0.3152763059509203
1629693614000,0.3128033818126888
1629693644000,0.3167696253179891
1629693674000,0.31744604054545456
1629693704000,0.31557693655256724
1629693734000,0.3165883113453193
1629693764000,0.31777412691611345
1629693794000,0.31293471472239553
1629693824000,0.3110238931860037
1629693854000,0.3145077437200957
1629693884000,0.3229459525792417
1629693914000,0.3229855443899448
1629693944000,0.31426520812655084
1629693974000,0.31284804821208384
1629694004000,0.31736835052243395
1629694034000,0.3123900821363911
1629694064000,0.3139765555351682
1629694094000,0.3169509237144585
1629694124000,0.3132048151162791
1629694154000,0.31245859011124844
1629694184000,0.31702204945188794
1629694214000,0.3176822782878412
1629694244000,0.3147136269020085
1629694274000,0.3125300944410507
1629694304000,0.315600676376005
1629694334000,0.3117564218768679
1629694364000,0.3169574920644761
1629694394000,0.3177638819314641
1629694424000,0.3188838551703163
1629694454000,0.3171753052533993
1629694484000,0.3157830337854501
1629694514000,0.3141965849637681
1629694544000,0.3159428760631835
1629694574000,0.31842403473164715
1629694604000,0.3165818642013673
1629694634000,0.3228566644375
1629694664000,0.31361242342507645
1629694694000,0.3163622646846847
1629694724000,0.3125984440316687
1629694754000,0.31410556178614824
1629694784000,0.31849971312576314
1629694814000,0.3116655248458693
1629694844000,0.3176393101494396
1629694874000,0.31393318982219504
1629694904000,0.3155547756307692
1629694934000,0.3117145097708082
1629694964000,0.3132250339087546
1629694994000,0.31547214349148417
1629695024000,0.312717932985258
1629695054000,0.3126347577351485
1629695084000,0.31627656456692915
1629695114000,0.31729471947496946
1629695144000,0.3175999878712871
1629695174000,0.3181952596628537
1629695204000,0.315586117167382
1629695234000,0.31775151380981226
1629695264000,0.312467576908867
1629695294000,0.31199709112063684
1629695324000,0.31089445280487804
1629695354000,0.3163646409645909
1629695384000,0.3165822021937843
1629695414000,0.3119873116779349
1629695444000,0.3088451602595797
1629695474000,0.3151707877225292
1629695504000,0.31543896730178245
1629695534000,0.24995056606922125
1629695564000,0.3121377864799025
1629695594000,0.3169220108303249
1629695624000,0.32488240957381104
1629695654000,0.3176772466066066
1629695684000,0.3225239900491401
1629695714000,0.3145824255095738
1629695744000,0.3137315941993958
1629695774000,0.3187387216482165
1629695804000,0.3179173032727273
1629695834000,0.3231863057562768
1629695864000,0.3139084189644417
1629695894000,0.3119719849390244
1629695924000,0.3134629213064713
1629695954000,0.3186151670103093
1629695984000,0.31174592695652176
1629696014000,0.31169127448534006
1629696044000,0.3124499337363966
1629696074000,0.3125133099572389
1629696104000,0.3123795747518611
1629696134000,0.317957155772755
1629696164000,0.3120045791026429
1629696194000,0.3153315985854859
1629696224000,0.3182861810860281
1629696254000,0.31274379981696154
1629696284000,0.3195649747863248
1629696314000,0.315576263399879
1629696344000,0.3200157124002456
1629696374000,0.311816268313253
1629696404000,0.3177306279312462
1629696434000,0.3157270636083744
1629696464000,0.3106553645654835
1629696494000,0.31115408901985114
1629696524000,0.3216547009876543
1629696554000,0.3162820797648515
1629696584000,0.3145335288063337
1629696614000,0.3126792091245376
1629696644000,0.31907987695167284
1629696674000,0.31790467759155805
1629696704000,0.316288406372549
1629696734000,0.3217347270072993
1629696764000,0.3126814402227723
1629696794000,0.31495828851351354
1629696824000,0.3138848280096794
1629696854000,0.3143311061759201
1629696884000,0.31544485525507066
1629696914000,0.31607472940086473
1629696944000,0.3195993518677281
1629696974000,0.3137462316635745
1629697004000,0.31239868043076924
1629697034000,0.31238312320675105
1629697064000,0.3157539368038741
1629697094000,0.3159233808995687
1629697124000,0.3189073280733945
1629697154000,0.3115177522616137
1629697184000,0.3164658253250774
1629697214000,0.3179323001229256
1629697244000,0.3137442384292566
1629697274000,0.3136555140266022
1629697304000,0.3118638647384616
1629697334000,0.3199958717566729
1629697364000,0.3174253673321234
1629697394000,0.3114043628537026
1629697424000,0.3131156690184049
1629697454000,0.3183318095823096
1629697484000,0.3117935723885156
1629697514000,0.3124099577846154
1629697544000,0.3101494964371981
1629697574000,0.3170392407612032
1629697604000,0.31318641973929234
1629697634000,0.3152481427108434
1629697664000,0.3122992190300798
1629697694000,0.31642370006203474
1629697724000,0.3120412776484997
1629697754000,0.3202957105327618
1629697784000,0.3128362772397095
1629697814000,0.31199807088607595
1629697844000,0.3203725379076923
1629697874000,0.30962126974483595
1629697904000,0.31773868103658537
1629697934000,0.3201974794887401
1629697964000,0.3169264041640771
1629697994000,0.3142751361689107
1629698024000,0.3171717770072993
1629698054000,0.3164375883076923
1629698084000,0.3135631306973848
1629698114000,0.3192352329260843
1629698144000,0.3146739686999384
1629698174000,0.3135659892966361
1629698204000,0.31271345528554073
1629698234000,0.3165482808086904
1629698264000,0.31710027909638555
1629698294000,0.3114303536809816
1629698324000,0.31859806525735296
1629698354000,0.3179678378345499
1629698384000,0.3153134162112933
1629698414000,0.31152388332311465
1629698444000,0.3153461846060606
1629698474000,0.3154974403444035
1629698504000,0.3123049107473749
1629698534000,0.3156593394752898
1629698564000,0.3116002131466829
1629698594000,0.3128232197538461
1629698624000,0.3144976938309685
1629698654000,0.3166834801812689
1629698684000,0.3166484649909146
1629698714000,0.3159874018068536
1629698744000,0.3194182294665012
1629698774000,0.31305950161090457
1629698804000,0.3146683775090689
1629698834000,0.3193731404411765
1629698864000,0.31957660406553395
1629698894000,0.31645648757539196
1629698924000,0.3108371650336804
1629698954000,0.3120762989589712
1629698984000,0.3108705302469136
1629699014000,0.3184771539692308
1629699044000,0.3121613671586716
1629699074000,0.3118650952034001
1629699104000,0.3117217152905199
1629699134000,0.3160424756855576
1629699164000,0.3153547238503985
1629699194000,0.3165032273831208
1629699224000,0.31612120097919216
1629699254000,0.3173396701995013
1629699284000,0.3142315681763285
1629699314000,0.31685725525059666
1629699344000,0.3135417050617284
1629699374000,0.3138907166460396
1629699404000,0.3126491368955224
1629699434000,0.3184529270769231
1629699464000,0.3216558492428831
1629699494000,0.3178470696363636
1629699524000,0.3177709860635697
1629699554000,0.3170132046153846
1629699584000,0.3112071107055961
1629699614000,0.322207072887538
1629699644000,0.31438604621538463
1629699674000,0.31266752880733945
1629699704000,0.31803208188002474
1629699734000,0.3162403048628429
1629699764000,0.31667098483353884
1629699794000,0.3177835346200981
1629699824000,0.3172914931818182
1629699854000,0.3170217602739726
1629699884000,0.3149628165048544
1629699914000,0.3116372453276699
1629699944000,0.31313002306273063
1629699974000,0.3116255197815534
1629700004000,0.3128418311893204
1629700034000,0.31637850506406345
1629700064000,0.31423353355582523
1629700094000,0.31325261842900304
1629700124000,0.31674901931956256
1629700154000,0.3170610027190333
1629700184000,0.319875335591133
1629700214000,0.3154382710558252
1629700244000,0.3142645712600869
1629700274000,0.3130179951593137
1629700304000,0.31640482302070644
1629700334000,0.31811561217391304
1629700364000,0.31792785741656365
1629700394000,0.3147771585292345
1629700424000,0.31982070279850744
1629700454000,0.31169022083847103
1629700484000,0.3115050888141809
1629700514000,0.309443366302368
1629700544000,0.3133419981074481
1629700574000,0.3191114574534161
1629700604000,0.3160857808600848
1629700634000,0.3145518879341865
1629700664000,0.3170167495401594
1629700694000,0.3188631063414634
1629700724000,0.3181149138939671
1629700754000,0.3203323499070056
1629700784000,0.3144153766972477
1629700814000,0.3138239098300971
1629700844000,0.3136529079656863
1629700874000,0.3134136881230769
1629700904000,0.31225382387332523
1629700934000,0.3147997606191951
1629700964000,0.3123136644160584
1629700994000,0.31508634624384235
1629701024000,0.31243189065594057
1629701054000,0.3125913794334975
1629701084000,0.3127746840372671
1629701114000,0.31215999392097266
1629701144000,0.3140774888820639
1629701174000,0.3117679006045949
1629701204000,0.3121441436021831
1629701234000,0.3225113400872818
1629701264000,0.3105984290831815
1629701294000,0.3154453038153846
1629701324000,0.3121867153562653
1629701354000,0.3216425752926679
1629701384000,0.3106365601807229
1629701414000,0.31817256658476656
1629701444000,0.3110536388855239
1629701474000,0.31653194524103834
1629701504000,0.3114682336185819
1629701534000,0.31690727690461906
1629701564000,0.3148961600120992
1629701594000,0.3165035874695864
1629701624000,0.31514898704726824
1629701654000,0.31590047371290125
1629701684000,0.3178603444789082
1629701714000,0.3164768446965052
1629701744000,0.3147562612454655
1629701774000,0.3180440215087282
1629701804000,0.3139501726432533
1629701834000,0.3154778779204893
1629701864000,0.31638840413070285
1629701894000,0.31833397686703097
1629701924000,0.3123517781750925
1629701954000,0.3165291984088127
1629701984000,0.3143249824102252
1629702014000,0.31715055424354244
1629702044000,0.3139412333950617
1629702074000,0.3190133639827904
1629702104000,0.3209326819852941
1629702134000,0.3124380408732565
1629702164000,0.3226053887401096
1629702194000,0.31606452211421626
1629702224000,0.3116754613440197
1629702254000,0.3194524503359805
1629702284000,0.3132311051470588
1629702314000,0.31234391023765995
1629702344000,0.317892384252451
1629702374000,0.31526985
1629702404000,0.31740847731453103
1629702434000,0.3149785441104295
1629702464000,0.3170183221286831
1629702494000,0.3231640177831912
1629702524000,0.3131531482023157
1629702554000,0.3124150588779285
1629702584000,0.3163703710799268
1629702614000,0.317662590270936
1629702644000,0.3142040625
1629702674000,0.31364727681246257
1629702704000,0.3203171995127893
1629702734000,0.3136902588093806
1629702764000,0.3181441806393245
1629702794000,0.3116675098027127
1629702824000,0.3128220177468201
1629702854000,0.3161937078575813
1629702884000,0.31375616521476096
1629702914000,0.3162507320049049
1629702944000,0.31996949873417724
1629702974000,0.3151106338827839
1629703004000,0.31684683965623084
1629703034000,0.3128720995142684
1629703064000,0.31709655681818183
1629703094000,0.31232020609013394
1629703124000,0.31696235720496896
1629703154000,0.3171058530293941
1629703184000,0.3173911612058465
1629703214000,0.31244277346059113
1629703244000,0.3175906310030395
1629703274000,0.3156193344
1629703304000,0.3129916934186472
1629703334000,0.31252921082410823
1629703364000,0.3121045756083086
1629703394000,0.3155147762568141
1629703424000,0.31725596681034485
1629703454000,0.31394897139334155
1629703484000,0.31660875420503376
1629703514000,0.3125896746041413
1629703544000,0.31186005243676745
1629703574000,0.31509236865396434
1629703604000,0.31064774116575594
1629703634000,0.31626375034182724
1629703664000,0.31354902141527
1629703694000,0.3121166377722464
1629703724000,0.3181242624019312
1629703754000,0.31377271344743274
1629703784000,0.3125727371880706
1629703814000,0.3115720104912068
1629703844000,0.3176139880688807
1629703874000,0.3132235957868649
1629703904000,0.31848978039687315
1629703934000,0.3133469179122915
1629703964000,0.3173861473329246
1629703994000,0.3124972205454545
1629704024000,0.31396405501835983
1629704054000,0.314969017253949
1629704084000,0.3183341881846154
1629704114000,0.3113209934900543
1629704144000,0.3111068675824176
1629704174000,0.3142399299634592
1629704204000,0.3148641026862027
1629704234000,0.31701353928354586
1629704264000,0.31408347442563483
1629704294000,0.3162807500918555
1629704324000,0.31581232128315856
1629704354000,0.3128844276741293
1629704384000,0.3173401152469136
1629704414000,0.3112927010253317
1629704444000,0.3204839571601942
1629704474000,0.3121718697225573
1629704504000,0.3106388238066096
1629704534000,0.3120978447980416
1629704564000,0.3176563987616099
1629704594000,0.3125021105067985
1629704624000,0.31152450639853746
1629704654000,0.31284712615476906
1629704684000,0.3142624121905941
1629704714000,0.3129331454050786
1629704744000,0.3149605175651121
1629704774000,0.31917733593281344
1629704804000,0.3113600627463054
1629704834000,0.31533910588592234
1629704864000,0.3117436463144963
1629704894000,0.31417745586457074
1629704924000,0.31275931915407856
1629704954000,0.3130747805385557
1629704984000,0.313185979890644
1629705014000,0.3127871335174954
1629705044000,0.3102335718344657
1629705074000,0.3157335280615385
1629705104000,0.31554142031344184
1629705134000,0.3129744553165335
1629705164000,0.32157665375757577
1629705194000,0.31452898580060423
1629705224000,0.3129992037552998
1629705254000,0.3184028780625
1629705284000,0.3148743858809085
1629705314000,0.3149217885959534
1629705344000,0.3127787818346409
1629705374000,0.3124487457388105
1629705404000,0.31506114860853435
1629705434000,0.3114094954960438
1629705464000,0.3169201919050517
1629705494000,0.31158166108041746
1629705524000,0.31687835609152754
1629705554000,0.3127327313506815
1629705584000,0.311284394002448
1629705614000,0.3189025674968867
1629705644000,0.31265934585126004
1629705674000,0.31270751440149624
1629705704000,0.31894820995116
1629705734000,0.3164197126153846
1629705764000,0.3134424210942249
1629705794000,0.31177240104422604
1629705824000,0.32507453597560976
1629705854000,0.3139627743746187
1629705884000,0.3167400867235079
1629705914000,0.31654825910757944
1629705944000,0.31316731369524986
1629705974000,0.32060091858895706
1629706004000,0.31332864458560195
1629706034000,0.3137402935835351
1629706064000,0.3147758408980583
1629706094000,0.31558950762138904
1629706124000,0.31513998825357364
1629706154000,0.3148321720944686
1629706184000,0.3132278154271665
1629706214000,0.3153078374922792
1629706244000,0.31121611011649297
1629706274000,0.3134520995098039
1629706304000,0.3139252231744116
1629706334000,0.3219173928659287
1629706364000,0.3178238189794648
1629706394000,0.31249385428051
1629706424000,0.3156139751815981
1629706454000,0.31100131635372497
1629706484000,0.3168254665045593
1629706514000,0.3175501834567901
1629706544000,0.3175682406519065
1629706574000,0.31163941225728153
1629706604000,0.3110575475360577
1629706634000,0.3124050398165137
1629706664000,0.31354806200366525
1629706694000,0.3138894305487805
1629706724000,0.3129955827668456
1629706754000,0.320174180780964
1629706784000,0.3168747989010989
1629706814000,0.31367335419515224
1629706844000,0.3165314188609921
1629706874000,0.3166214277708593
1629706904000,0.31404064204334364
1629706934000,0.3135243472682627
1629706964000,0.3137590033796017
1629706994000,0.3133964730553827
1629707024000,0.3171207660493827
1629707054000,0.31286058182374543
1629707084000,0.3109022235185185
1629707114000,0.3139487262552934
1629707144000,0.3129148403039514
1629707174000,0.31241957988997554
1629707204000,0.31656630367872474
1629707234000,0.3225424688916105
1629707264000,0.31808172574074073
1629707294000,0.3114575194393662
1629707324000,0.3167262996941896
1629707354000,0.3124150694139194
1629707384000,0.3159606731242313
1629707414000,0.31845318111246945
1629707444000,0.3130776605893186
1629707474000,0.3119994292562999
1629707504000,0.31585253671116503
1629707534000,0.3154488655451713
1629707564000,0.3169782720344192
1629707594000,0.3127591786419753
1629707624000,0.31546369691096304
1629707654000,0.3127544080243161
1629707684000,0.3131591842980296
1629707714000,0.3220173427527406
1629707744000,0.3163901293040293
1629707774000,0.3158791279850746
1629707804000,0.31750477965998786
1629707834000,0.318620651143201
1629707864000,0.3154320626440267
1629707894000,0.3123283385826772
1629707924000,0.3170142092513695
1629707954000,0.31574776076732675
1629707984000,0.31813497648864336
1629708014000,0.3151610588199513
1629708044000,0.3143083222702036
1629708074000,0.3121392086092715
1629708104000,0.3131341542044767
1629708134000,0.3127764678982435
1629708164000,0.3130850431623932
1629708194000,0.3210493880373832
1629708224000,0.3157659104102878
1629708254000,0.3177360831917476
1629708284000,0.3178615716510904
1629708314000,0.3214198195679012
1629708344000,0.3229208186765615
1629708374000,0.3171353957952468
1629708404000,0.3155820044578313
1629708434000,0.3184084028484849
1629708464000,0.3186901201100245
1629708494000,0.3174222306609547
1629708524000,0.3167727901709402
1629708554000,0.3159797057352044
1629708584000,0.3145279034608379
1629708614000,0.3140108362310031
1629708644000,0.3181949653703704
1629708674000,0.316027052189781
1629708704000,0.319163753556231
1629708734000,0.3127588152615385
1629708764000,0.3119810268529769
1629708794000,0.3127356083798883
1629708824000,0.31148372903422983
1629708854000,0.3133759272727273
1629708884000,0.3108802205613179
1629708914000,0.315252729118541
1629708944000,0.3127230862216779
1629708974000,0.3125952210429448
1629709004000,0.3152414599878197
1629709034000,0.3171890029304029
1629709064000,0.31333619114774114
1629709094000,0.3138032941610326
1629709124000,0.3200427816625917
1629709154000,0.3138726635916359
1629709184000,0.31253059969567865
1629709214000,0.3127580888478127
1629709244000,0.31627044304029306
1629709274000,0.31282156577831616
1629709304000,0.3162648924004825
1629709334000,0.3121223305658057
1629709364000,0.311156859963548
1629709394000,0.31481711723095523
1629709424000,0.3133677771001867
1629709454000,0.31106724239854633
1629709484000,0.3154625908206687
1629709514000,0.3181582961986512
1629709544000,0.3174612585740627
1629709574000,0.3093930032179721
1629709604000,0.3150774851644941
1629709634000,0.3136338710297767
1629709664000,0.31368350865030675
1629709694000,0.3133189891941392
1629709724000,0.3134762458029197
1629709754000,0.3161397253649635
1629709784000,0.3158028505853358
1629709814000,0.3228216118509469
1629709844000,0.31250396672716274
1629709874000,0.3144243872584541
1629709904000,0.3151322598672299
1629709934000,0.3148794901730532
1629709964000,0.3123296388718578
1629709994000,0.3126870338280767
1629710024000,0.31382774919554457
1629710054000,0.3120929897530864
1629710084000,0.3178151710526316
1629710114000,0.3124225706315144
1629710144000,0.3126733586270872
1629710174000,0.3151684618870267
1629710204000,0.3132776060493827
1629710234000,0.3112799851897185
1629710264000,0.32118083329260844
1629710294000,0.31106082519542994
1629710324000,0.3108132153560372
1629710354000,0.31125889826946845
1629710384000,0.32091683203703697
1629710414000,0.3152611939877301
1629710444000,0.31058979665634673
1629710474000,0.3144209092980296
1629710504000,0.3169253888888889
1629710534000,0.3127221451851852
1629710564000,0.3138000451397327
1629710594000,0.32160468354898336
1629710624000,0.3183501441479685
1629710654000,0.31196837207317074
1629710684000,0.3191586120496894
1629710714000,0.3114987209667674
1629710744000,0.3117779815110565
1629710774000,0.3168167437192118
1629710804000,0.3178519880373832
1629710834000,0.32017630467404673
1629710864000,0.31714273859864783
1629710894000,0.3136381488400488
1629710924000,0.3216818074233129
1629710954000,0.3127438766747869
1629710984000,0.3133995289119804
1629711014000,0.3135243725015142
1629711044000,0.3117229327607362
1629711074000,0.3143449467850582
1629711104000,0.31202768161543104
1629711134000,0.31366617363580623
1629711164000,0.3166536652439024
1629711194000,0.31334232858017136
1629711224000,0.3107748956177724
1629711254000,0.3113613294478528
1629711284000,0.3088474601700061
1629711314000,0.3128145181708785
1629711344000,0.3143610135787568
1629711374000,0.3199801164741641
1629711404000,0.32221840907418764
1629711434000,0.313578469371568
1629711464000,0.3187092728009981
1629711494000,0.3149903683466503
1629711524000,0.31292717731510256
1629711554000,0.3160796967105263
1629711584000,0.3160518287418008
1629711614000,0.31281753345771146
1629711644000,0.31812483904996913
1629711674000,0.3133672980711272
1629711704000,0.317322211178986
1629711734000,0.3167985918604651
1629711764000,0.31611235908536583
1629711794000,0.3115814751975684
1629711824000,0.31147061179706603
1629711854000,0.2507883663372452
1629711884000,0.24951337764705886
1629711914000,0.3123329614576899
1629711944000,0.3108793429436705
1629711974000,0.3120817476997579
1629712004000,0.31564510642813826
1629712034000,0.3117272522538553
1629712064000,0.3149011194564546
1629712094000,0.3167231429274293
1629712124000,0.31298343018404906
1629712154000,0.3118773971934106
1629712214000,0.31179426584766584
1629712184000,0.31690991900369003
1629712244000,0.3175450379926109
1629712274000,0.31262424426732066
1629712304000,0.3160260282381829
1629712334000,0.3158550573971762
1629712364000,0.3181799654478976
1629712394000,0.3128570365254757
1629712424000,0.31288522852760736
1629712454000,0.3151455785625775
1629712484000,0.3114905984261501
1629712514000,0.312892275169858
1629712544000,0.3173848172622653
1629712574000,0.3157475946229913
1629712604000,0.31711955825659915
1629712634000,0.31121656017369725
1629712664000,0.3166243258795468
1629712694000,0.31119637579075426
1629712724000,0.31333333773584904
1629712754000,0.3158512908588957
1629712784000,0.3144826537654321
1629712814000,0.31358855642727823
1629712844000,0.3128479726829269
1629712874000,0.3131018795188156
1629712904000,0.31263602158536585
1629712934000,0.3166840323874152
1629712964000,0.3125053879310345
1629712994000,0.3132833473197782
1629713024000,0.3135797085158151
1629713054000,0.30964556913730257
1629713084000,0.3125653336956521
1629713114000,0.3135062087170043
1629713144000,0.31176561812161346
1629713174000,0.3157974461959829
1629713204000,0.3088997097329377
1629713234000,0.3139520993932039
1629713264000,0.3123099906553398
1629713294000,0.3152764264778325
1629713324000,0.3133690623550946
1629713354000,0.31579773780940595
1629713384000,0.31603194892174985
1629713414000,0.318241482052858
1629713444000,0.3171826611714976
1629713474000,0.31463162428658165
1629713504000,0.3137204116336634
1629713534000,0.31469853193174896
1629713564000,0.3169969335411471
1629713594000,0.3127815306422018
1629713624000,0.3125547800740284
1629713654000,0.31682901103117506
1629713684000,0.3116287202970297
1629713714000,0.3112242405707196
1629713744000,0.31753823543165466
1629713774000,0.31211573806333737
1629713804000,0.3111969251076923
1629713834000,0.3133689438083385
1629713864000,0.31125654819792303
1629713894000,0.3136959280120482
1629713924000,0.31808333003039513
1629713954000,0.3142883432029795
1629713984000,0.31584265206407885
1629714014000,0.3150888208798017
1629714044000,0.3125743786448881
1629714074000,0.3148943252313387
1629714104000,0.31566652303370785
1629714134000,0.3128295201840491
1629714164000,0.3176285459392437
1629714194000,0.3142901244065733
1629714224000,0.3183163976420798
1629714254000,0.3140190653196622
1629714284000,0.3098156508956146
1629714314000,0.31798128325213154
1629714344000,0.313506659497549
1629714374000,0.3128428401741293
1629714404000,0.3182596368355995
1629714434000,0.3167954289864029
1629714464000,0.3189190304968944
1629714494000,0.3127061332315211
1629714524000,0.31797922616243024
1629714554000,0.3133503954826733
1629714584000,0.3143861874303406
1629714614000,0.31396654679408137
1629714644000,0.3133396769371568
1629714674000,0.3123028765287214
1629714704000,0.3159736934487021
1629714734000,0.3127152575183374
1629714764000,0.3121950660832831
1629714794000,0.31614122274678114
1629714824000,0.3112752406403941
1629714854000,0.3138480320194057
1629714884000,0.3172181292800968
1629714914000,0.3231585658312958
1629714944000,0.31316479165109035
1629714974000,0.31241700692826485
1629715004000,0.3143687167574108
1629715034000,0.3114050844187462
1629715064000,0.31418129833846153
1629715094000,0.3126946468268638
1629715124000,0.3136245060218978
1629715154000,0.31234999697153243
1629715184000,0.3168690093406593
1629715214000,0.3169209601372427
1629715244000,0.31780058047589993
1629715274000,0.3131719540872772
1629715304000,0.31781470536467754
1629715334000,0.3125185053145999
1629715364000,0.317187623039807
1629715394000,0.3142481247410116
1629715424000,0.3126616673182651
1629715454000,0.3148175216963737
1629715484000,0.3176436297247706
1629715514000,0.31542122713414633
1629715544000,0.31379386582043345
1629715574000,0.312863344601227
1629715604000,0.3131078111662531
1629715634000,0.2500416209215442
1629715664000,0.314155458136646
1629715694000,0.3114334021393643
1629715724000,0.3129534130195599
1629715754000,0.3120295949879227
1629715784000,0.3143402171655467
1629715814000,0.3142405314461538
1629715844000,0.3135455373413897
1629715874000,0.3113039957512315
1629715904000,0.31360834876390603
1629715934000,0.3148070459046455
1629715964000,0.3166241241252302
1629715994000,0.3169304716958358
1629716024000,0.3179418035953687
1629716054000,0.3154533049969531
1629716084000,0.3164195022853613
1629716114000,0.3127017648942598
1629716144000,0.3157747357624005
1629716174000,0.31757864604707303
1629716204000,0.3170047671132765
1629716234000,0.3164216539449541
1629716264000,0.3140120093220339
1629716294000,0.31371986056860324
1629716324000,0.3143457192615385
1629716354000,0.3135109535911602
1629716384000,0.31544384837522993
1629716414000,0.3176592945345345
1629716444000,0.3138133635644769
1629716474000,0.3116031829865361
1629716504000,0.3163438088057901
1629716534000,0.31844570142238715
1629716564000,0.32392378527272725
1629716594000,0.3228896517747858
1629716624000,0.3165808613904407
1629716654000,0.3112660146060606
1629716684000,0.3126930713312693
1629716714000,0.3179419561852529
1629716744000,0.3166524653309047
1629716774000,0.3149413
1629716804000,0.31152422660158635
1629716834000,0.31680114739423665
1629716864000,0.3142287191580232
1629716894000,0.31279662319461443
1629716924000,0.3159787877959927
1629716954000,0.3157918523375835
1629716984000,0.3169590364873222
1629717014000,0.30986462738815
1629717044000,0.3167184006101281
1629717074000,0.3173197221615058
1629717104000,0.3138408844827586
1629717134000,0.31393521355721393
1629717164000,0.31418227506024105
1629717194000,0.3124942763546798
1629717224000,0.31179481622125543
1629717254000,0.3131504673006135
1629717284000,0.3205448580845771
1629717314000,0.31624355405735205
1629717344000,0.31576013571869216
1629717374000,0.31519169553243576
1629717404000,0.3172519383281734
1629717434000,0.31163868944174755
1629717464000,0.3140091031726663
1629717494000,0.3182807815197569
1629717524000,0.3119200369391518
1629717554000,0.31451185621921185
1629717584000,0.31512405955528844
1629717614000,0.31381725568459656
1629717644000,0.3123009538321168
1629717674000,0.3170090363196126
1629717704000,0.314807887454324
1629717734000,0.3131223737584304
1629717764000,0.31569124915048546
1629717794000,0.3182830877942999
1629717824000,0.3215125939449541
1629717854000,0.3161189926506024
1629717884000,0.3133356076640098
1629717914000,0.3125807335144928
1629717944000,0.3149866155596556
1629717974000,0.3176284687461396
1629718004000,0.31914870753424657
1629718034000,0.3194412539839407
1629718064000,0.31501578964677224
1629718094000,0.3170079538370018
1629718124000,0.3169955898232785
1629718154000,0.3139440995101041
1629718184000,0.3191903309246785
1629718214000,0.3110726785498489
1629718244000,0.3178253083023544
1629718274000,0.31392140622304376
1629718304000,0.3141172805250305
1629718334000,0.3116135657458564
1629718364000,0.3151347561922366
1629718394000,0.31524632013505216
1629718424000,0.3172700926918392
1629718454000,0.31175714039167685
1629718484000,0.3171717889232673
1629718514000,0.31808972688766113
1629718544000,0.318244940625
1629718574000,0.3204187645631068
1629718604000,0.32268564504950503
1629718634000,0.3126885630078836
1629718664000,0.3229863459826947
1629718694000,0.3198796761904762
1629718724000,0.3140229104347826
1629718754000,0.3109242053874092
1629718784000,0.3117842404645477
1629718814000,0.31810613443311336
1629718844000,0.3126054651035323
1629718874000,0.31267131248447205
1629718904000,0.3143783249847282
1629718934000,0.31134432693236713
1629718964000,0.3121293331068561
1629718994000,0.3145956577177177
1629719024000,0.31582885941140404
1629719054000,0.317634676578786
1629719084000,0.3104919833743842
1629719114000,0.3192500028083028
1629719144000,0.31693559639364305
1629719174000,0.31519785333745365
1629719204000,0.3183725246105919
1629719234000,0.3157680683667274
1629719264000,0.3119663091898428
1629719294000,0.3127852148079306
1629719324000,0.31228103156269305
1629719354000,0.3139653458590853
1629719384000,0.3116885423543689
1629719414000,0.3132624511273613
1629719444000,0.3172437466302368
1629719474000,0.31484738472906404
1629719504000,0.312507259566787
1629719534000,0.3207276632432433
1629719564000,0.3131247377495463
1629719594000,0.3177433970749543
1629719624000,0.31643128355421685
1629719654000,0.31480113957317074
1629719684000,0.31718603458737865
1629719714000,0.3113661214069133
1629719744000,0.3115983899938987
1629719774000,0.31580279659231725
1629719804000,0.31382013889908256
1629719834000,0.31449035567765565
1629719864000,0.31263184491783325
1629719894000,0.3121946388716677
1629719924000,0.31375857925336603
1629719954000,0.31370374723587224
1629719984000,0.3113265665447897
1629720014000,0.31632719388379205
1629720044000,0.31779814867365824
1629720074000,0.3126320498186215
1629720104000,0.31270353105134474
1629720134000,0.31627502504615385
1629720164000,0.3185650993861265
1629720194000,0.3125472381707317
1629720224000,0.3116631173543689
1629720254000,0.31186724216718265
1629720284000,0.3164264691831683
1629720314000,0.3127761687422935
1629720344000,0.31132713940886697
1629720374000,0.3127483841691843
1629720404000,0.322657447166362
1629720434000,0.3129856802361715
1629720464000,0.320529517675841
1629720494000,0.3125195960904093
1629720524000,0.3115016273716012
1629720554000,0.3154080313810111
1629720584000,0.3164480795468463
1629720614000,0.3120962068098159
1629720644000,0.3170997530574429
1629720674000,0.3171789345633456
1629720704000,0.312830576092233
1629720734000,0.3112697154506438
1629720764000,0.3158405916312917
1629720794000,0.31242796420281
1629720824000,0.3114401434436275
1629720854000,0.31632451028781383
1629720884000,0.3106267286581664
1629720914000,0.3154651135644769
1629720944000,0.31242606423357666
1629720974000,0.3133538409062694
1629721004000,0.31376118115763546
1629721034000,0.32011303537993924
1629721064000,0.3095835250303767
1629721094000,0.3123569916361416
1629721124000,0.3113528595410628
1629721154000,0.3139456790810157
1629721184000,0.3172991691651432
1629721214000,0.3132348007926829
1629721244000,0.3186813586484811
1629721274000,0.3127017936931474
1629721304000,0.3157011313032887
1629721334000,0.3093308522001206
1629721364000,0.3126778616707617
1629721394000,0.320966898453927
1629721424000,0.3154036380864197
1629721454000,0.3104610675061425
1629721484000,0.3138156694427434
1629721514000,0.3175297725776965
1629721544000,0.3078972039274924
1629721574000,0.3146933850061958
1629721604000,0.3137034441661576
1629721634000,0.31452090659008464
1629721664000,0.3198104953163017
1629721694000,0.3103144565773447
1629721724000,0.3187381308348568
1629721754000,0.3160347987226277
1629721784000,0.31636368396051817
1629721814000,0.3141809545342381
1629721844000,0.3202502822853688
1629721874000,0.3130077999378882
1629721904000,0.3208621384101942
1629721934000,0.3181645536258379
1629721964000,0.31809524683544305
1629721994000,0.31891360862913104
1629722024000,0.3145272568140521
1629722054000,0.3105617253250774
1629722084000,0.3119543323011536
1629722114000,0.3178632798176292
1629722144000,0.3122064190881459
1629722174000,0.3112727197802197
1629722204000,0.31486508421052634
1629722234000,0.3122050181155015
1629722264000,0.31227227285539216
1629722294000,0.3127831529976019
1629722324000,0.3130857011642157
1629722354000,0.3162594173674589
1629722384000,0.31569544002455496
1629722414000,0.311792708046683
1629722444000,0.3167592475060827
1629722474000,0.3118256015911873
1629722504000,0.31222841562306264
1629722534000,0.3173476771940668
1629722564000,0.3093874844132029
1629722594000,0.31059813
1629722624000,0.31666908338442673
1629722654000,0.3125624021551724
1629722684000,0.31724006239263797
1629722714000,0.3202941070719603
1629722744000,0.3190032038083538
1629722774000,0.3114135317102861
1629722804000,0.3141571041846154
1629722834000,0.31662619250153656
1629722864000,0.31254523501557635
1629722894000,0.31629031618004866
1629722924000,0.3074353906174334
1629722954000,0.3193691077591558
1629722984000,0.31331656263125385
1629723014000,0.31479039558645705
1629723044000,0.3133121213496933
1629723074000,0.3119648097264437
1629723104000,0.3150392836520666
1629723134000,0.314670845
1629723164000,0.3143937616891065
1629723194000,0.3124520749849669
1629723224000,0.3198154703955501
1629723254000,0.31873197156019656
1629723284000,0.3131694469150886
1629723314000,0.3172846238410596
1629723344000,0.3124791422912858
1629723374000,0.31327791714975844
1629723404000,0.3208883033618582
1629723434000,0.3153887768715764
1629723464000,0.3133734196840826
1629723494000,0.3125720465088039
1629723524000,0.3124428172181373
1629723554000,0.3168294824308063
1629723584000,0.31331579153153155
1629723614000,0.31126472504581554
1629723644000,0.3137289865182437
1629723674000,0.3095669901234568
1629723704000,0.3127262026086957
1629723734000,0.3176842243510507
1629723764000,0.31707401354679804
1629723794000,0.3155567231370192
1629723824000,0.31684843820293396
1629723854000,0.31552080354037265
1629723884000,0.31950171486736584
1629723914000,0.3115403348640484
1629723944000,0.3178249754027261
1629723974000,0.3143439404978749
1629724004000,0.31503966229408176
1629724034000,0.31318878348736906
1629724064000,0.3167170339209727
1629724094000,0.3128939196681008
1629724124000,0.3123710091240876
1629724154000,0.31842177314356435
1629724184000,0.3187907113184829
1629724214000,0.3204664542559706
1629724244000,0.3205102055623472
1629724274000,0.3198024485051861
1629724304000,0.3178410778328173
1629724334000,0.3116161882098765
1629724364000,0.3125966858002407
1629724394000,0.31660498443908325
1629724424000,0.3115347067673716
1629724454000,0.3198131251526252
1629724484000,0.3130908187537448
1629724514000,0.3139705305860806
1629724544000,0.31154835465187924
1629724574000,0.321813547758406
1629724604000,0.31700458708891593
1629724634000,0.3120745425030979
1629724664000,0.3133430890920171
1629724694000,0.3111365007859734
1629724724000,0.3138459917224589
1629724754000,0.3166199462576687
1629724784000,0.3137668622061483
1629724814000,0.3165054972560976
1629724844000,0.32015127589123865
1629724874000,0.31342257261261264
1629724904000,0.32060652719950433
1629724934000,0.32015555623441394
1629724964000,0.3109751150887574
1629724994000,0.31273988188976376
1629725024000,0.3159538231796116
1629725054000,0.3162133888753799
1629725084000,0.31335275924344114
1629725114000,0.31273696938902745
1629725144000,0.32201266791411043
1629725174000,0.3150804133654425
1629725204000,0.3164725734231476
1629725234000,0.31255717912561576
1629725264000,0.3175897540690505
1629725294000,0.3126710387553913
1629725324000,0.3201159927955665
1629725354000,0.3146292904790419
1629725384000,0.3153602509034268
1629725414000,0.31287769470158344
1629725444000,0.314319924270073
1629725474000,0.3181810588056063
1629725504000,0.3160938315375303
1629725534000,0.31261719553072626
1629725564000,0.3120486576219512
1629725594000,0.30510202042424245
1629725624000,0.31587733026396564
1629725654000,0.3188404216381418
1629725684000,0.315134871419866
1629725714000,0.312517905615942
1629725744000,0.31175224135384616
1629725774000,0.3145442600613497
1629725804000,0.3157249526894865
1629725834000,0.3149711144856969
1629725864000,0.3161656633004926
1629725894000,0.31956193363914376
1629725924000,0.3152543289684991
1629725954000,0.3225420289890378
1629725984000,0.3122444732298137
1629726014000,0.31292176036809816
1629726044000,0.3115385075183374
1629726074000,0.3166196379289216
1629726104000,0.3108495086556169
1629726134000,0.3170933486305539
1629726164000,0.3174084983526541
1629726194000,0.31233568363187153
1629726224000,0.3168623214330218
1629726254000,0.3179754452307692
1629726284000,0.3128391217712177
1629726314000,0.32048666916923074
1629726344000,0.31777930991990144
1629726374000,0.317566250243309
1629726404000,0.3125102721948212
1629726434000,0.31296843605651103
1629726464000,0.3117645762484775
1629726494000,0.3091512002430133
1629726524000,0.31273690241785496
1629726554000,0.31361813327294685
1629726584000,0.3126313064063453
1629726614000,0.3135361302197802
1629726644000,0.3138469633312996
1629726674000,0.3128058851485149
1629726704000,0.31465944332712603
1629726734000,0.3117765148034398
1629726764000,0.3180307372392638
1629726794000,0.3122586506127451
1629726824000,0.3209572136224801
1629726854000,0.3132607802089736
1629726884000,0.31337189152227723
1629726914000,0.31372563159828537
1629726944000,0.3188062506231454
1629726974000,0.31113590763125765
1629727004000,0.318016862974112
1629727034000,0.3166832209359606
1629727064000,0.3190603807692308
1629727094000,0.3125719016304348
1629727124000,0.31275438069427525
1629727154000,0.3154179351135666
1629727184000,0.31988515484848484
1629727214000,0.3158886967623702
1629727244000,0.3227162301394785
1629727274000,0.3167935155596556
1629727304000,0.3140254305590062
1629727334000,0.31256874735221674
1629727364000,0.3122065361702128
1629727394000,0.3133475993898719
1629727424000,0.314522846961326
1629727454000,0.3138110353695785
1629727484000,0.31264963177627536
1629727514000,0.31310178218497825
1629727544000,0.31185306853793954
1629727574000,0.31860273691358026
1629727604000,0.3153143541205412
1629727634000,0.31690524658536584
1629727664000,0.3128017666045934
1629727694000,0.3163985100861009
1629727724000,0.3135771814725407
1629727754000,0.3135570633190447
1629727784000,0.3158998887941535
1629727814000,0.3163816533986528
1629727844000,0.3118689269069069
1629727874000,0.3179181021978022
1629727904000,0.3217440673369896
1629727934000,0.3134918611076923
1629727964000,0.3229972077109897
1629727994000,0.2672689505521472
1629728024000,0.3169334510795805
1629728054000,0.3147244451770452
1629728084000,0.31291096293365794
1629728114000,0.3160817334365325
1629728144000,0.3127504398052343
1629728174000,0.31594434554815265
1629728204000,0.3134379217846154
1629728234000,0.31197526177199497
1629728264000,0.3132985103067485
1629728294000,0.3124241792097264
1629728324000,0.3180351157116451
1629728354000,0.3134594087591241
1629728384000,0.3161202601462523
1629728414000,0.3184022632127529
1629728444000,0.3112348555487431
1629728474000,0.3164064963308458
1629728504000,0.3128140084043849
1629728534000,0.3151497407588739
1629728564000,0.3154967141641337
1629728594000,0.3130462917425622
1629728624000,0.3128993053211009
1629728654000,0.3127022828800989
1629728684000,0.3146485745565749
1629728714000,0.311246994499382
1629728744000,0.3130308973365617
1629728774000,0.3134348793357933
1629728804000,0.31086628781694503
1629728834000,0.31269154963636364
1629728864000,0.31300188342474106
1629728894000,0.3189113099437148
1629728924000,0.3152316597919217
1629728954000,0.3135958978461538
1629728984000,0.31339196986469864
1629729014000,0.31609579426129425
1629729044000,0.3142036555281037
1629729074000,0.3208941338554217
1629729104000,0.31759725840386943
1629729134000,0.3125142542240863
1629729164000,0.3158848747091243
1629729194000,0.3179045128063725
1629729224000,0.3097777634042553
1629729254000,0.31742883576779024
1629729284000,0.31262347537993923
1629729314000,0.31910086570197044
1629729344000,0.31260720909649664
1629729374000,0.3173749150371287
1629729404000,0.31750828366485834
1629729434000,0.31787958846869185
1629729464000,0.3184248626400996
1629729494000,0.3107465697632058
1629729524000,0.3141477149362477
1629729554000,0.3121728145756458
1629729584000,0.3175562022208513
1629729614000,0.31280878014397123
1629729644000,0.3113741545623836
1629729674000,0.3158803617391304
1629729704000,0.31335010457596096
1629729734000,0.3170729800609756
1629729764000,0.3124432746898263
1629729794000,0.3119399370024876
1629729824000,0.3168634438423645
1629729854000,0.32100658515151514
1629729884000,0.3126444751237624
1629729914000,0.31330010753214943
1629729944000,0.31278803050951504
1629729974000,0.3130161227662179
1629730004000,0.3133097586121437
1629730034000,0.2505166591549296
1629730064000,0.31380715525339925
1629730094000,0.31601188477466496
1629730124000,0.31254868315217393
1629730154000,0.31208542939729395
1629730184000,0.3128886410334347
1629730214000,0.3120069801687764
1629730244000,0.3166812403444034
1629730274000,0.3171952864160097
1629730304000,0.31326741997556506
1629730334000,0.31082009353264184
1629730364000,0.31155730424757283
1629730394000,0.31323140000000005
1629730424000,0.3158809009041592
1629730454000,0.3238151349845201
1629730484000,0.3178634911547912
1629730514000,0.31486650525997584
1629730544000,0.3169151677203648
1629730574000,0.31673939329192546
1629730604000,0.3150825980487805
1629730634000,0.31493040629199753
1629730664000,0.3128099829957029
1629730694000,0.31107624019607844
1629730724000,0.3076178993975904
1629730754000,0.3112427954545455
1629730784000,0.3145091512789281
1629730814000,0.3168309514569126
1629730844000,0.3137319867030965
1629730874000,0.3128513790528233
1629730904000,0.3156873142504627
1629730934000,0.3092428128004808
1629730964000,0.3121476200121286
1629730994000,0.3181169117719191
1629731024000,0.31344730786724034
1629731054000,0.31231990279805355
1629731084000,0.3133711600248293
1629731114000,0.3129541305053026
1629731144000,0.3125994658536585
1629731174000,0.3157701967223253
1629731204000,0.31230693187152564
1629731234000,0.3127591649208283
1629731264000,0.31403637090687764
1629731294000,0.3154130836532508
1629731324000,0.3118258681762546
1629731354000,0.32044612193468885
1629731384000,0.3194043220980757
1629731414000,0.3131750812538414
1629731444000,0.3054881401948843
1629731474000,0.3090780631291692
1629731504000,0.31249940383189123
1629731534000,0.3124497581238504
1629731564000,0.3100252315725562
1629731594000,0.3122567768625076
1629731624000,0.3169902345579079
1629731654000,0.31628283671586715
1629731684000,0.3131024131578947
1629731714000,0.31630439182577563
1629731744000,0.31353928524283936
1629731774000,0.3138549930477964
1629731804000,0.31569000707317074
1629731834000,0.3138333092298288
1629731864000,0.31240019681177195
1629731894000,0.31632312741836105
1629731924000,0.3188857659442724
1629731954000,0.3139812517712865
1629731984000,0.3135466792765175
1629732014000,0.3171015306097561
1629732044000,0.3183657502138057
1629732074000,0.3182679329447853
1629732104000,0.3139773594011976
1629732134000,0.3111294050671551
1629732164000,0.3197486175577157
1629732194000,0.31469719297597043
1629732224000,0.31312369237339843
1629732254000,0.3120177692496925
1629732284000,0.3182376369645043
1629732314000,0.3170995144657863
1629732344000,0.3177637655828221
1629732374000,0.3163167327532629
1629732404000,0.3119042781707317
1629732434000,0.3169179928615767
1629732464000,0.31214954002440515
1629732494000,0.3135455434622468
1629732524000,0.3119262589428396
1629732554000,0.3123360599752934
1629732584000,0.31681379569436025
1629732614000,0.3193491237298637
1629732644000,0.3135829546398046
1629732674000,0.3206967876155268
1629732704000,0.3076311818615752
1629732734000,0.31244527749691736
1629732764000,0.3133318104141291
1629732794000,0.3213258013019219
1629732824000,0.3184242139178418
1629732854000,0.3137806892090742
1629732884000,0.31224102431610945
1629732914000,0.317440334981685
1629732944000,0.3190951936104218
1629732974000,0.3172036044593769
1629733004000,0.31409674441031943
1629733034000,0.31241510876762724
1629733064000,0.3106052705421687
1629733094000,0.31466962936507936
1629733124000,0.3218209426904177
1629733154000,0.3121580504221954
1629733184000,0.3087398119879518
1629733214000,0.3122686420630019
1629733244000,0.3123863408951563
1629733274000,0.31869485785627283
1629733304000,0.3171538901226994
1629733334000,0.3125231127892813
1629733364000,0.3167983649230769
1629733394000,0.3174499444715944
1629733424000,0.3175061082191781
1629733454000,0.3146875642331288
1629733484000,0.3173353021604938
1629733514000,0.3137478593844297
1629733544000,0.3173341579629629
1629733574000,0.31226128216911764
1629733604000,0.3149846577421345
1629733634000,0.31486004525547445
1629733664000,0.3128828156479217
1629733694000,0.3127750627233518
1629733724000,0.3148930064398542
1629733754000,0.3159968406364749
1629733784000,0.31067764743985193
1629733814000,0.31292169813664594
1629733844000,0.3113862197278912
1629733874000,0.3132071105360444
1629733904000,0.3126653772081532
1629733934000,0.31250052697929354
1629733964000,0.31200226207744314
1629733994000,0.31765272676399026
1629734024000,0.3141350191980559
1629734054000,0.3121275319188192
1629734084000,0.31232093955500617
1629734114000,0.31704865033887863
1629734144000,0.3123412458660229
1629734174000,0.31667950861650485
1629734204000,0.31712376787025703
1629734234000,0.3155611718654434
1629734264000,0.31598935154130703
1629734294000,0.3248680126829268
1629734324000,0.3228049416821274
1629734354000,0.3118519526315789
1629734384000,0.31855928854868343
1629734414000,0.3164780350119904
1629734444000,0.31597440993214065
1629734474000,0.3157943405240707
1629734504000,0.31600619163614163
1629734534000,0.3096868786268657
1629734564000,0.31188961507263924
1629734594000,0.3141667347906404
1629734624000,0.31181869582309585
1629734654000,0.3159107760449158
1629734684000,0.3117236125770654
1629734714000,0.3201192152173913
1629734744000,0.3114549274665043
1629734774000,0.31337867677261616
1629734804000,0.3163802591651543
1629734834000,0.3126216808588957
1629734864000,0.3135554425518925
1629734894000,0.3138733535582822
1629734924000,0.3169407873230769
1629734954000,0.3116063602548544
1629734984000,0.31590774476709016
1629735014000,0.3176711230861965
1629735044000,0.3136810282035561
1629735074000,0.31039148645394343
1629735104000,0.3168012922982132
1629735134000,0.3131895033374537
1629735164000,0.3168850003061849
1629735194000,0.3213528805933251
1629735224000,0.3142729809638554
1629735254000,0.3173278871810449
1629735284000,0.3191513513795218
1629735314000,0.3142441438574939
1629735344000,0.3165292312807882
1629735374000,0.3187988167496887
1629735404000,0.31662552266340865
1629735434000,0.3127824026442308
1629735464000,0.3152574819852941
1629735494000,0.3176727380952381
1629735524000,0.3125640032608696
1629735554000,0.3095841630806846
1629735584000,0.3168934646060606
1629735614000,0.31333936876895085
1629735644000,0.3144050061151079
1629735674000,0.313126745018226
1629735704000,0.31254999242516807
1629735734000,0.3128521086638194
1629735764000,0.3110550421865349
1629735794000,0.311894138337469
1629735824000,0.3163067881918819
1629735854000,0.3184481823600973
1629735884000,0.3135455148170732
1629735914000,0.3136459716444982
1629735944000,0.3121230049727107
1629735974000,0.31280628180124226
1629736004000,0.3129233283792049
1629736034000,0.3164220581551619
1629736064000,0.3129806445259939
1629736094000,0.3116193696156193
1629736124000,0.3119816523048556
1629736154000,0.3083332809123649
1629736184000,0.3121883348438457
1629736214000,0.3162434185070944
1629736244000,0.31186853212974297
1629736274000,0.32477496879094697
1629736304000,0.3209819838414634
1629736334000,0.3123673426739927
1629736364000,0.31199364984690753
1629736394000,0.31642647340686275
1629736424000,0.3127463872507553
1629736454000,0.3171205441354293
1629736484000,0.3145722455596107
1629736514000,0.3116845208536585
1629736544000,0.3120882282098765
1629736574000,0.3126026413004214
1629736604000,0.32082354042027195
1629736634000,0.3169492845629262
1629736664000,0.3184713410790926
1629736694000,0.3140731135705669
1629736724000,0.3171945973716381
1629736754000,0.3142380153005465
1629736784000,0.31708147326007324
1629736814000,0.313118051599016
1629736844000,0.3152392516544117
1629736874000,0.31398565018404906
1629736904000,0.3081582479304139
1629736934000,0.3147948183098592
1629736964000,0.3202064068434032
1629736994000,0.3137512398403929
1629737024000,0.31264145674676525
1629737054000,0.3167017786537296
1629737084000,0.3119094622504537
1629737114000,0.31034344021608645
1629737144000,0.3186346680606061
1629737174000,0.31808445501519755
1629737204000,0.3119772548387097
1629737234000,0.3134523011779293
1629737264000,0.316966875746496
1629737294000,0.3196923848391089
1629737324000,0.3167985191722459
1629737354000,0.3170554810334347
1629737384000,0.3202957437654321
1629737414000,0.3164735765894237
1629737444000,0.31321345860148514
1629737474000,0.3162738494775661
1629737504000,0.32276611661594645
1629737534000,0.3149308630461923
1629737564000,0.3183997238657551
1629737594000,0.3139805469375379
1629737624000,0.3149300566072526
1629737654000,0.3153347435133457
1629737684000,0.3160721538697789
1629737714000,0.3176095848203222
1629737744000,0.3184294620817844
1629737774000,0.3224623108225108
1629737804000,0.31677483776824034
1629737834000,0.31681591139705884
1629737864000,0.3158823533575318
1629737894000,0.3127449329504232
1629737924000,0.31857811635027555
1629737954000,0.31630516672828096
1629737984000,0.3129083949223417
1629738014000,0.3225877586313193
1629738044000,0.31662234776951675
1629738074000,0.3136690407452657
1629738104000,0.31293256521219365
1629738134000,0.3157924808536585
1629738164000,0.31505509532019704
1629738194000,0.31919169426433913
1629738224000,0.31584121212675204
1629738254000,0.3147271456151035
1629738284000,0.3160961907060953
1629738314000,0.3132637781268882
1629738344000,0.3201335315854411
1629738374000,0.31783752855384617
1629738404000,0.3124676751985339
1629738434000,0.31538206368580063
1629738464000,0.3166625095353048
1629738494000,0.31499284140435835
1629738524000,0.31521809705705706
1629738554000,0.3137418572130141
1629738584000,0.31949170024390244
1629738614000,0.31832439592843925
1629738644000,0.3151901906593407
1629738674000,0.3141613732480195
1629738704000,0.3129441033561218
1629738734000,0.3196172581873112
1629738764000,0.3122040565003081
1629738794000,0.3173539744810745
1629738824000,0.3169749401608911
1629738854000,0.31208948419753085
1629738884000,0.31136632258454106
1629738914000,0.3175904400243309
1629738944000,0.3126289140547264
1629738974000,0.31437842914147524
1629739004000,0.3124742101212121
1629739034000,0.311298582635468
1629739064000,0.31215521686893205
1629739094000,0.3178662992102065
1629739124000,0.3153168948702101
1629739154000,0.3191520401360544
1629739184000,0.31365103636363634
1629739214000,0.312900498860228
1629739244000,0.3123756668295663
1629739274000,0.3167982445321993
1629739304000,0.311154367866005
1629739334000,0.3148575531498471
1629739364000,0.316181485687847
1629739394000,0.31373848670309656
1629739424000,0.3112892651191204
1629739454000,0.3112744878436164
1629739484000,0.31368131813153044
1629739514000,0.31544008781383953
1629739544000,0.3168130370918053
1629739574000,0.3167623130541872
1629739604000,0.3123594698228467
1629739634000,0.3125439227023737
1629739664000,0.31389659871559633
1629739694000,0.3120477171463564
1629739724000,0.3112326272558714
1629739754000,0.3208339627450981
1629739784000,0.3199535797553517
1629739814000,0.31766385774390243
1629739844000,0.3210857255770431
1629739874000,0.3124123106032907
1629739904000,0.31452582701080434
1629739934000,0.3122585034566404
1629739964000,0.3119340122311002
1629739994000,0.3126882043990087
1629740024000,0.3157706215119853
1629740054000,0.3147793242553191
1629740084000,0.31753120284653463
1629740114000,0.31979517467572577
1629740144000,0.3104045089625537
1629740174000,0.3153895983725136
1629740204000,0.3160639810712112
1629740234000,0.3178270687766281
1629740264000,0.3120793982153846
1629740294000,0.3136360332119004
1629740324000,0.313003990615289
1629740354000,0.3147747510116493
1629740384000,0.3121972113776138
1629740414000,0.31752838885486834
1629740444000,0.31739684252733896
1629740474000,0.3134103150744417
1629740504000,0.3173773425015557
1629740534000,0.3153413886281589
1629740564000,0.3140015669305725
1629740594000,0.3177464178614824
1629740624000,0.31988557634342185
1629740654000,0.3151619889993785
1629740684000,0.3148492775597793
1629740714000,0.3210610663196571
1629740744000,0.31280436705237513
1629740774000,0.3135997404307692
1629740804000,0.3168496130514706
1629740834000,0.3108893755729795
1629740864000,0.31265173707317073
1629740894000,0.3114722603647416
1629740924000,0.3128015795031056
1629740954000,0.3212619917883212
1629740984000,0.3110669881070984
1629741014000,0.3124459981389578
1629741044000,0.3124070904043452
1629741074000,0.3152709346409173
1629741104000,0.31967794023485785
1629741134000,0.3148578669122161
1629741164000,0.31767938291021675
1629741194000,0.3129470723181258
1629741224000,0.3208172164485981
1629741254000,0.31640309486552565
1629741284000,0.3219732295731707
1629741314000,0.3202331287042777
1629741344000,0.3122704636532508
1629741374000,0.31857706598258706
1629741404000,0.3164497026044821
1629741434000,0.31993053128797083
1629741464000,0.3182627101571947
1629741494000,0.3203167801938219
1629741524000,0.31335494203076925
1629741554000,0.3210698770794824
1629741584000,0.3119315171463564
1629741614000,0.3110555639423077
1629741644000,0.31550519419035844
1629741674000,0.3104216723181258
1629741704000,0.3203447794669897
1629741734000,0.3175343649969825
1629741764000,0.31800454209558826
1629741794000,0.3165561412727273
1629741824000,0.3210455063530849
1629741854000,0.3149260322201608
1629741884000,0.3171215816969697
1629741914000,0.3149258180656934
1629741944000,0.3190443658388855
1629741974000,0.3112032021289537
1629742004000,0.3168281566176471
1629742034000,0.3143705205487805
1629742064000,0.31448691565900844
1629742094000,0.31206881439069195
1629742124000,0.31363306478445657
1629742154000,0.3191140309046752
1629742184000,0.31781639520295196
1629742214000,0.3195479367126575
1629742244000,0.317072285021225
1629742274000,0.3177331323656578
1629742304000,0.3126177355214724
1629742334000,0.31196723411693794
1629742364000,0.3130004052825553
1629742394000,0.3150536575442883
1629742424000,0.3155436126535627
1629742454000,0.32007217938271604
1629742484000,0.3102220568829594
1629742514000,0.3133848367773678
1629742544000,0.3216941879876161
1629742574000,0.3174586611590629
1629742604000,0.3108552317266626
1629742634000,0.32192621439759034
1629742664000,0.3182048267080745
1629742694000,0.31543680424615383
1629742724000,0.3118512974722565
1629742754000,0.31750333425925925
1629742784000,0.3209811559093693
1629742814000,0.3174104888613861
1629742844000,0.3224534220651506
1629742874000,0.3193076187730061
1629742904000,0.3076794332530121
1629742934000,0.3120744629719854
1629742964000,0.3152133135233475
1629742994000,0.3168328910583942
1629743024000,0.3131757400613497
1629743054000,0.3138251998129676
1629743084000,0.3111730924482339
1629743114000,0.3164593976615385
1629743144000,0.311777701937046
1629743174000,0.31470034465370594
1629743204000,0.3146929556985294
1629743234000,0.3133366779181709
1629743264000,0.3126857482483097
1629743294000,0.3172296656326034
1629743324000,0.30933131517367457
1629743354000,0.31415424367396594
1629743384000,0.31887147039999997
1629743414000,0.3173834690797546
1629743444000,0.31271890519637463
1629743474000,0.3134261596608116
1629743504000,0.3121924109681373
1629743534000,0.31207214654545457
1629743564000,0.31252614402985074
1629743594000,0.3118026560753341
1629743624000,0.3150353233616505
1629743654000,0.3118458372891566
1629743684000,0.3117264470979444
1629743714000,0.3112151463519313
1629743744000,0.3167406972906404
1629743774000,0.31441010905752753
1629743804000,0.31860241848164284
1629743834000,0.3187759691167387
1629743864000,0.312630458235657
1629743894000,0.3174978373044525
1629743924000,0.3176149072516758
1629743954000,0.3187849767182663
1629743984000,0.3140929650909091
1629744014000,0.3172123055896806
1629744044000,0.31262899754601225
1629744074000,0.31438394100545125
1629744104000,0.31658790545454546
1629744134000,0.31515890352155435
1629744164000,0.3165675289441748
1629744194000,0.3150798135168196
1629744224000,0.3122740240889438
1629744254000,0.31589786699266503
1629744284000,0.3172157558011049
1629744314000,0.3118264161016949
1629744344000,0.3107399918330309
1629744374000,0.31320908202179176
1629744404000,0.3118907135365854
1629744434000,0.3123682829433497
1629744464000,0.31727531612507665
1629744494000,0.3139014926888217
1629744524000,0.3130988437614121
1629744554000,0.3171927948874011
1629744584000,0.3123027539072039
1629744614000,0.3125876471848225
1629744644000,0.31707528913834954
1629744674000,0.316414022576761
1629744704000,0.3181302583075973
1629744734000,0.3112390645239539
1629744764000,0.31230442
1629744794000,0.3171801084043849
1629744824000,0.3126460415094339
1629744854000,0.3199120845348121
1629744884000,0.3178547382477341
1629744914000,0.3203004161916313
1629744944000,0.31745431227106224
1629744974000,0.3116354135531135
1629745004000,0.31523915314215983
1629745034000,0.31623244845869297
1629745064000,0.318297553898097
1629745094000,0.3172244722154223
1629745124000,0.3128746448318043
1629745154000,0.3205150230533415
1629745184000,0.3139841396379526
1629745214000,0.3124868425211097
1629745244000,0.31263977847478475
1629745274000,0.31725264076317383
1629745304000,0.31660691419902914
1629745334000,0.3136887885285285
1629745364000,0.31851140414381474
1629745394000,0.31539786058041114
1629745424000,0.3121677258302583
1629745454000,0.31302007391041164
1629745484000,0.31149539569436024
1629745514000,0.3121186920924574
1629745544000,0.3123877867866005
1629745574000,0.3188177683605566
1629745604000,0.3158037629233512
1629745634000,0.3160859316616314
1629745664000,0.3117682232530121
1629745694000,0.3124977146135265
1629745724000,0.3123678184914842
1629745754000,0.311340002678028
1629745784000,0.3110582634615385
1629745814000,0.3180592210909091
1629745844000,0.3254112315918869
1629745874000,0.3751080128423616
1629745904000,0.37469112392489395
1629745934000,0.370872471577655
1629745964000,0.3748015418829209
1629745994000,0.3745195223100304
1629746024000,0.32690907207593384
1629746054000,0.3148477854445797
1629746084000,0.3116202167184587
1629746114000,0.3164668367801858
1629746144000,0.31823727097772275
1629746174000,0.3172855993834772
1629746204000,0.3119028825166364
1629746234000,0.3136867848999393
1629746264000,0.3181606070987654
1629746294000,0.3175197356489945
1629746324000,0.3145955883270911
1629746354000,0.3152847172181373
1629746384000,0.32047783488231746
1629746414000,0.3172504135749385
1629746444000,0.3140945522332506
1629746474000,0.3121320326418548
1629746504000,0.3154558472019465
1629746534000,0.3122774388278388
1629746564000,0.3147439342751843
1629746594000,0.3177337941212121
1629746624000,0.3167339162691131
1629746654000,0.3124576992583437
1629746684000,0.3117515976234004
1629746714000,0.3163657475168608
1629746744000,0.3124935968303294
1629746774000,0.31328991519219035
1629746804000,0.3177207888206388
1629746834000,0.3129560347349177
1629746864000,0.3127879447834045
1629746894000,0.3124546310638298
1629746924000,0.31019597515151515
1629746954000,0.313598253428042
1629746984000,0.308392851120533
1629747014000,0.3167301974201474
1629747044000,0.31315870500305065
1629747074000,0.3140622540740741
1629747104000,0.3117534226023213
1629747134000,0.3132979814678899
1629747164000,0.2499760044923077
1629747194000,0.31217653794587946
1629747224000,0.314695862180268
1629747254000,0.3109822199392097
1629747284000,0.3149556162361624
1629747314000,0.3130541902930403
1629747344000,0.316420593226601
1629747374000,0.3110242628815629
1629747404000,0.31342643075506443
1629747434000,0.3130194864799026
1629747464000,0.3161441653703704
1629747494000,0.31730906519903496
1629747524000,0.31236750326153845
1629747554000,0.3131196716224553
1629747584000,0.3160810526769231
1629747614000,0.3125841961046866
1629747644000,0.3147966270420792
1629747674000,0.3156348259170174
1629747704000,0.31581063134603565
1629747734000,0.31388280287286063
1629747764000,0.30992625307739186
1629747794000,0.3118416374924653
1629747824000,0.3115499616321559
1629747854000,0.3133699321010475
1629747884000,0.3167358576875769
1629747914000,0.3131775734061931
1629747944000,0.3185822498778999
1629747974000,0.3231039079656863
1629748004000,0.31817875998770745
1629748034000,0.3179047893120393
1629748064000,0.31801241639042355
1629748094000,0.3163973313895781
1629748124000,0.3153308691785052
1629748154000,0.3126018609622412
1629748184000,0.3127827354661792
1629748214000,0.3199548240831296
1629748244000,0.3126288689570552
1629748274000,0.3141509951444376
1629748304000,0.3119939627427185
1629748334000,0.31787234505952383
1629748364000,0.3155650200846945
1629748394000,0.31946732296296304
1629748424000,0.3129578420863309
1629748454000,0.31439279926650365
1629748484000,0.32042746216707024
1629748514000,0.3139662215956809
1629748544000,0.3167593191304348
1629748574000,0.3191775254914005
1629748604000,0.31654123103030296
1629748634000,0.3150818696656535
1629748664000,0.31866047702620354
1629748694000,0.3124992035350509
1629748724000,0.3144783264978382
1629748754000,0.3139279888145897
1629748784000,0.3190897276780186
1629748814000,0.31224728035824584
1629748844000,0.3189954420263789
1629748874000,0.3195607671855541
1629748904000,0.31928585526641884
1629748934000,0.31244692838749233
1629748964000,0.3131614542102028
1629748994000,0.3170878433070866
1629749024000,0.3149635116408669
1629749054000,0.3137089105691057
1629749084000,0.3130704781517748
1629749114000,0.3115268427603204
1629749144000,0.3175824348907767
1629749174000,0.31304225413580244
1629749204000,0.3131011383628589
1629749234000,0.3172698608404385
1629749264000,0.31174771647416416
1629749294000,0.31441040469512194
1629749324000,0.3106705439440049
1629749354000,0.32177519332917703
1629749384000,0.3185230142426071
1629749414000,0.3150801416206261
1629749444000,0.31473993791208793
1629749474000,0.3141680999386503
1629749504000,0.3191931430310408
1629749534000,0.3221367577063107
1629749564000,0.3151171357318573
1629749594000,0.31630604197303924
1629749624000,0.31365449465695205
1629749654000,0.31804861007990165
1629749684000,0.314473262252846
1629749714000,0.3176748141887724
1629749744000,0.3126861821103699
1629749774000,0.31130722791116444
1629749804000,0.31264987
1629749834000,0.3123645665852169
1629749864000,0.3160181269812462
1629749894000,0.3154476847230676
1629749924000,0.3150121185714286
1629749954000,0.3132507916262136
1629749984000,0.3144526525122549
1629750014000,0.31686056878862795
1629750044000,0.3133427142326733
1629750074000,0.3131151314145744
1629750104000,0.3170438495726496
1629750134000,0.3128786098391089
1629750164000,0.3153699115737906
1629750194000,0.3165028483792049
1629750224000,0.3174098086028066
1629750254000,0.3162063198529412
1629750284000,0.3124422581238504
1629750314000,0.3171193354780517
1629750344000,0.3150986249084249
1629750374000,0.31768357740763176
1629750404000,0.3128958338868389
1629750434000,0.31492810665009324
1629750464000,0.30940908125
1629750494000,0.3159858899521531
1629750524000,0.3123079405637255
1629750554000,0.31353865851715684
1629750584000,0.3134513798521257
1629750614000,0.3111940372871046
1629750644000,0.3141845747040499
1629750674000,0.3206328694789082
1629750704000,0.3110499237575757
1629750734000,0.31382422646514496
1629750764000,0.3129589361662531
1629750794000,0.31294147536496353
1629750824000,0.314361773053528
1629750854000,0.31297364451294696
1629750884000,0.313383060995086
1629750914000,0.32252193636915605
1629750944000,0.3198395906134969
1629750974000,0.3174449381010347
1629751004000,0.3192536057856273
1629751034000,0.3220535668719212
1629751064000,0.3157188601840491
1629751094000,0.31338216790582396
1629751124000,0.3157390403345725
1629751154000,0.31671683996339234
1629751184000,0.3161094183229813
1629751214000,0.3108302504819277
1629751244000,0.319093452208589
1629751274000,0.3142433859214501
1629751304000,0.3128828152854512
1629751334000,0.3151165582867784
1629751364000,0.3111930080733945
1629751394000,0.31218364114391145
1629751424000,0.3118317229115479
1629751454000,0.3137371456118665
1629751484000,0.30792411473812425
1629751514000,0.3130686692493947
1629751544000,0.31144221153374235
1629751574000,0.3170326881635143
1629751604000,0.31413335472849296
1629751634000,0.3160024551305404
1629751664000,0.3139230215158924
1629751694000,0.3166998918951859
1629751724000,0.3114880492914356
1629751754000,0.3171591039143731
1629751784000,0.3124040998769231
1629751814000,0.31290779044389644
1629751844000,0.31572444606811145
1629751874000,0.3161354825978869
1629751904000,0.3124913419692308
1629751934000,0.31503034071601943
1629751964000,0.31285073167701866
1629751994000,0.3122178454767726
1629752024000,0.3123471044072005
1629752054000,0.3161221061557031
1629752084000,0.3142289776427704
1629752114000,0.3136314634959852
1629752144000,0.3169607225274725
1629752174000,0.31605110372820205
1629752204000,0.3203036440978593
1629752234000,0.3136869906193626
1629752264000,0.3198573153892944
1629752294000,0.3169876165030675
1629752324000,0.3096504852189781
1629752354000,0.3173479543014033
1629752384000,0.316471902398524
1629752414000,0.3143862627863777
1629752444000,0.3169525604468599
1629752474000,0.3108698406941951
1629752504000,0.31644346701667697
1629752534000,0.312398849270073
1629752564000,0.3130585253365973
1629752594000,0.31277536140672785
1629752624000,0.3121108786020846
1629752654000,0.315363017603912
1629752684000,0.3134702376146789
1629752714000,0.3157543510253317
1629752744000,0.31419228666666665
1629752774000,0.32044950958565244
1629752804000,0.3151149953060012
1629752834000,0.3121987078115313
1629752864000,0.3120514676613885
1629752894000,0.31241225954987834
1629752924000,0.31299241061728394
1629752954000,0.3121505697336562
1629752984000,0.3094435986536108
1629753014000,0.31692531539416513
1629753044000,0.31779249083181543
1629753074000,0.3189112828500925
1629753104000,0.31737576160000003
1629753134000,0.3109231308814589
1629753164000,0.3136125666052793
1629753194000,0.3210684995681678
1629753224000,0.3138792609500308
1629753254000,0.3223857132017273
1629753284000,0.3183306371654501
1629753314000,0.3120474424477612
1629753344000,0.31957674211491444
1629753374000,0.31215406944617297
1629753404000,0.3183208433230769
1629753434000,0.3251332270501836
1629753464000,0.3171283303975535
1629753494000,0.3127077178484108
1629753524000,0.31414368171641793
1629753554000,0.3138539507007922
1629753584000,0.3144140789793439
1629753614000,0.3134140633601984
1629753644000,0.3148709116819572
1629753674000,0.3128555018564356
1629753704000,0.3166071620584653
1629753734000,0.3156122001236094
1629753764000,0.31674132811929395
1629753794000,0.3133580644295302
1629753824000,0.3118614835985312
1629753854000,0.3135234248783455
1629753884000,0.3137338813067151
1629753914000,0.3111455798153846
1629753944000,0.31204715505205144
1629753974000,0.3114859746765249
1629754004000,0.3118089893101305
1629754034000,0.3168871656019656
1629754064000,0.31584221597347806
1629754094000,0.31922068831572403
1629754124000,0.3170185983476132
1629754154000,0.3183050426299694
1629754184000,0.3137223292667899
1629754214000,0.3156416228059333
1629754244000,0.31723487587064675
1629754274000,0.3126440536196319
1629754304000,0.3085006121670702
1629754334000,0.31770699197344604
1629754364000,0.3164557269323672
1629754394000,0.3150745731242313
1629754424000,0.31327508408262456
1629754454000,0.3120904839559094
1629754484000,0.3122551764385221
1629754514000,0.3124086080615385
1629754544000,0.3127051733496333
1629754574000,0.3125196225985222
1629754604000,0.3161988006727829
1629754634000,0.3132983388105457
1629754664000,0.3143662732057416
1629754694000,0.31333015027829314
1629754724000,0.3183620046441496
1629754754000,0.3164084893009119
1629754784000,0.31528001532258065
1629754814000,0.3180052193257074
1629754844000,0.3196083972956361
1629754874000,0.32188916318981203
1629754904000,0.3176339993247391
1629754934000,0.3155015077628362
1629754964000,0.31199762029161604
1629754994000,0.3193138214805825
1629755024000,0.31702613046153844
1629755054000,0.3149074296809151
1629755084000,0.3183896022629969
1629755114000,0.3219620272673031
1629755144000,0.3224484443022547
1629755174000,0.3178563090133983
1629755204000,0.31797555913846154
1629755234000,0.313658268398533
1629755264000,0.317043815592388
1629755294000,0.3127891638428484
1629755324000,0.3112023529126214
1629755354000,0.31733883254658385
1629755384000,0.3176040556303549
1629755414000,0.3166618801115242
1629755444000,0.3138259106971154
1629755474000,0.3112490932881773
1629755504000,0.3182635773470624
1629755534000,0.3141355678287462
1629755564000,0.31486051414752114
1629755594000,0.3185522563816605
1629755624000,0.31883603024096385
1629755654000,0.3180934641916168
1629755684000,0.31635010024906607
1629755714000,0.3120122733621755
1629755744000,0.31339382878973104
1629755774000,0.31302680402726146
1629755804000,0.3133483656174334
1629755834000,0.3119812468884781
1629755864000,0.3194920064990803
1629755894000,0.31303889387135925
1629755924000,0.31063839105295193
1629755954000,0.3115459892597087
1629755984000,0.31227051731008715
1629756014000,0.3179290528177458
1629756044000,0.3095173109756097
1629756074000,0.32529694097651424
1629756104000,0.3152310316181029
1629756134000,0.3165583654358354
1629756164000,0.31109971920048457
1629756194000,0.3144521763335377
1629756224000,0.31214880306748466
1629756254000,0.3162153728667895
1629756284000,0.3172020099628713
1629756314000,0.3201923217575758
1629756344000,0.31819997232472325
1629756374000,0.31550154133333336
1629756404000,0.3194197805942996
1629756434000,0.31497275098522165
1629756464000,0.313256776427256
1629756494000,0.3122239147671569
1629756524000,0.3118043483591331
1629756554000,0.31271079900249377
1629756584000,0.3125838419950739
1629756614000,0.31313666853793953
1629756644000,0.3151846625752106
1629756674000,0.3115094544108575
1629756704000,0.3156538679291387
1629756734000,0.3118357304054054
1629756764000,0.3157970898648649
1629756794000,0.3130833260896255
1629756824000,0.3168098823057953
1629756854000,0.3134384702933985
1629756884000,0.3118522326219512
1629756914000,0.3163765257965686
1629756944000,0.3136317912538226
1629756974000,0.3178307137523335
1629757004000,0.31615544978619425
1629757034000,0.31191393003708284
1629757064000,0.3132929724628713
1629757094000,0.3129687473781616
1629757124000,0.3156239295151515
1629757154000,0.3151179433846154
1629757184000,0.3094596978749241
1629757214000,0.3160229975256488
1629757244000,0.3163391136281042
1629757274000,0.31748772723926383
1629757304000,0.31629970452046424
1629757334000,0.3119388807923169
1629757364000,0.31519580218579235
1629757394000,0.3152424589123867
1629757424000,0.3133654156441717
1629757454000,0.31516007322834644
1629757484000,0.31267530987730063
1629757514000,0.3162653184079602
1629757544000,0.31103182779827804
1629757574000,0.3143660169834457
1629757604000,0.3170721024645718
1629757634000,0.3161645889509621
1629757664000,0.3167782357318573
1629757694000,0.3118524684881603
1629757724000,0.3211137518925519
1629757754000,0.31363853664634145
1629757784000,0.3131708875
1629757814000,0.3132960363247863
1629757844000,0.31583113015479874
1629757874000,0.3152646204671174
1629757904000,0.3117475660692213
1629757934000,0.3138453602832512
1629757964000,0.3128108168082524
1629757994000,0.3127224762168823
1629758024000,0.3163318346409173
1629758054000,0.31687023192771085
1629758084000,0.31186744247246023
1629758114000,0.3162781371905941
1629758144000,0.3208591179375
1629758174000,0.3186647136809816
1629758204000,0.3163790104412679
1629758234000,0.31452075821624925
1629758264000,0.3112356469586375
1629758294000,0.31567198386503065
1629758324000,0.31541204512789284
1629758354000,0.3165986311435523
1629758384000,0.325713242039801
1629758414000,0.3129437789765721
1629758444000,0.30888897959682343
1629758474000,0.3123701029084158
1629758504000,0.31527866309597524
1629758534000,0.3167767061743341
1629758564000,0.3165292567600487
1629758594000,0.3128320180218447
1629758624000,0.3140482830730793
1629758654000,0.3131075098340504
1629758684000,0.3120422156154317
1629758714000,0.3137377221752266
1629758744000,0.3111369822954823
1629758774000,0.3214222172101449
1629758804000,0.3166753137742718
1629758834000,0.32252092323049003
1629758864000,0.31730115
1629758894000,0.31286804318042816
1629758924000,0.3228998126984127
1629758954000,0.31300159386879217
1629758984000,0.31529991348039216
1629759014000,0.3121691089735711
1629759044000,0.31391199987752605
1629759074000,0.3141700447080292
1629759104000,0.31805761858190706
1629759134000,0.3147821712804878
1629759164000,0.3230736963235294
1629759194000,0.3179907580625383
1629759224000,0.31601559957754977
1629759254000,0.3125876989414695
1629759284000,0.31202989082624544
1629759314000,0.3200339867602197
1629759344000,0.31196673743085435
1629759374000,0.3129450471744472
1629759404000,0.3160484748007357
1629759434000,0.3174390143564356
1629759464000,0.3160083098980204
1629759494000,0.32111240364647714
1629759524000,0.3130097391547545
1629759554000,0.31783124747413266
1629759584000,0.3157972943757726
1629759614000,0.31250418270999386
1629759644000,0.31557362515451176
1629759674000,0.3155540146609652
1629759704000,0.312227666047088
1629759734000,0.3168014170042971
1629759764000,0.3120380062461727
1629759794000,0.31467514651019146
1629759824000,0.3203365883850932
1629759854000,0.31863824703703697
1629759884000,0.3123622100305811
1629759914000,0.3185363814268143
1629759944000,0.3115469674177832
1629759974000,0.3138929955159705
1629760004000,0.3207893314748201
1629760034000,0.31819976375305625
1629760064000,0.3153031086769231
1629760094000,0.3136695619163129
1629760124000,0.3128803266871166
1629760154000,0.3213594365973072
1629760184000,0.3174027307173513
1629760214000,0.3179325841620626
1629760244000,0.3122707186813187
1629760274000,0.3126631296454768
1629760304000,0.3204896282674772
1629760334000,0.3181930611144761
1629760364000,0.3164787563183475
1629760394000,0.313227986307311
1629760424000,0.3133918241087613
1629760454000,0.31173597582349283
1629760484000,0.314002892979243
1629760514000,0.3170092981673793
1629760544000,0.3171676503726708
1629760574000,0.3160886024479804
1629760604000,0.3114409150447761
1629760634000,0.31183254679012345
1629760664000,0.316329276301286
1629760694000,0.31587794347560977
1629760724000,0.31447871487553125
1629760754000,0.3144447870169082
1629760784000,0.31011383958460603
1629760814000,0.3112455551470588
1629760844000,0.3204238889437925
1629760874000,0.3138727828850856
1629760904000,0.31860467269993986
1629760934000,0.32020733199268736
1629760964000,0.31749183846153844
1629760994000,0.3176455561928005
1629761024000,0.3195335881084412
1629761054000,0.3127860278287462
1629761084000,0.31150839981583794
1629761114000,0.31362904759586124
1629761144000,0.3111564802311436
1629761174000,0.3124609508277131
1629761204000,0.31592968413878564
1629761234000,0.31407859778597785
1629761264000,0.3151099076685219
1629761294000,0.3162301669891173
1629761324000,0.3201094693099273
1629761354000,0.3184953681705809
1629761384000,0.3164246296092796
1629761414000,0.3155219618226601
1629761444000,0.31584722627427186
1629761474000,0.31881040333131433
1629761504000,0.3121461486519608
1629761534000,0.3138633579586877
1629761564000,0.3135928851648352
1629761594000,0.3131340140350877
1629761624000,0.3162876457055215
1629761654000,0.3120468580864197
1629761684000,0.31564703462224863
1629761714000,0.312018949031477
1629761744000,0.3194966971267957
1629761774000,0.31192098890243897
1629761804000,0.3181072528945765
1629761834000,0.3175054695151515
1629761864000,0.31900275220908525
1629761894000,0.31708199945222154
1629761924000,0.3134507278769231
1629761954000,0.32396291797892124
1629761984000,0.31670622963870176
1629762014000,0.3129158443436177
1629762044000,0.32068250392986697
1629762074000,0.3156155206979543
1629762104000,0.3133766083950617
1629762134000,0.3153370865942029
1629762164000,0.3147248903846154
1629762194000,0.3167573174496645
1629762224000,0.31296232928483353
1629762254000,0.3143254476857491
1629762284000,0.3205539130246914
1629762314000,0.3124834371515152
1629762344000,0.3132550706939281
1629762374000,0.31846525832824896
1629762404000,0.3136088810746269
1629762434000,0.3153809985872236
1629762464000,0.3137146678039702
1629762494000,0.3138338675460123
1629762524000,0.3118243843937575
1629762554000,0.3168041954572986
1629762584000,0.3151480704918033
1629762614000,0.3135555802453988
1629762644000,0.32051409273846154
1629762674000,0.3131322390605686
1629762704000,0.31710448274143305
1629762734000,0.3137782921568628
1629762764000,0.3176664364783654
1629762794000,0.3125708512345679
1629762824000,0.3165618422034919
1629762854000,0.31139979969567866
1629762884000,0.3116903706937799
1629762914000,0.3159532484146341
1629762944000,0.3157585513496933
1629762974000,0.3134612633272617
1629763004000,0.3207438542626011
1629763034000,0.31788134523663186
1629763064000,0.3159715988052569
1629763094000,0.31382797182320443
1629763124000,0.3178150001237624
1629763154000,0.3139707582781457
1629763184000,0.3140149214329083
1629763214000,0.3121086441518677
1629763244000,0.3177006152667076
1629763274000,0.31701074107683
1629763304000,0.3156724937160121
1629763334000,0.3105424786273329
1629763364000,0.3113070423960273
1629763394000,0.3120132525423729
1629763424000,0.3122181009146341
1629763454000,0.3160159097785978
1629763484000,0.31172450006093844
1629763514000,0.3134317987819732
1629763544000,0.3098004980168269
1629763574000,0.3126946882712279
1629763604000,0.31240509756691
1629763634000,0.3170634050337631
1629763664000,0.3110880903284671
1629763694000,0.3098925112332112
1629763724000,0.3129299035206918
1629763754000,0.3196544526970954
1629763784000,0.3161919965410747
1629763814000,0.3106948117359413
1629763844000,0.3164023223391089
1629763874000,0.3102650796428572
1629763904000,0.31183370600247523
1629763934000,0.31402819524382897
1629763964000,0.3079983151715834
1629763994000,0.3136995417076167
1629764024000,0.3160773824613555
1629764054000,0.3154290613325031
1629764084000,0.31365412415048544
1629764114000,0.3139037121341464
1629764144000,0.3120647313487242
1629764174000,0.3159227891198044
1629764204000,0.31859916658476656
1629764234000,0.3158511385276074
1629764264000,0.31804345097799513
1629764294000,0.31468010370599137
1629764324000,0.3197245338858195
1629764354000,0.3119799074141049
1629764384000,0.31141969786194257
1629764414000,0.31684550889159563
1629764444000,0.3112948727550397
1629764474000,0.3187543750155376
1629764504000,0.3119270925354719
1629764534000,0.3112505413198573
1629764564000,0.3148721157116451
1629764594000,0.3148598059765866
1629764624000,0.3175625853103872
1629764654000,0.315596152631579
1629764684000,0.31139742940097803
1629764714000,0.3131846571342925
1629764744000,0.3134040191580232
1629764774000,0.312583601268116
1629764804000,0.31691129555961073
1629764834000,0.3128662653325123
1629764864000,0.3162529126513317
1629764894000,0.3135091624613482
1629764924000,0.31632424114040464
1629764954000,0.3197690322541234
1629764984000,0.3150763010487353
1629765014000,0.2692113478601567
1629765044000,0.31323282408536585
1629765074000,0.3160895342558426
1629765104000,0.3179658679581796
1629765134000,0.3109308017326733
1629765164000,0.32301051544566545
1629765194000,0.320816858801956
1629765224000,0.313310738089406
1629765254000,0.3149914765500307
1629765284000,0.31726922923832923
1629765314000,0.3175355913473424
1629765344000,0.3149316823174412
1629765374000,0.3172024119852489
1629765404000,0.3165991619430693
1629765434000,0.31167020552184466
1629765464000,0.3164921109957239
1629765494000,0.3133663305846154
1629765524000,0.3136647339393939
1629765554000,0.3128173175642595
1629765584000,0.31368818195302844
1629765614000,0.3149090240898058
1629765644000,0.31273854475138124
1629765674000,0.3171075797878977
1629765704000,0.31911659192166464
1629765734000,0.3162079050889025
1629765764000,0.31089173045045043
1629765794000,0.3131216445048309
1629765824000,0.31263874975874545
1629765854000,0.3129075972136223
1629765884000,0.3122942059002433
1629765914000,0.3169633834359606
1629765944000,0.3125048357318573
1629765974000,0.31926761583178725
1629766004000,0.3115380683513839
1629766034000,0.3167889537104623
1629766064000,0.3106982892174985
1629766094000,0.3161049205738706
1629766124000,0.31347765064456723
1629766154000,0.31419529412124925
1629766184000,0.31393183960273124
1629766214000,0.31844643173913045
1629766244000,0.3146323203794369
1629766274000,0.3091380693105552
1629766304000,0.321512462300123
1629766334000,0.31451029981606377
1629766364000,0.3122013522378909
1629766394000,0.31856462321755025
1629766424000,0.3177657807692308
1629766454000,0.3160605063345633
1629766484000,0.3153605919463087
1629766514000,0.3168351006131208
1629766544000,0.31270926524353576
1629766574000,0.31613188944785275
1629766604000,0.32035145217121586
1629766634000,0.3163102450704225
1629766664000,0.3123396148508825
1629766694000,0.31789358144329904
1629766724000,0.31714860973397824
1629766754000,0.3176455738271605
1629766784000,0.31603857656058754
1629766814000,0.3114174279301746
1629766844000,0.3093953303614458
1629766874000,0.3182567647058824
1629766904000,0.3121924464091732
1629766934000,0.3105259825876663
1629766964000,0.3138785573267934
1629766994000,0.3174278295412844
1629767024000,0.3157054591985428
1629767054000,0.3108874597290641
1629767084000,0.3184777522572665
1629767114000,0.3164842126465145
1629767144000,0.31688543849009904
1629767174000,0.31699023024803386
1629767204000,0.3187887510739857
1629767234000,0.3134784519689737
1629767264000,0.3109867533939394
1629767294000,0.3108660483483484
1629767324000,0.31564812685358257
1629767354000,0.3167371779484029
1629767384000,0.31632507039999996
1629767414000,0.3199952340514662
1629767444000,0.3132707883961118
1629767474000,0.3135367606992164
1629767504000,0.3106418349339736
1629767534000,0.3107042976590636
1629767564000,0.3119811727217497
1629767594000,0.312411837454324
1629767624000,0.31179415042997544
1629767654000,0.3118920539624924
1629767684000,0.3183129880341881
1629767714000,0.31773103117683305
1629767744000,0.31868337906691224
1629767774000,0.3174411138554217
1629767804000,0.3139965790841584
1629767834000,0.3183106891052952
1629767864000,0.32002575913846154
1629767894000,0.31603727535082365
1629767924000,0.3186931467404674
1629767954000,0.3132124116004963
1629767984000,0.3125697306257521
1629768014000,0.31882984444444445
1629768044000,0.3125624324192566
1629768074000,0.3139187935723115
1629768104000,0.31652663731707315
1629768134000,0.3157872548019208
1629768164000,0.32116085744029393
1629768194000,0.31532282858013405
1629768224000,0.31361288666256915
1629768254000,0.3114810965770171
1629768284000,0.3148357863278887
1629768314000,0.3179167928660049
1629768344000,0.3173684773677737
1629768374000,0.31666082559414993
1629768404000,0.3167636397568389
1629768434000,0.3107045385932722
1629768464000,0.3184627407544836
1629768494000,0.3167718241147741
1629768524000,0.3140022531707317
1629768554000,0.3182220250766401
1629768584000,0.3172999797911548
1629768614000,0.31299559779141106
1629768644000,0.3127504727664818
1629768674000,0.3138205735825545
1629768704000,0.31400196379840195
1629768734000,0.3175624988336403
1629768764000,0.3171213144083385
1629768794000,0.32239309551872314
1629768824000,0.3165387874310239
1629768854000,0.3110921178285009
1629768884000,0.3101524173756741
1629768914000,0.31772448241826035
1629768944000,0.3157343185835351
1629768974000,0.3156615221674877
1629769004000,0.3192598499388005
1629769034000,0.3167364473105134
1629769064000,0.3092550875606796
1629769094000,0.3125495247734139
1629769124000,0.3178414253195374
1629769154000,0.3096976497237569
1629769184000,0.31731327639827905
1629769214000,0.3138502299013564
1629769244000,0.3122487953601953
1629769274000,0.31258060847560976
1629769304000,0.3119276930445394
1629769334000,0.3145053944174757
1629769364000,0.3124624704448507
1629769394000,0.31484489472704713
1629769424000,0.32154944111178985
1629769454000,0.31166406115599754
1629769484000,0.3113357195197045
1629769514000,0.3154808065006076
1629769544000,0.3123105255927052
1629769574000,0.31158391602209945
1629769604000,0.3165407382008626
1629769634000,0.30736425787234045
1629769664000,0.3118005289521502
1629769694000,0.3177883856009762
1629769724000,0.31181846017209586
1629769754000,0.3180116558612439
1629769784000,0.31234386404151404
1629769814000,0.3196073816564417
1629769844000,0.31308014866873063
1629769874000,0.3149272007268322
1629769904000,0.31132381151477834
1629769934000,0.3102563364463311
1629769964000,0.31612504326153845
1629769994000,0.3151171824635922
1629770024000,0.3165185509633313
1629770054000,0.3176965097323601
1629770084000,0.3117723695783133
1629770114000,0.3135385085093543
1629770144000,0.3136590543187348
1629770174000,0.31303705086774386
1629770204000,0.3128584953488372
1629770234000,0.3120498751522533
1629770264000,0.3152612266055046
1629770294000,0.3126236282822086
1629770324000,0.3107632696172249
1629770354000,0.3141893094146047
1629770384000,0.31878500460199005
1629770414000,0.3157566554045707
1629770444000,0.3177091774953503
1629770474000,0.3193627564566438
1629770504000,0.31294729185829706
1629770534000,0.3139818266951741
1629770564000,0.3125640556441718
1629770594000,0.31190145268292685
1629770624000,0.3120075673147023
1629770654000,0.3119316181315304
1629770684000,0.3137189377588307
1629770714000,0.3128813581829496
1629770744000,0.3149756139674895
1629770774000,0.31657558296432964
1629770804000,0.31177182123076924
1629770834000,0.3201351173406863
1629770864000,0.3159704380833852
1629770894000,0.3147024001821493
1629770924000,0.3153452578692494
1629770954000,0.3066622368705036
1629770984000,0.31635579748653503
1629771014000,0.322443981757169
1629771044000,0.3185331837037037
1629771074000,0.31644797277167275
1629771104000,0.3178808362407862
1629771134000,0.3147356462713937
1629771164000,0.3108523736585366
1629771194000,0.3127673236598891
1629771224000,0.3135951671845867
1629771254000,0.31182868611967923
1629771284000,0.3178263221674877
1629771314000,0.3110306387019231
1629771344000,0.3137364737948084
1629771374000,0.3221443331265509
1629771404000,0.31425243906346273
1629771434000,0.31964846211480363
1629771464000,0.31072772861464004
1629771494000,0.3165063787065284
1629771524000,0.3170277962172056
1629771554000,0.3158180252901649
1629771584000,0.3125641588669951
1629771614000,0.3175161599378882
1629771644000,0.31260038544572466
1629771674000,0.31138738568818514
1629771704000,0.3166391858272506
1629771734000,0.31618457264851485
1629771764000,0.3155809975742874
1629771794000,0.31607471733251385
1629771824000,0.31274076668704154
1629771854000,0.3157651557645631
1629771884000,0.31197232470805164
1629771914000,0.3178941419434194
1629771944000,0.3136016605986561
1629771974000,0.3146770991389914
1629772004000,0.3201527585425597
1629772034000,0.32415901682986537
1629772064000,0.31319403770591825
1629772094000,0.312168160668693
1629772124000,0.3201502912772586
1629772154000,0.3178611203919167
1629772184000,0.3133011100613497
1629772214000,0.3128723082762912
1629772244000,0.3097869799392097
1629772274000,0.3135347193946881
1629772304000,0.31318036506097563
1629772334000,0.31139623845686515
1629772364000,0.3093587174574209
1629772394000,0.31389386870748304
1629772424000,0.31516989143389196
1629772454000,0.31241451040145984
1629772484000,0.3134270337274425
1629772514000,0.3132187962195122
1629772544000,0.30937518720930235
1629772574000,0.3125304732142857
1629772604000,0.3156454616666667
1629772634000,0.3178082131513648
1629772664000,0.3121347477683957
1629772694000,0.3155633506999391
1629772724000,0.3143631068669528
1629772754000,0.3118493144874156
1629772784000,0.3136709014652015
1629772814000,0.3145940924482339
1629772844000,0.31427570628815626
1629772874000,0.3155591580625383
1629772904000,0.3113742894318876
1629772934000,0.31112364001207
1629772964000,0.3162499765682657
1629772994000,0.31172804467956466
1629773024000,0.31621288431137723
1629773054000,0.31376239852398524
1629773084000,0.3115771644728824
1629773114000,0.31279876615479113
1629773144000,0.3158467381884945
1629773174000,0.3191442027295285
1629773204000,0.31729209631449634
1629773234000,0.3176269203802733
1629773264000,0.3148235946275946
1629773294000,0.3173042260473589
1629773324000,0.3196658601343101
1629773354000,0.3152799716117216
1629773384000,0.3130527760170006
1629773414000,0.3123797331105711
1629773444000,0.3169968494478528
1629773474000,0.3143041255033557
1629773504000,0.3123549939046469
1629773534000,0.31181737331745085
1629773564000,0.3136787304938272
1629773594000,0.3146714889548693
1629773624000,0.3134937261786601
1629773654000,0.3137147439083233
1629773684000,0.3126462082208589
1629773714000,0.31832631522811344
1629773744000,0.31460970181598064
1629773774000,0.3121762769607843
1629773804000,0.3127445673382173
1629773834000,0.31398315169491525
1629773864000,0.3129562658088235
1629773894000,0.3126333758094075
1629773924000,0.3166906145220588
1629773954000,0.30997235492102065
1629773984000,0.31109590467692305
1629774014000,0.3124728208461067
1629774044000,0.31623313587088914
1629774074000,0.3160710317043372
1629774104000,0.317610389987715
1629774134000,0.3125893882177033
1629774164000,0.3141081607915894
1629774194000,0.3177598837522992
1629774224000,0.3174804845548153
1629774254000,0.3171175674647023
1629774284000,0.3241240046758105
1629774314000,0.3182887261716372
1629774344000,0.3112820394932015
1629774374000,0.3117745088554217
1629774404000,0.3234566337871287
1629774434000,0.3123596876550869
1629774464000,0.3105300102015883
1629774494000,0.31251424510903425
1629774524000,0.3164283229268293
1629774554000,0.31188428298780485
1629774584000,0.31808511462815003
1629774614000,0.3145146103903904
1629774644000,0.3176539663814181
1629774674000,0.3140067692774742
1629774704000,0.3151486068501529
1629774734000,0.3132462994538835
1629774764000,0.3172609762406948
1629774794000,0.31828339061728395
1629774824000,0.3135414784786642
1629774854000,0.3127863752
1629774884000,0.3095760725261217
1629774914000,0.31308357089783284
1629774944000,0.3152749459938838
1629774974000,0.3161685755114693
1629775004000,0.3136663900674433
1629775034000,0.3174502257455873
1629775064000,0.31788828785845025
1629775094000,0.3176001770186335
1629775124000,0.3110768912399753
1629775154000,0.3150637406553398
1629775184000,0.3173862355181024
1629775214000,0.3129084889364303
1629775244000,0.31955559801857586
1629775274000,0.31799139101053936
1629775304000,0.31575122384661475
1629775334000,0.3175887276463263
1629775364000,0.3170383536019536
1629775394000,0.3146223837195122
1629775424000,0.31606497902439024
1629775454000,0.3124502247852761
1629775484000,0.3165989474908201
1629775514000,0.3129020510079413
1629775544000,0.3116797282178218
1629775574000,0.31267262591218303
1629775604000,0.3051040375519905
1629775634000,0.31257594618226603
1629775664000,0.31152284658040663
1629775694000,0.3153773027462687
1629775724000,0.3130309748488513
1629775754000,0.31726554580246913
1629775784000,0.31577326425030977
1629775814000,0.3142294718215159
1629775844000,0.31612109623689083
1629775874000,0.3177660616955445
1629775904000,0.3171408158671587
1629775934000,0.31931904745554873
1629775964000,0.31843237046285017
1629775994000,0.318889099004356
1629776024000,0.32271524545454544
1629776054000,0.3111582346715329
1629776084000,0.31181640436117936
1629776114000,0.3110780673992674
1629776144000,0.3114386270171149
1629776174000,0.31727254664652565
1629776204000,0.31379700487353485
1629776234000,0.3157052713230769
1629776264000,0.31195290262195124
1629776294000,0.3167089668742217
1629776324000,0.3148811258917589
1629776354000,0.3187102997541487
1629776384000,0.3170881947948561
1629776414000,0.3189694948415165
1629776444000,0.3145477881707317
1629776474000,0.31743997159438
1629776504000,0.3119669068304374
1629776534000,0.3169084424574209
1629776564000,0.31767030793368856
1629776594000,0.3166363719341061
1629776624000,0.3184219189467312
1629776654000,0.31481990579531444
1629776684000,0.3153169722663409
1629776714000,0.3173998057036578
1629776744000,0.3249409951174289
1629776774000,0.3169898921197312
1629776804000,0.3169161009276438
1629776834000,0.31414775499390984
1629776864000,0.3138363086217365
1629776894000,0.32155145843672456
1629776924000,0.3169968636418633
1629776954000,0.31652995600991324
1629776984000,0.3177887612784265
1629777014000,0.3164448814312153
1629777044000,0.31466348802687844
1629777074000,0.31219276697416976
1629777104000,0.31413441413580245
1629777134000,0.311895631276467
1629777164000,0.3116156756806931
1629777194000,0.3174046888821014
1629777224000,0.3138480130381304
1629777254000,0.3199660335961189
1629777284000,0.3121851992097264
1629777314000,0.3169788519408503
1629777344000,0.3160208394444444
1629777374000,0.31200718297480023
1629777404000,0.31582001170671603
1629777434000,0.3186085089969605
1629777464000,0.31800007572815536
1629777494000,0.3192069993909866
1629777524000,0.3182551529736358
1629777554000,0.3195287727719729
1629777584000,0.31192604841463417
1629777614000,0.3217102783007335
1629777644000,0.3205230255956017
1629777674000,0.31061775541284403
1629777704000,0.31121661153846153
1629777734000,0.317009289301175
1629777764000,0.3135349294224924
1629777794000,0.31752519434993925
1629777824000,0.31584208921686746
1629777854000,0.3164407784802432
1629777884000,0.31381455647636586
1629777914000,0.3253253996282528
1629777944000,0.3129114994512195
1629777974000,0.3125787250615764
1629778004000,0.3130702377300614
1629778034000,0.3084466109101869
1629778064000,0.3155503981662592
1629778094000,0.3132429682867558
1629778124000,0.3152467765567766
1629778154000,0.31291805922933497
1629778184000,0.3121213330079317
1629778214000,0.3117464059792556
1629778244000,0.31346613647990257
1629778274000,0.31969601737786024
1629778304000,0.3165666447922938
1629778334000,0.3221575646125686
1629778364000,0.315982744652568
1629778394000,0.3160861899271845
1629778424000,0.3194920710975609
1629778454000,0.3139431388648982
1629778484000,0.3133475059442725
1629778514000,0.3156696995070856
1629778544000,0.31914497249690976
1629778574000,0.3179047857493857
1629778604000,0.31691281637608965
1629778634000,0.31789127950920243
1629778664000,0.3146062211936663
1629778694000,0.3185105120198265
1629778724000,0.3160462335797905
1629778754000,0.3197709488726386
1629778784000,0.31457257864963506
1629778814000,0.30781121191931543
1629778844000,0.3139067201492537
1629778874000,0.31401027667673714
1629778904000,0.3116252691051995
1629778934000,0.3135894149817296
1629778964000,0.31389361001206273
1629778994000,0.31774343586040915
1629779024000,0.3146414586080586
1629779054000,0.3166892131674757
1629779084000,0.3192487684723068
1629779114000,0.31479036224242424
1629779144000,0.31738131103491274
1629779174000,0.31248760759803923
1629779204000,0.31127885442883324
1629779234000,0.31847104246745195
1629779264000,0.31379700382008624
1629779294000,0.319633395699576
1629779324000,0.32001264304267163
1629779354000,0.3146579861349693
1629779384000,0.3119993556500608
1629779414000,0.3146277619975639
1629779444000,0.3204828425505825
1629779474000,0.3187646995037221
1629779504000,0.31728544260172625
1629779534000,0.3157129823166975
1629779564000,0.3129250803329223
1629779594000,0.3152736550420168
1629779624000,0.3076238207878788
1629779654000,0.3125787020693853
1629779684000,0.31265666796116504
1629779714000,0.31314480773006137
1629779744000,0.3168319647022713
1629779774000,0.3155861510822511
1629779804000,0.3179521154506438
1629779834000,0.31697433347535
1629779864000,0.3121549169741697
1629779894000,0.3129779611316113
1629779924000,0.3122525680719157
1629779954000,0.31677571392097265
1629779984000,0.3193377219600726
1629780014000,0.31429931839999997
1629780044000,0.31627950465260546
1629780074000,0.319364791273162
1629780104000,0.31384387454100365
1629780134000,0.3223840550769231
1629780164000,0.3145639889369592
1629780194000,0.31386343043742404
1629780224000,0.311947382771306
1629780254000,0.31281221953883503
1629780284000,0.3159938254017305
1629780314000,0.3133472343980344
1629780344000,0.3126409929857232
1629780374000,0.31362091138161896
1629780404000,0.3132871214941825
1629780434000,0.3112597380170316
1629780464000,0.3123009042001235
1629780494000,0.3125900850882532
1629780524000,0.3140774621506683
1629780554000,0.31520195140243895
1629780584000,0.3152744239012643
1629780614000,0.31371215744416875
1629780644000,0.3116813708256881
1629780674000,0.3160901054388133
1629780704000,0.312940013904068
1629780734000,0.3169927682317073
1629780764000,0.3137832840811309
1629780794000,0.3180217865209472
1629780824000,0.3116201988990825
1629780854000,0.31184978445945943
1629780884000,0.3101244950180072
1629780914000,0.3139523823057953
1629780944000,0.3086347038461538
1629780974000,0.3176272119180633
1629781004000,0.31268950515337424
1629781034000,0.3125644797280593
1629781064000,0.31653595468844525
1629781094000,0.3172567658794282
1629781124000,0.31677376599511603
1629781154000,0.31384040557939913
1629781184000,0.3153184990752158
1629781214000,0.3140092914197531
1629781244000,0.3131126291921665
1629781274000,0.313396164763062
1629781304000,0.3132339911471322
1629781334000,0.311125711965812
1629781364000,0.31197484151177196
1629781394000,0.3152037159243441
1629781424000,0.3158984473588343
1629781454000,0.31599374689403165
1629781484000,0.3125697802955665
1629781514000,0.312371709202454
1629781544000,0.31687234208588955
1629781574000,0.3148198414398064
1629781604000,0.31248108593939394
1629781634000,0.3120011500607533
1629781664000,0.31737096541769044
1629781694000,0.3139909849215923
1629781724000,0.3139048605052372
1629781754000,0.3115318047129909
1629781784000,0.31135822143712577
1629781814000,0.3108312863468635
1629781844000,0.3219214288861689
1629781874000,0.31548248639125154
1629781904000,0.3213511136725935
1629781934000,0.3114871695493301
1629781964000,0.3164320391061453
1629781994000,0.3139474595615104
1629782024000,0.31278453380804955
1629782054000,0.3179755476485149
1629782084000,0.318454076199262
1629782114000,0.31740169109756106
1629782144000,0.31324203068043743
1629782174000,0.3155768544725478
1629782204000,0.3140590636640292
1629782234000,0.3128138577344702
1629782264000,0.3135398228849665
1629782294000,0.312586815270936
1629782324000,0.3098383037469287
1629782354000,0.3151595137278829
1629782384000,0.3144720390184049
1629782414000,0.31441330569007264
1629782444000,0.3145201123679304
1629782474000,0.3163353983122363
1629782504000,0.3126954015337423
1629782534000,0.3126432354601227
1629782564000,0.31234586612702364
1629782594000,0.31514180428485217
1629782624000,0.3188978039975016
1629782654000,0.31648830430239705
1629782684000,0.3149662491463415
1629782714000,0.3161939866419295
1629782744000,0.3126613426993865
1629782774000,0.3166723409987669
1629782804000,0.3152976206272617
1629782834000,0.31251015069654753
1629782864000,0.3145572474233129
1629782894000,0.3167367636642157
1629782924000,0.3144815264957265
1629782954000,0.3228368234613041
1629782984000,0.31454203062347186
1629783014000,0.3140586075308642
1629783044000,0.3148637546987952
1629783074000,0.3125986307361963
1629783104000,0.3153167479268293
1629783134000,0.3144771824583076
1629783164000,0.3248808520496894
1629783194000,0.3115298800621118
1629783224000,0.31149311026894866
1629783254000,0.31571828259551243
1629783284000,0.310712577195122
1629783314000,0.3137854800604229
1629783344000,0.31284467286678946
1629783374000,0.31408830929944204
1629783404000,0.3128700012232416
1629783434000,0.316102245553539
1629783464000,0.31416165303217825
1629783494000,0.315046334202547
1629783524000,0.3129948958359229
1629783554000,0.3147881582571603
1629783584000,0.3165105357986327
1629783614000,0.31261849950920245
1629783644000,0.3128465825659914
1629783674000,0.3159838166769231
1629783704000,0.3209273232175503
1629783734000,0.3204295048200122
1629783764000,0.3111560824615385
1629783794000,0.3126070958003652
1629783824000,0.3140662872249389
1629783854000,0.32094413285714285
1629783884000,0.3166835471709717
1629783914000,0.3237022151127361
1629783944000,0.3133434368517389
1629783974000,0.3181548886321049
1629784004000,0.3208126818346409
1629784034000,0.3210041370909091
1629784064000,0.31411119404542664
1629784094000,0.3159536364914425
1629784124000,0.3159243741706161
1629784154000,0.3176235670349908
1629784184000,0.31345436285537703
1629784214000,0.3169859748909657
1629784244000,0.3157465319494585
1629784274000,0.3135342469273743
1629784304000,0.3138440458916616
1629784334000,0.3108948125693161
1629784364000,0.31166385550742576
1629784394000,0.3166397254623921
1629784424000,0.3137091947592931
1629784454000,0.3113123110909091
1629784484000,0.31132428901912396
1629784514000,0.3158216544403893
1629784544000,0.3174733867647059
1629784574000,0.3157799117859291
1629784604000,0.3164601057506053
1629784634000,0.3161168674924471
1629784664000,0.3183973135696821
1629784694000,0.31710740853432284
1629784724000,0.31677629293544457
1629784754000,0.3237880711596843
1629784784000,0.31868041634793337
1629784814000,0.31777299969362743
1629784844000,0.3172585659768716
1629784874000,0.3133677276132931
1629784904000,0.3162720366076876
1629784934000,0.31096035202205885
1629784964000,0.3125138410225198
1629784994000,0.3116167053989202
1629785024000,0.3162663214285714
1629785054000,0.31282667539585873
1629785084000,0.3123881392275196
1629785114000,0.31556882976047906
1629785144000,0.31490651181150553
1629785174000,0.31475767385661313
1629785204000,0.31317975009219423
1629785234000,0.3174163140073082
1629785264000,0.3129030988286067
1629785294000,0.3184813718482252
1629785324000,0.31064831068609594
1629785354000,0.31172943440145096
1629785384000,0.31688444208282585
1629785414000,0.3116654557038835
1629785444000,0.3141871978481769
1629785474000,0.3145585860407659
1629785504000,0.3158361600485732
1629785534000,0.3103195830498177
1629785564000,0.3170008553165335
1629785594000,0.31700772428134555
1629785624000,0.3148153683982684
1629785654000,0.31394577200489004
1629785684000,0.3108281191731576
1629785714000,0.31116656652360514
1629785744000,0.3111173004273504
1629785774000,0.3170162253503961
1629785804000,0.31377945350278985
1629785834000,0.3123449132041187
1629785864000,0.3127086427057357
1629785894000,0.3125504226472374
1629785924000,0.3141440901519757
1629785954000,0.31720004111178984
1629785984000,0.3195538602540835
1629786014000,0.3168410641809291
1629786044000,0.3139321383527965
1629786074000,0.3120013152490887
1629786104000,0.3165172581707317
1629786134000,0.31322206854690376
1629786164000,0.3122510675245098
1629786194000,0.3135676612484549
1629786224000,0.313945306025563
1629786254000,0.31637916897173785
1629786284000,0.3148524053593179
1629786314000,0.3108312939375383
1629786344000,0.31024658911362285
1629786374000,0.31163655308114696
1629786404000,0.3153398466133005
1629786434000,0.3162810885505481
1629786464000,0.31670939735709897
1629786494000,0.31172312759680393
1629786524000,0.31317257920731706
1629786554000,0.3177115820591862
1629786584000,0.314539529993965
1629786614000,0.3144100760936537
1629786644000,0.3117662040704739
1629786674000,0.31500385169022743
1629786704000,0.3180265070240296
1629786734000,0.3122539745098039
1629786764000,0.31622100884685783
1629786794000,0.3170932634508349
1629786824000,0.3112572946428571
1629786854000,0.3120951778450363
1629786884000,0.31220660960486324
1629786914000,0.3124437357449418
1629786944000,0.32006427603355303
1629786974000,0.3156896813227189
1629787004000,0.31539571453879045
1629787034000,0.3121343540490797
1629787064000,0.3179674230676329
1629787094000,0.31505049840783833
1629787124000,0.3144294119652821
1629787154000,0.3086512704421563
1629787184000,0.31347655684469
1629787214000,0.3188125888888889
1629787244000,0.3153015344954128
1629787274000,0.3227010147220525
1629787304000,0.3184895932835821
1629787334000,0.3144204640490797
1629787364000,0.31210715192069394
1629787394000,0.3190198928528165
1629787424000,0.3116760875
1629787454000,0.3146004443361754
1629787484000,0.31211572997543
1629787514000,0.3118951021039604
1629787544000,0.3111471506982392
1629787574000,0.3153759549304295
1629787604000,0.3172929309815951
1629787634000,0.3128076485330073
1629787664000,0.3141847734299517
1629787694000,0.31402865956416465
1629787724000,0.3105475015843997
1629787754000,0.3165089829878049
1629787784000,0.31810457538179604
1629787814000,0.3188945703276699
1629787844000,0.31165864449127034
1629787874000,0.3122119395434917
1629787904000,0.3144864242312423
1629787934000,0.31266685572047
1629787964000,0.31153697295330496
1629787994000,0.2525130827970297
1629788024000,0.3156248782689913
1629788054000,0.3125919965475469
1629788084000,0.3109358351025332
1629788114000,0.3168950494416873
1629788144000,0.31379773608374384
1629788174000,0.31104994658119656
1629788204000,0.3150077870907968
1629788234000,0.3129289981862152
1629788264000,0.31142449689024393
1629788264000,0.31142449689024393
1629788264000,0.31142449689024393
1629788294000,0.3135747101767215
1629788324000,0.3144011992159228
1629788324000,0.3144011992159228
1629788324000,0.3144011992159228
1629788354000,0.31123430549516906
1629788384000,0.31519016275106515
1629788414000,0.3150639482716049
1629788444000,0.3117053215412621
1629788474000,0.3118728194614443
1629788504000,0.31816989454656863
1629788534000,0.3219675986419753
1629788564000,0.31407105229191795
1629788594000,0.31059588516949155
1629788624000,0.3175227139817629
1629788654000,0.3101134355302577
1629788684000,0.3108651972809668
1629788714000,0.3115129597658657
1629788744000,0.3134018700488997
1629788774000,0.32019714412128714
1629788804000,0.2526187170805572
1629788834000,0.2548663747239264
1629788864000,0.31285356776602363
1629788894000,0.3124936938442969
1629788924000,0.31305393900118905
1629788954000,0.31171030864570737
1629788984000,0.31595916522001205
1629789014000,0.3135993426049909
1629789044000,0.3159240357055961
1629789074000,0.31297313022974604
1629789104000,0.3148147257195346
1629789134000,0.3131325945409429
1629789164000,0.3122564165349544
1629789194000,0.3125913384053561
1629789224000,0.31255126165550823
1629789254000,0.31581921322263223
1629789284000,0.312641530783467
1629789314000,0.3123364518221124
1629789344000,0.3203143269533616
1629789374000,0.31377236449275364
1629789404000,0.3146077893251534
1629789434000,0.3179157102028273
1629789464000,0.3229703172582619
1629789494000,0.31636864570191714
1629789524000,0.3145414975859988
1629789554000,0.30986817536764705
1629789584000,0.31727560012158057
1629789614000,0.3168552609460279
1629789644000,0.31395200876762724
1629789674000,0.3136675190328581
1629789704000,0.31346567923598273
1629789734000,0.3178381745488488
1629789764000,0.3127495764339152
1629789794000,0.24981303207317074
1629789824000,0.2559511192682927
1629789854000,0.3111850419975186
1629789884000,0.31288364975247523
1629789914000,0.31306082794653706
1629789944000,0.3118078308634415
1629789974000,0.3138106430418719
1629790004000,0.31140054582822085
1629790034000,0.3126333353117506
1629790064000,0.31205643025516405
1629790094000,0.31472880710843376
1629790124000,0.3122018347072879
1629790154000,0.3145582862804878
1629790184000,0.3121244705308115
1629790214000,0.3157083995169082
1629790244000,0.31122841918568783
1629790274000,0.3171386730413325
1629790304000,0.3136903212048193
1629790334000,0.31844321570298234
1629790364000,0.31315477694647204
1629790394000,0.312571138489426
1629790424000,0.31497589590214065
1629790454000,0.3152592975698664
1629790484000,0.31587906387692305
1629790514000,0.3120347302411874
1629790544000,0.3132565304320988
1629790574000,0.3122568686010996
1629790604000,0.3116564858450275
1629790634000,0.3170129908924205
1629790664000,0.3142872241147741
1629790694000,0.31206404724075204
1629790724000,0.31841419508901164
1629790754000,0.3184979205882353
1629790784000,0.3146634772644377
1629790814000,0.31398930412561576
1629790844000,0.3149873489981785
1629790874000,0.31591471686967115
1629790904000,0.3130050468253968
1629790934000,0.31116640561660563
1629790964000,0.3137745960144928
1629790994000,0.3110582258557457
1629791024000,0.3204033505824647
1629791054000,0.3132298316140777
1629791084000,0.31683420497271075
1629791114000,0.3145444093366093
1629791144000,0.3123820398769231
1629791174000,0.31305439046439626
1629791204000,0.311430407738815
1629791234000,0.3115378157736303
1629791264000,0.3166972373088685
1629791294000,0.3128691705555556
1629791324000,0.3119232069710056
1629791354000,0.3194453521792511
1629791384000,0.3153999438141219
1629791414000,0.314185393727162
1629791444000,0.3123292042745334
1629791474000,0.3104835834650456
1629791504000,0.318964988647343
1629791534000,0.3211971008647313
1629791564000,0.3117349142769608
1629791594000,0.3115216181987578
1629791624000,0.3169777906691222
1629791654000,0.3185126519975787
1629791684000,0.3208796772644377
1629791714000,0.3150177542750929
1629791744000,0.31825945797453004
1629791774000,0.3158159887647424
1629791804000,0.3163978103510896
1629791834000,0.3176715130835381
1629791864000,0.3214186406381698
1629791894000,0.3125461857758621
1629791924000,0.31694752732919257
1629791954000,0.3128601015873016
1629791984000,0.3217453197165742
1629792014000,0.31808658670377243
1629792044000,0.3137902540037244
1629792074000,0.3231945783916513
1629792104000,0.3163922292879257
1629792134000,0.3149924219452888
1629792164000,0.31120380193939395
1629792194000,0.31378398637751986
1629792224000,0.3145101143546441
1629792254000,0.31581880273291923
1629792254000,0.31581880273291923
1629792284000,0.3151571905637255
1629792314000,0.3137889879127726
1629792344000,0.3154580264814815
1629792374000,0.3153055590441621
1629792404000,0.32185401728772145
1629792434000,0.3140820258261934
1629792464000,0.3152640278450363
1629792494000,0.3114024419315403
1629792524000,0.31693904183922045
1629792554000,0.3171938921212121
1629792584000,0.3184633169369369
1629792614000,0.3117427180987203
1629792644000,0.31713456936662604
1629792674000,0.3147123009785933
1629792704000,0.3154508033333333
1629792734000,0.3173455737745098
1629792764000,0.3188885963097399
1629792794000,0.32288794751861044
1629792824000,0.3144611065821256
1629792854000,0.3117001810110974
1629792884000,0.31527529066666665
1629792914000,0.3117194799016595
1629792944000,0.312198938077634
1629792974000,0.3168411111721612
1629793004000,0.3126634474953618
1629793034000,0.3127836028553693
1629793064000,0.3121122350813743
1629793094000,0.31294403600988263
1629793124000,0.3139268045984059
1629793154000,0.3114820434226553
1629793184000,0.3228403854357099
1629793214000,0.3195042152811736
1629793244000,0.31555119932473913
1629793274000,0.3142509643120393
1629793304000,0.31304357501512403
1629793334000,0.31135870901287555
1629793364000,0.309295019880597
1629793394000,0.31892659674846624
1629793424000,0.3180437425778864
1629793454000,0.3179829336352657
1629793484000,0.3115123325168402
1629793514000,0.3153049812688822
1629793544000,0.31368074400978
1629793574000,0.3137407913887205
1629793604000,0.31215489115314216
1629793634000,0.3128440672880337
1629793664000,0.312535813072694
1629793694000,0.3143150599392097
1629793724000,0.31268273821892395
1629793754000,0.3109108337654321
1629793784000,0.3164377265356265
1629793814000,0.31292386175030606
1629793844000,0.3179186625385089
1629793874000,0.32435815797807555
1629793904000,0.31253603705080546
1629793934000,0.3206631283783784
1629793964000,0.31313882412091304
1629793994000,0.2540993830351635
1629794024000,0.312259371875
1629794054000,0.3147530029769137
1629794084000,0.3136255558465286
1629794114000,0.3158143317509248
1629794144000,0.31246031722869405
1629794174000,0.2505403804802956
1629794204000,0.3144902387195122
1629794234000,0.31474491393034826
1629794264000,0.3125159957354759
1629794294000,0.3123578968864469
1629794324000,0.3141008958812841
1629794354000,0.3133120721472393
1629794384000,0.31552212490887
1629794414000,0.2529745061668682
1629794444000,0.31238658627692306
1629794474000,0.32358957855361603
1629794504000,0.3108003909820877
1629794534000,0.3133210609618988
1629794564000,0.31275345782105896
1629794594000,0.3136927391224863
1629794624000,0.3110201912291538
1629794654000,0.3116827860927152
1629794684000,0.3118664177292046
1629794714000,0.31790649053217823
1629794744000,0.3129087038793104
1629794774000,0.3124308930091185
1629794804000,0.3134036217863609
1629794834000,0.31444999872340423
1629794864000,0.3149381220410628
1629794894000,0.3126260888888889
1629794924000,0.31322534892440074
1629794954000,0.3128446349514563
1629794984000,0.3174836363084396
1629795014000,0.3136740360436893
1629795044000,0.3177441003654081
1629795074000,0.3167238069651741
1629795104000,0.3127869581987577
1629795134000,0.31476977096378145
1629795164000,0.31188601530487803
1629795194000,0.3174905503037667
1629795224000,0.3163551009276438
1629795254000,0.3134838440372671
1629795284000,0.3129087759371221
1629795314000,0.3168108753808653
1629795344000,0.31175021230578004
1629795374000,0.3137533332311465
1629795404000,0.31179555623081645
1629795434000,0.3188210712829736
1629795464000,0.3169616832004905
1629795494000,0.3138624777167277
1629795524000,0.3120804137783221
1629795554000,0.31211857962962963
1629795584000,0.31806450957642723
1629795614000,0.3145361645493043
1629795644000,0.3129469057457213
1629795674000,0.3141829725943971
1629795704000,0.3169661042021925
1629795734000,0.3195133924924925
1629795764000,0.31019915372953305
1629795794000,0.316043570995671
1629795824000,0.3151747583028083
1629795854000,0.3140925950519243
1629795884000,0.3136391975247525
1629795914000,0.3152527243667069
1629795944000,0.3119334968292683
1629795974000,0.3119188632317073
1629796004000,0.31483954118004864
1629796034000,0.3151385508708709
1629796064000,0.31262001938902745
1629796094000,0.3116321609830097
1629796124000,0.31190638501243784
1629796154000,0.3174247836996337
1629796184000,0.3121194246296296
1629796214000,0.3115896565377532
1629796244000,0.31984575663017034
1629796274000,0.2989173134935305
1629796304000,0.3115477305724726
1629796334000,0.3177775440886699
1629796364000,0.3207210393007836
1629796394000,0.3228536738997555
1629796424000,0.3166089256952841
1629796454000,0.3178206923594132
1629796484000,0.319198564921781
1629796514000,0.3117449904643963
1629796544000,0.3143826528278434
1629796574000,0.3192107706757595
1629796604000,0.31324964319852944
1629796634000,0.3140642896363636
1629796664000,0.3162480941747573
1629796694000,0.3123073978800727
1629796724000,0.3116978639950678
1629796754000,0.3124222834034877
1629796784000,0.31694790583538085
1629796814000,0.31826415467625896
1629796844000,0.3176074337043909
1629796874000,0.3110376736068585
1629796904000,0.3177397709280885
1629796934000,0.3175671786109404
1629796964000,0.3125749175960347
1629796994000,0.3121810955076923
1629797024000,0.31163412483097724
1629797054000,0.31437584887263864
1629797084000,0.3158407706568447
1629797114000,0.3125494048869884
1629797144000,0.31392737287009065
1629797174000,0.31251159053146
1629797204000,0.31235502581238506
1629797234000,0.31363743840490804
1629797264000,0.3135372967193196
1629797294000,0.3127122588377724
1629797324000,0.3143485011242973
1629797354000,0.3118230956284153
1629797384000,0.3154975300677757
1629797414000,0.31233881478575737
1629797444000,0.31347676739401503
1629797474000,0.3172701747686613
1629797504000,0.319967466150031
1629797534000,0.3178443874236874
1629797564000,0.31355061031746034
1629797594000,0.3111654161863887
1629797624000,0.3176897736128237
1629797654000,0.3157622471524801
1629797684000,0.3154628662935323
1629797714000,0.31472789673913043
1629797744000,0.3128880267622461
1629797774000,0.3147777441158721
1629797804000,0.31557210708613315
1629797834000,0.31289633463414634
1629797864000,0.3136549761933535
1629797894000,0.3133558244873341
1629797924000,0.31334958565375304
1629797954000,0.31396148625766873
1629797984000,0.31364743335369577
1629798014000,0.31371323663793105
1629798044000,0.31300682464396284
1629798074000,0.3146897112990937
1629798104000,0.3179591795246801
1629798134000,0.3164693704394943
1629798164000,0.3140690684275184
1629798194000,0.31369286621787024
1629798224000,0.31140741861734383
1629798254000,0.3125061858597963
1629798284000,0.3151436985339035
1629798314000,0.3141611092129347
1629798344000,0.3129080066869301
1629798374000,0.3129540179204893
1629798404000,0.31186355463980464
1629798434000,0.3148710977777778
1629798464000,0.3128450037172456
1629798494000,0.3128266098840757
1629798524000,0.31608064136868064
1629798554000,0.3137332153798641
1629798584000,0.3106877534785239
1629798614000,0.31557287767749703
1629798644000,0.315655625
1629798674000,0.31051587255139057
1629798704000,0.31404501655508216
1629798734000,0.3193161489489489
1629798764000,0.31485201256863943
1629798794000,0.3107857436816525
1629798824000,0.3147242137993921
1629798854000,0.3154301824102252
1629798884000,0.3106170433950986
1629798914000,0.3126835622801698
1629798944000,0.31571359254545456
1629798974000,0.3157883288659794
1629799004000,0.3122718420012353
1629799034000,0.316867131497006
1629799064000,0.3135882461866992
1629799094000,0.312780029739777
1629799124000,0.3118820681762546
1629799154000,0.31341179366543664
1629799184000,0.31877488259532594
1629799214000,0.31528427791262137
1629799244000,0.3162530037237237
1629799274000,0.3208248028571429
1629799304000,0.3152030583028083
1629799334000,0.31260363871748337
1629799364000,0.31318503423478794
1629799394000,0.3158590856610801
1629799424000,0.31442641529850746
1629799454000,0.3127028518815546
1629799484000,0.31291802132845825
1629799514000,0.316163292218845
1629799544000,0.31057172108470443
1629799574000,0.3161652605950213
1629799604000,0.3137746886711574
1629799634000,0.3132807323331292
1629799664000,0.3125529332317073
1629799694000,0.3126091363803681
1629799724000,0.3178099614355231
1629799754000,0.3126231450617284
1629799784000,0.3165398489969605
1629799814000,0.31593166619545177
1629799844000,0.32133193492555834
1629799874000,0.317282740247678
1629799904000,0.3135863214153846
1629799934000,0.3128644264232673
1629799964000,0.316529533977067
1629799994000,0.3189823896273292
1629800024000,0.3108565978128797
1629800054000,0.3122829924334141
1629800084000,0.3126184608430055
1629800114000,0.31271418429701764
1629800144000,0.31702943306845965
1629800174000,0.3136323781212121
1629800204000,0.31115894031572555
1629800234000,0.3174878897086175
1629800264000,0.3137993483596598
1629800294000,0.3174996729796422
1629800324000,0.3198444713064713
1629800354000,0.31416190334753497
1629800384000,0.3215876131707317
1629800414000,0.31346988234200746
1629800444000,0.3140217878973105
1629800474000,0.3176031081481481
1629800504000,0.3151370172095882
1629800534000,0.31524175236051505
1629800564000,0.31276774047175665
1629800594000,0.3123168562926225
1629800624000,0.31288408674475954
1629800654000,0.3152664790101372
1629800684000,0.3132362248292986
1629800714000,0.3136477875152999
1629800744000,0.31536834926108376
1629800774000,0.3113411903834449
1629800804000,0.3113230001825928
1629800834000,0.3176256344362745
1629800864000,0.3144401821934689
1629800894000,0.32019047458461536
1629800924000,0.3129465964241677
1629800954000,0.31401163157572043
1629800984000,0.3176077224019913
1629801014000,0.3134908671419715
1629801044000,0.31373237920731706
1629801074000,0.3121907626476072
1629801104000,0.3155147644728824
1629801134000,0.3146950006180469
1629801164000,0.3174992920941461
1629801194000,0.3136177224024024
1629801224000,0.31833390763125763
1629801254000,0.31683969532595324
1629801284000,0.3155670873556231
1629801314000,0.3124657553648069
1629801344000,0.3195961358272506
1629801374000,0.31394079606396064
1629801404000,0.3123882532562386
1629801434000,0.317809750400987
1629801464000,0.318799475
1629801494000,0.3126561787878788
1629801524000,0.31501883266545233
1629801554000,0.3164029838494232
1629801584000,0.3114002247868453
1629801614000,0.31652660925245096
1629801644000,0.3134821606428138
1629801674000,0.3220112981028152
1629801704000,0.3183597371568029
1629801734000,0.31176492266584765
1629801764000,0.3109981540607564
1629801794000,0.3132351527965581
1629801824000,0.3116418093209877
1629801854000,0.3166862462895377
1629801884000,0.3135778273000601
1629801914000,0.3146146822954823
1629801944000,0.3125720374849579
1629801974000,0.3130391319368549
1629802004000,0.3184641760124611
1629802034000,0.3184282350278983
1629802064000,0.3128559757519951
1629802094000,0.3169381720515971
1629802124000,0.3161187865904991
1629802154000,0.3111499852448853
1629802184000,0.315057836662531
1629802214000,0.316829694073612
1629802244000,0.3130207786278081
1629802274000,0.3133094153175591
1629802304000,0.3159778253293413
1629802334000,0.31835401375694017
1629802364000,0.3173300504643963
1629802394000,0.3132796269277846
1629802424000,0.31756990804668306
1629802454000,0.31537197524570026
1629802484000,0.3140344382192611
1629802514000,0.3199006228886169
1629802544000,0.30992644324324325
1629802574000,0.3205061691651432
1629802604000,0.3116351000606796
1629802634000,0.314205633023544
1629802664000,0.3137166126060606
1629802694000,0.3119547479950648
1629802724000,0.3170011991504854
1629802754000,0.31303126825396826
1629802784000,0.3116462537128713
1629802814000,0.3161599955730746
1629802844000,0.31677938420735385
1629802874000,0.31335519655596555
1629802904000,0.31186505146878823
1629802934000,0.31669147550769233
1629802964000,0.3191960513661202
1629802994000,0.32162716473779385
1629803024000,0.3186435211864407
1629803054000,0.31773238567885925
1629803084000,0.31859747650639075
1629803114000,0.3135245579369981
1629803144000,0.319798996710118
1629803174000,0.3184896250455927
1629803204000,0.31819221255332114
1629803234000,0.3159490900831354
1629803264000,0.31738387968561066
1629803294000,0.3169103986964618
1629803324000,0.3116166650931677
1629803354000,0.3153422433682912
1629803384000,0.3121495512915129
1629803414000,0.31809645555555555
1629803444000,0.31819717694189603
1629803474000,0.31258274561294336
1629803504000,0.3163762241631162
1629803534000,0.3119924004302397
1629803564000,0.3164214474953618
1629803594000,0.3139350345083488
1629803624000,0.31326737268803945
1629803654000,0.3122016372036474
1629803684000,0.3114123425106125
1629803714000,0.31115388147239265
1629803744000,0.31529826428134555
1629803774000,0.31190948644888083
1629803804000,0.31787553123471884
1629803834000,0.3108002757594168
1629803864000,0.3172233035055351
1629803894000,0.31247193746167995
1629803924000,0.3231531732264035
1629803954000,0.31493179659863946
1629803984000,0.3239493553724054
1629804014000,0.3210341164929491
1629804044000,0.3162750984529703
1629804074000,0.31942152121771217
1629804104000,0.3204200672181373
1629804134000,0.32393893122699385
1629804164000,0.31632409090346536
1629804194000,0.3212134274984857
1629804224000,0.3107865979878049
1629804254000,0.3108050678438662
1629804284000,0.3146985347290641
1629804314000,0.31857344957160344
1629804344000,0.3166458865644172
1629804374000,0.31952564605582523
1629804404000,0.3164649068277945
1629804434000,0.3125101780260708
1629804464000,0.31254437382836275
1629804494000,0.32107213536737234
1629804524000,0.3134381804996953
1629804554000,0.31468709463741623
1629804584000,0.3161644796116505
1629804614000,0.31209944839307785
1629804644000,0.3128229879331683
1629804674000,0.3124265058394161
1629804704000,0.3127709038228155
1629804734000,0.31290193585247883
1629804764000,0.31231077331686224
1629804794000,0.31300051062771905
1629804824000,0.3174873506781751
1629804854000,0.3122805836318715
1629804884000,0.3131536015432099
1629804914000,0.31174549601208457
1629804944000,0.31152213739130435
1629804974000,0.31395562158317875
1629805004000,0.31713504163636363
1629805034000,0.3114873393272171
1629805064000,0.3150863574074074
1629805094000,0.3146824791147132
1629805124000,0.3124339386060606
1629805154000,0.3160303944376528
1629805184000,0.3216915441140025
1629805214000,0.31206333158866995
1629805244000,0.31213687015643804
1629805274000,0.3134010035151515
1629805304000,0.3136918860665845
1629805334000,0.31325933171339565
1629805364000,0.31288173521039603
1629805394000,0.3152883672615385
1629805424000,0.31133517290640395
1629805454000,0.3131027499694936
1629805484000,0.3226472325595602
1629805514000,0.31210704769417474
1629805544000,0.3121997257003654
1629805574000,0.3214942477120195
1629805604000,0.3180777083737864
1629805634000,0.31358563290362185
1629805664000,0.3171926637355973
1629805694000,0.31319014399502176
1629805724000,0.3128384751070337
1629805754000,0.3151005453760789
1629805784000,0.3131554131147541
1629805814000,0.3129909491852746
1629805844000,0.3175047107186358
1629805874000,0.31199771400247833
1629805904000,0.3163780561050061
1629805934000,0.3130714646878825
1629805964000,0.3137911129837703
1629805994000,0.31753905262828536
1629806024000,0.3153802093865031
1629806054000,0.31372076947496946
1629806084000,0.3166474663438257
1629806114000,0.313934281535649
1629806144000,0.31438549711365005
1629806174000,0.3126504458483754
1629806204000,0.3123461067765568
1629806234000,0.3129560350374065
1629806264000,0.3146618442002442
1629806294000,0.3129232160856269
1629806324000,0.31288667273838633
1629806354000,0.3199827503343465
1629806384000,0.3146885949544073
1629806414000,0.3146080333333333
1629806444000,0.3178824248009798
1629806474000,0.3185760034504005
1629806504000,0.3139854754523522
1629806534000,0.3179112253776435
1629806564000,0.3157025185802469
1629806594000,0.3119590905762305
1629806624000,0.31281673313106795
1629806654000,0.3110685486187845
1629806684000,0.3122053414371257
1629806714000,0.314153037144623
1629806744000,0.31695883424408017
1629806774000,0.3205654950617284
1629806804000,0.3106515182881773
1629806834000,0.3191767251069029
1629806864000,0.31639767269417474
1629806894000,0.3200413090409285
1629806924000,0.3183847994409938
1629806954000,0.32204549007398275
1629806984000,0.3169443760843373
1629807014000,0.3153981051266586
1629807044000,0.31552184266585515
1629807074000,0.3168990580449302
1629807104000,0.3118420862530414
1629807134000,0.31430632970660144
1629807164000,0.3123207655043587
1629807194000,0.3164449863636364
1629807224000,0.317868631990232
1629807254000,0.3156655215422277
1629807284000,0.316391725
1629807314000,0.3172912272063299
1629807344000,0.3159144721362229
1629807374000,0.3187852930971289
1629807404000,0.3207683067354369
1629807434000,0.3131197892945545
1629807464000,0.3101773859553948
1629807494000,0.3173529009779951
1629807524000,0.31311844990712073
1629807554000,0.3128469812844037
1629807584000,0.3143524881334981
1629807614000,0.3123720918153846
1629807644000,0.3118896705882353
1629807674000,0.3112631417487685
1629807704000,0.31143793329275715
1629807734000,0.31813402253694584
1629807764000,0.32129308023399017
1629807794000,0.3196675063921328
1629807824000,0.31242114867692306
1629807854000,0.3184612955214724
1629807884000,0.3140812954084675
1629807914000,0.32192478926588525
1629807944000,0.3186905906367041
1629807974000,0.32173963331328925
1629808004000,0.3205122467117394
1629808034000,0.31123022287104624
1629808064000,0.3210000590405904
1629808094000,0.3243727528151775
1629808124000,0.31176295735917625
1629808154000,0.3155678335811648
1629808184000,0.3159983096522781
1629808214000,0.31510061231707315
1629808244000,0.3119882206979543
1629808274000,0.3120997941570298
1629808304000,0.3190940011480363
1629808334000,0.31771623897058826
1629808364000,0.3160835770949721
1629808394000,0.3159446695137157
1629808424000,0.313379493463653
1629808454000,0.3128119165841584
1629808484000,0.3150244833733493
1629808514000,0.31138701226993865
1629808544000,0.3112837241212121
1629808574000,0.3129635326206475
1629808604000,0.3186222157338309
1629808634000,0.3154334164841849
1629808664000,0.31894055538270066
1629808694000,0.3132277442319556
1629808724000,0.3144959646658416
1629808754000,0.31135269503414026
1629808784000,0.3104236340307692
1629808814000,0.3120322310449575
1629808844000,0.31249914326505274
1629808874000,0.3111690932515337
1629808904000,0.31717568
1629808934000,0.3113628952586207
1629808964000,0.31263061565164435
1629808994000,0.315776848027127
1629809024000,0.313127173255814
1629809054000,0.31227492665441176
1629809084000,0.3125228120342089
1629809114000,0.3143905262206148
1629809144000,0.3218850903811252
1629809174000,0.3175004580958156
1629809204000,0.3163974485696517
1629809234000,0.3131204479485609
1629809264000,0.31116033972019463
1629809294000,0.3222937375540457
1629809324000,0.3139502009864365
1629809354000,0.3117696909811091
1629809384000,0.3168528449754902
1629809414000,0.3134178071299093
1629809444000,0.3139434365089121
1629809474000,0.31507913212752914
1629809504000,0.3144686998174072
1629809534000,0.3190725020910209
1629809564000,0.31711693763906057
1629809594000,0.3140265346200241
1629809624000,0.3124286347879533
1629809654000,0.31596243604091456
1629809684000,0.3142839375382731
1629809714000,0.3124406478899083
1629809744000,0.31061095403466826
1629809774000,0.31407575837937385
1629809804000,0.3114414423261391
1629809834000,0.31386358227383865
1629809864000,0.3076827406231276
1629809894000,0.3175415602905569
1629809924000,0.30884614363636365
1629809954000,0.31132242140243904
1629809984000,0.31607388831804284
1629810014000,0.31211848043076923
1629810044000,0.3124939492044064
1629810074000,0.3158093177668106
1629810104000,0.3131737160516605
1629810134000,0.31104485693160816
1629810164000,0.3132262984452736
1629810194000,0.3112734535757576
1629810224000,0.3151680289359054
1629810254000,0.316599716737675
1629810284000,0.31694660783833434
1629810314000,0.31185525777374473
1629810344000,0.3178324202069385
1629810374000,0.3154287320394332
1629810404000,0.3141244603194103
1629810434000,0.3215668777093596
1629810464000,0.3133036420698101
1629810494000,0.3211485118613139
1629810524000,0.31200146474597273
1629810554000,0.3125082856879607
1629810584000,0.3154017408951563
1629810614000,0.3202699262376237
1629810644000,0.31194275482483097
1629810674000,0.3142446205793603
1629810704000,0.3175455377487562
1629810734000,0.3153525327858881
1629810764000,0.3181753834766585
1629810794000,0.3133751233147805
1629810824000,0.3177622117647059
1629810854000,0.31387615102040817
1629810884000,0.3190233216266174
1629810914000,0.3200285359801489
1629810944000,0.31564898397553515
1629810974000,0.3161926023882425
1629811004000,0.3115491419975933
1629811034000,0.3127751049636804
1629811064000,0.3174663411001236
1629811094000,0.3162752191528545
1629811124000,0.3175771393412057
1629811154000,0.31794129503372165
1629811184000,0.31606703858173074
1629811214000,0.31966518964460783
1629811244000,0.3112550506965475
1629811274000,0.31222676280637257
1629811304000,0.31497724324487336
1629811334000,0.31244796062305297
1629811364000,0.3115101805589308
1629811394000,0.3158291532973621
1629811424000,0.3170505495412844
1629811454000,0.3151159204642639
1629811484000,0.31640998164748635
1629811514000,0.3125869683426443
1629811544000,0.3156167845310597
1629811574000,0.3167043421372192
1629811604000,0.3129949434570907
1629811634000,0.3127928389195825
1629811664000,0.31406685849753696
1629811694000,0.3146750627607362
1629811724000,0.31417920272562083
1629811754000,0.3127500283858998
1629811784000,0.31451509375
1629811814000,0.3181411934315531
1629811844000,0.3170832836797066
1629811874000,0.3127125938264059
1629811904000,0.3115366824773414
1629811934000,0.31618674846059114
1629811964000,0.3188778564741641
1629811994000,0.3111915605459057
1629812024000,0.3171290643478261
1629812054000,0.31256580766889835
1629812084000,0.32141001343012704
1629812114000,0.3117571246350365
1629812144000,0.3086393150569886
1629812174000,0.3132686972205065
1629812204000,0.312334850373599
1629812234000,0.3150991569528416
1629812264000,0.3142016070431087
1629812294000,0.3181649357142857
1629812324000,0.3220817815645846
1629812354000,0.3246600683043739
1629812384000,0.3120317102642901
1629812414000,0.31910719474637683
1629812444000,0.3166827812232416
1629812474000,0.3157935489757914
1629812504000,0.31148721618102915
1629812534000,0.3157152822992701
1629812564000,0.3146954938537185
1629812594000,0.31292177200725513
1629812624000,0.3112157563868613
1629812654000,0.3116720222629969
1629812684000,0.31774029858548586
1629812714000,0.3143637835158151
1629812744000,0.31647870713846155
1629812774000,0.3184128743276284
1629812804000,0.3157829808679707
1629812834000,0.3203560823384615
1629812864000,0.3193656868184542
1629812894000,0.3121193248473749
1629812924000,0.3156019398510242
1629812954000,0.3114674118738405
1629812984000,0.3114202183736809
1629813014000,0.3169435656
1629813044000,0.3118523064259486
1629813074000,0.3137387618204032
1629813104000,0.31959184170292104
1629813134000,0.31873606108404384
1629813164000,0.31541059711365005
1629813194000,0.3090261409945421
1629813224000,0.3096913617466175
1629813254000,0.3176318856185253
1629813284000,0.3172576817636473
1629813314000,0.3173007681177192
1629813344000,0.3126516577439024
1629813374000,0.31504304344660194
1629813404000,0.310606936686747
1629813434000,0.3123669694527961
1629813464000,0.3112677521792511
1629813494000,0.3131982922885572
1629813524000,0.3119925908536585
1629813554000,0.3136225318822808
1629813584000,0.3131648010487353
1629813614000,0.3180148945553539
1629813644000,0.31371611274509803
1629813674000,0.3110800289185905
1629813704000,0.31117497045177045
1629813734000,0.3161487804054054
1629813764000,0.3134705831508516
1629813794000,0.3140505258515815
1629813824000,0.31080484270959896
1629813854000,0.31340512056650244
1629813884000,0.31720685308261404
1629813914000,0.3141035775946276
1629813944000,0.3177872179204893
1629813974000,0.3183025629061925
1629814004000,0.3142553299031477
1629814034000,0.3162561255569307
1629814064000,0.3147908822303921
1629814094000,0.31963496937769564
1629814124000,0.3148899710542352
1629814154000,0.31889999093152377
1629814184000,0.31315826989946777
1629814214000,0.3127379696210269
1629814244000,0.3134579109622412
1629814274000,0.3177399950909091
1629814304000,0.3080713081547619
1629814334000,0.3172663912128713
1629814364000,0.3172501226911315
1629814394000,0.3125756631834751
1629814424000,0.32145512981481483
1629814454000,0.31311648300370826
1629814484000,0.3229322308293269
1629814514000,0.3126139160148976
1629814544000,0.3227412860923077
1629814574000,0.31409647603203944
1629814604000,0.3195803335946924
1629814634000,0.3133532883735312
1629814664000,0.3221404845180723
1629814694000,0.3134643093653728
1629814724000,0.32206898303516346
1629814754000,0.3106813250153657
1629814784000,0.31379862467929137
1629814814000,0.3153161907692308
1629814844000,0.31101961272838
1629814874000,0.31657953154947105
1629814904000,0.3115517540357363
1629814934000,0.3125140143555284
1629814964000,0.3130311930930931
1629814994000,0.3156207319657073
1629815024000,0.31369229059674497
1629815054000,0.3141830332305796
1629815084000,0.3217797406905055
1629815114000,0.3119649509657321
1629815144000,0.3196487320221266
1629815174000,0.3146673603469641
1629815204000,0.3233731837137569
1629815234000,0.317809926889715
1629815264000,0.3134987335161487
1629815294000,0.31319145115151514
1629815324000,0.31857754627046697
1629815354000,0.31130895646050216
1629815384000,0.31236757671732523
1629815414000,0.31544080796515245
1629815444000,0.3138930077303649
1629815474000,0.31136663938650305
1629815504000,0.31328638110571083
1629815534000,0.31024613881140084
1629815564000,0.31264181585740625
1629815594000,0.3133945323832626
1629815624000,0.3155591764127764
1629815654000,0.31599945652985073
1629815684000,0.3114285109191857
1629815714000,0.3165416452784504
1629815744000,0.3130636595429277
1629815774000,0.3126639086185819
1629815804000,0.3213398662818955
1629815834000,0.31193952900120336
1629815864000,0.31687584355638165
1629815894000,0.3127795040391677
1629815924000,0.3191477157894737
1629815954000,0.3179275040197897
1629815984000,0.3208169318688119
1629816014000,0.3195065964241677
1629816044000,0.3166008108190709
1629816074000,0.3161787463892289
1629816104000,0.32152298180158245
1629816134000,0.3135247349264706
1629816164000,0.3126401151022864
1629816194000,0.31224965469512195
1629816224000,0.31624075676506763
1629816254000,0.3191633340412621
1629816284000,0.3170337206339341
1629816314000,0.31552589293611794
1629816344000,0.3184300958050586
1629816374000,0.3122938334545455
1629816404000,0.3128258454323995
1629816434000,0.3140711796296296
1629816464000,0.3125319063530849
1629816494000,0.3178299488808227
1629816524000,0.31970022223587224
1629816554000,0.3119984012907191
1629816584000,0.3156990464901478
1629816614000,0.31601252728960394
1629816644000,0.3155513794512195
1629816674000,0.31900257234432233
1629816704000,0.3155781548862938
1629816734000,0.31206511114513164
1629816764000,0.3163354956521739
1629816794000,0.3110353910539216
1629816824000,0.31168691505441354
1629816854000,0.3172716507985258
1629816884000,0.3138721207640173
1629816914000,0.31290270298598416
1629816944000,0.3126896935304991
1629816974000,0.3109379103553921
1629817004000,0.3121722081180812
1629817034000,0.3107353620855937
1629817064000,0.3147792815645846
1629817094000,0.31367944046454765
1629817124000,0.31112910952669903
1629817154000,0.3208685870114251
1629817184000,0.3127879190797546
1629817214000,0.3120499846059865
1629817244000,0.31895583640270103
1629817274000,0.3134519609981516
1629817304000,0.3158280661339889
1629817334000,0.3132205174907293
1629817364000,0.3125517951770452
1629817394000,0.3214088472256473
1629817424000,0.3190772944751381
1629817454000,0.31692535066909977
1629817484000,0.31360662991880073
1629817514000,0.3167502465273509
1629817544000,0.3170546386181369
1629817574000,0.3117362662145499
1629817604000,0.3157826661509901
1629817634000,0.3229445165749236
1629817664000,0.3164721620307692
1629817694000,0.3125341884236453
1629817724000,0.3170765649358583
1629817754000,0.3125874407790627
1629817784000,0.32102817288135593
1629817814000,0.31096354518252545
1629817844000,0.31417572125307125
1629817874000,0.31418468019500306
1629817904000,0.31587002432762834
1629817934000,0.3127832743209877
1629817964000,0.31810920018461536
1629817994000,0.3178392358607831
1629818024000,0.3188840474169742
1629818054000,0.313455046629902
1629818084000,0.31628701279069765
1629818114000,0.3204362972409565
1629818144000,0.3177576419452888
1629818174000,0.3167340698249849
1629818204000,0.31113465268620266
1629818234000,0.3157380347137637
1629818264000,0.3187302848054355
1629818294000,0.3213566087925697
1629818324000,0.3149924271084337
1629818354000,0.32158501619631896
1629818384000,0.3113985223871367
1629818414000,0.3092401973088685
1629818444000,0.31339941309963104
1629818474000,0.31403705033929674
1629818504000,0.3170805025862069
1629818534000,0.31375983345610803
1629818564000,0.3138603848929664
1629818594000,0.3105775820403177
1629818624000,0.3153456338262477
1629818654000,0.3143746262406948
1629818684000,0.31289512113970586
1629818714000,0.3164791865561694
1629818744000,0.3130754745421245
1629818774000,0.3191650505904288
1629818804000,0.3208134588021779
1629818834000,0.31882143650213285
1629818864000,0.3135591280788177
1629818894000,0.31757814326982176
1629818924000,0.31515056422073984
1629818954000,0.3202179285024155
1629818984000,0.31993976656497863
1629819014000,0.31700779920537897
1629819044000,0.3138970692071297
1629819074000,0.31305909251659625
1629819104000,0.3162190000613121
1629819134000,0.30966278208232445
1629819164000,0.3190031071038251
1629819194000,0.3194469150243309
1629819224000,0.3152633678373383
1629819254000,0.31434094727047146
1629819284000,0.3158603024059223
1629819314000,0.3155137671798029
1629819344000,0.3167194751985339
1629819374000,0.3137762288943189
1629819404000,0.3130850808886184
1629819434000,0.3183199883251834
1629819464000,0.3119239141538461
1629819494000,0.3141344644416719
1629819524000,0.3124528066994469
1629819554000,0.31227853662754784
1629819584000,0.31307616412583184
1629819614000,0.3148840839108911
1629819644000,0.31286037344972906
1629819674000,0.3100267068056407
1629819704000,0.3172639283169533
1629819734000,0.3171297783898305
1629819764000,0.3166149979318735
1629819794000,0.3120955633312996
1629819824000,0.3191807250455927
1629819854000,0.3238307409866017
1629819884000,0.31752845496043824
1629819914000,0.314612928031688
1629819944000,0.3138188767080745
1629819974000,0.3198468175891759
1629820004000,0.3179569828464885
1629820034000,0.3138474882674772
1629820064000,0.31496299732522803
1629820094000,0.3144496497251069
1629820124000,0.3210635198275862
1629820154000,0.31096720319803195
1629820184000,0.3184015717870257
1629820214000,0.3183036528220859
1629820244000,0.3184704204878049
1629820274000,0.3196384434941967
1629820304000,0.31136378377381685
1629820334000,0.3124597860436137
1629820364000,0.32038754709876544
1629820394000,0.3116436057953144
1629820424000,0.3154905966257669
1629820454000,0.3130537781927711
1629820484000,0.3178162731076923
1629820514000,0.3125228496909765
1629820544000,0.3131085
1629820574000,0.31128203800988874
1629820604000,0.3112216069478908
1629820634000,0.3116552251820388
1629820664000,0.31853855723114954
1629820694000,0.3118947964504284
1629820724000,0.3163635772616137
1629820754000,0.3125503340256567
1629820784000,0.3151154705040448
1629820814000,0.31113076654456656
1629820844000,0.3197400427518428
1629820874000,0.3171201089651023
1629820904000,0.31702949400374764
1629820934000,0.3163691877613776
1629820964000,0.31714599945520583
1629820994000,0.3136796654478976
1629821024000,0.3135453824539877
1629821054000,0.3124562333538461
1629821084000,0.3124832323583181
1629821114000,0.3158347242665037
1629821144000,0.3116029875761267
1629821174000,0.3125679110707804
1629821204000,0.3121931103277675
1629821234000,0.3116011022797289
1629821264000,0.31093726459589865
1629821294000,0.3159135154174284
1629821324000,0.3135234528910529
1629821354000,0.3174611766707921
1629821384000,0.3134061246200608
1629821414000,0.3126516479828851
1629821444000,0.3164110001841621
1629821474000,0.31410096028412604
1629821504000,0.3122816083028083
1629821534000,0.3194553503380455
1629821564000,0.31222956559270515
1629821594000,0.3131800982009926
1629821624000,0.3118866045899633
1629821654000,0.31192151433756804
1629821684000,0.3146708262394196
1629821714000,0.3165445455155583
1629821744000,0.3172954492966361
1629821774000,0.3151277718730934
1629821804000,0.31667339482653684
1629821834000,0.3226379964749536
1629821864000,0.32174069487970386
1629821894000,0.3166279361128142
1629821924000,0.3148037249850568
1629821954000,0.3132348673147023
1629821984000,0.3226523486388385
1629822014000,0.31531291825825825
1629822044000,0.3144004331710286
1629822074000,0.31496801197097946
1629822104000,0.320601089010989
1629822134000,0.316547363377724
1629822164000,0.3149041498759305
1629822194000,0.3113043261453879
1629822224000,0.3124309287220844
1629822254000,0.3198890773780488
1629822284000,0.3125329306658522
1629822314000,0.3232207064535956
1629822344000,0.3133860228287841
1629822374000,0.31264481024390245
1629822404000,0.3129710817682927
1629822434000,0.3125193765281173
1629822464000,0.3134947259764414
1629822494000,0.3175584437422553
1629822524000,0.3166600830538922
1629822554000,0.3185209385176185
1629822584000,0.3131027673741661
1629822614000,0.3140139727945713
1629822644000,0.3123724517704517
1629822674000,0.31919517022058824
1629822704000,0.31149638199753393
1629822734000,0.31229394039167685
1629822764000,0.31558483942366644
1629822794000,0.3181265260598504
1629822824000,0.3165372913602941
1629822854000,0.3180802579075426
1629822884000,0.3171600038295244
1629822914000,0.32070163895631065
1629822944000,0.3148487316370325
1629822974000,0.3192055790726053
1629823004000,0.3148754633272617
1629823034000,0.3129235534556575
1629823064000,0.3123709085470085
1629823094000,0.3162885600496278
1629823124000,0.3169778038271605
1629823154000,0.31230678922702376
1629823184000,0.3180079382746051
1629823214000,0.3125271224190593
1629823244000,0.3146479104077906
1629823274000,0.31470782440944883
1629823304000,0.312716339608802
1629823334000,0.314346839414277
1629823364000,0.31204944583582983
1629823394000,0.3121592800361882
1629823424000,0.3139070712974296
1629823454000,0.3157473013922518
1629823484000,0.31142307559342663
1629823514000,0.31637738227079537
1629823544000,0.31628578094089266
1629823574000,0.3175478627475248
1629823604000,0.3125262434178744
1629823634000,0.3179746403422983
1629823664000,0.31725887993939395
1629823694000,0.3173211549390244
1629823724000,0.3180961696385542
1629823754000,0.3150224466137889
1629823784000,0.3165193511825349
1629823814000,0.31670512104316545
1629823844000,0.3143501223771983
1629823874000,0.3142476056500608
1629823904000,0.3125191358262968
1629823934000,0.3218670013381995
1629823964000,0.3126909131725417
1629823994000,0.3138594031496063
1629824024000,0.3138223718075262
1629824054000,0.3121087512866547
1629824084000,0.3141018387135922
1629824114000,0.3196225921100917
1629824144000,0.3189884247700797
1629824174000,0.31597329414664205
1629824204000,0.3163380763855422
1629824234000,0.3151018348512447
1629824264000,0.31818070812910937
1629824294000,0.3215671574663403
1629824324000,0.3164502498786408
1629824354000,0.31375940649112066
1629824384000,0.31303764263093786
1629824414000,0.319865577811736
1629824444000,0.32058450407542577
1629824474000,0.3142608129926108
1629824504000,0.3184597704938272
1629824534000,0.3115336540803897
1629824564000,0.3165007195599022
1629824594000,0.31314468211432084
1629824624000,0.31537487450617285
1629824654000,0.311468402200489
1629824684000,0.3156343692307692
1629824714000,0.31246266551297897
1629824744000,0.3129162576484703
1629824774000,0.3148569426716141
1629824804000,0.3141186603310852
1629824834000,0.31170145311152186
1629824864000,0.31257865313469896
1629824894000,0.3144152832727273
1629824924000,0.31379908552955665
1629824954000,0.3126702219526986
1629824984000,0.3159508197303921
1629825014000,0.3121897681874229
1629825044000,0.31414086577017114
1629825074000,0.3147792373599004
1629825104000,0.3115822055862492
1629825134000,0.3171547611077664
1629825164000,0.3133398534598898
1629825194000,0.31687837476693603
1629825224000,0.312709112645795
1629825254000,0.31058772460270745
1629825284000,0.31291884360675515
1629825314000,0.3134136447303922
1629825344000,0.3155760836621455
1629825374000,0.316080702994012
1629825404000,0.3201176390018484
1629825434000,0.3134676022592152
1629825464000,0.3138375347931873
1629825494000,0.3173708347457627
1629825524000,0.3171529804213135
1629825554000,0.3229326605693519
1629825584000,0.3187875043187348
1629825614000,0.3178377070731707
1629825644000,0.3118539669522644
1629825674000,0.31078750030618496
1629825704000,0.3182079181195517
1629825734000,0.3162070028915663
1629825764000,0.31342268768382353
1629825794000,0.3128121559627329
1629825824000,0.3195937729355033
1629825854000,0.31318696272838004
1629825884000,0.3160571133292757
1629825914000,0.31234168382173383
1629825944000,0.3186009345274861
1629825974000,0.3135498086344152
1629826004000,0.3199228168286756
1629826034000,0.3126883253712871
1629826064000,0.3160637731633273
1629826094000,0.31802809004328997
1629826124000,0.3158872293134328
1629826154000,0.314081345308642
1629826184000,0.3175195945962356
1629826214000,0.316166048057382
1629826244000,0.3171596356660528
1629826274000,0.315769383801956
1629826304000,0.3129554228027044
1629826334000,0.3171650408138101
1629826364000,0.31618599811893205
1629826394000,0.31377631256965943
1629826424000,0.3125903478393183
1629826454000,0.31406837741347904
1629826484000,0.31176710615478365
1629826514000,0.31337500702933985
1629826544000,0.3143513972154964
1629826574000,0.3179397473296501
1629826604000,0.32152789
1629826634000,0.31340595803461063
1629826664000,0.3198946637973138
1629826694000,0.316166858955677
1629826724000,0.3200695578655151
1629826754000,0.3178690263829787
1629826784000,0.3115086219346889
1629826814000,0.3066996932375823
1629826844000,0.31582632360172097
1629826874000,0.31230048567870483
1629826904000,0.31342245805471125
1629826934000,0.3121636050030506
1629826964000,0.3169200454489545
1629826994000,0.3121963391816491
1629827024000,0.3136417357926829
1629827054000,0.32214620043236564
1629827084000,0.31336222302917444
1629827114000,0.3178556305759804
1629827144000,0.3165603671523983
1629827174000,0.3172475252285192
1629827204000,0.3208596528290283
1629827234000,0.3175369958307405
1629827264000,0.3155315016059296
1629827294000,0.31285472895705524
1629827324000,0.31653000337477805
1629827354000,0.3090271323226197
1629827384000,0.311518855407855
1629827414000,0.3197082701529052
1629827444000,0.30751230500308835
1629827474000,0.3165165332716049
1629827504000,0.31329386400499065
1629827534000,0.3138989562804878
1629827564000,0.3122830305961071
1629827594000,0.3154672164841849
1629827624000,0.315777864251497
1629827654000,0.31413401491442544
1629827684000,0.30343875610357585
1629827714000,0.31191427138535993
1629827744000,0.3129848226044226
1629827774000,0.3134191440781441
1629827804000,0.3119882186316433
1629827834000,0.3179881210428305
1629827864000,0.3122727785180573
1629827894000,0.3139485303178484
1629827924000,0.3165795278388278
1629827954000,0.311877982374541
1629827984000,0.3118099184520124
1629828014000,0.31719641824324324
1629828044000,0.31455421006794315
1629828074000,0.31231381356753485
1629828104000,0.32242492745341617
1629828134000,0.3120334651459854
1629828164000,0.31694879820655536
1629828194000,0.3175803660365853
1629828224000,0.3133383175257732
1629828254000,0.31543142654813
1629828284000,0.3177445438756856
1629828314000,0.3174183227439024
1629828344000,0.3145373987092809
1629828374000,0.31314293957055217
1629828404000,0.3154595765379976
1629828434000,0.31522567782555283
1629828464000,0.31424657676399026
1629828494000,0.3217846828834356
1629828524000,0.3135504835775336
1629828554000,0.31875146051502146
1629828584000,0.31568627343465044
1629828614000,0.31241496678832115
1629828644000,0.31176522642770355
1629828674000,0.3155983035474006
1629828704000,0.3166431611488573
1629828734000,0.3193502321297429
1629828764000,0.3174881657551274
1629828794000,0.3169829726772616
1629828824000,0.3177810569145667
1629828854000,0.31150111620626153
1629828884000,0.3177837929433052
1629828914000,0.31316310049751245
1629828944000,0.3123672311406156
1629828974000,0.3175798742647059
1629829004000,0.31785013178199634
1629829034000,0.31248165418181817
1629829064000,0.3117949655487805
1629829094000,0.311682199877601
1629829124000,0.3131787306084819
1629829154000,0.3125743588343558
1629829184000,0.3130460936352509
1629829214000,0.31782304347557205
1629829244000,0.31396195454545456
1629829274000,0.31120630474452554
1629829304000,0.320942369700672
1629829334000,0.321095671875
1629829364000,0.31789604695009244
1629829394000,0.31753516965265083
1629829424000,0.3127206514339152
1629829454000,0.3127434281577326
1629829484000,0.31973403982895543
1629829514000,0.3123632876307692
1629829544000,0.31779944510638297
1629829574000,0.3209762330487805
1629829604000,0.321002882563791
1629829634000,0.3118710915544676
1629829664000,0.3163475727941176
1629829694000,0.31287429268738576
1629829724000,0.3121494186683261
1629829754000,0.3162665450423217
1629829784000,0.3147959569258809
1629829814000,0.3209545709895513
1629829844000,0.316576580816078
1629829874000,0.3224337137409201
1629829904000,0.3170297263190184
1629829934000,0.3167887247115969
1629829964000,0.31775774826113484
1629829994000,0.3219078527136619
1629830024000,0.3181461975925926
1629830054000,0.3110516155161881
1629830084000,0.3179383822291021
1629830114000,0.3126631330073349
1629830144000,0.31804545324357403
1629830174000,0.3181712906650397
1629830204000,0.3213644458845209
1629830234000,0.3172212567878788
1629830264000,0.3181765500308452
1629830294000,0.31863403380804955
1629830324000,0.31723971853688776
1629830354000,0.3116482621406728
1629830384000,0.3146071651176825
1629830414000,0.31625588527418363
1629830444000,0.31697463125
1629830474000,0.31073403948161543
1629830504000,0.31184571920489296
1629830534000,0.3125355624390244
1629830564000,0.3134095734990904
1629830594000,0.3120234889156627
1629830624000,0.3123623647058824
1629830654000,0.31290635769704433
1629830684000,0.3163087062885327
1629830714000,0.30961414096096096
1629830744000,0.3182524412747525
1629830774000,0.30992665474722564
1629830804000,0.321423760123839
1629830834000,0.32283953966040024
1629830864000,0.3197553850973236
1629830894000,0.3200373927172583
1629830924000,0.3195730959876543
1629830954000,0.3122878560856269
1629830984000,0.3178493490396159
1629831014000,0.3259888481912937
1629831044000,0.32217719569957604
1629831074000,0.31731837298780485
1629831104000,0.3183441286338116
1629831134000,0.3115551046894032
1629831164000,0.3132413588092345
1629831194000,0.3140309457875458
1629831224000,0.31115921874236874
1629831254000,0.3191356153610771
1629831284000,0.3174731780397022
1629831314000,0.3169618706683168
1629831344000,0.3112784296273671
1629831374000,0.3159480771639042
1629831404000,0.31593892373088683
1629831434000,0.3116713809785933
1629831464000,0.3117283251675808
1629831494000,0.31257956798272674
1629831524000,0.31141738300613503
1629831554000,0.3134805571078431
1629831584000,0.31096512718327185
1629831614000,0.310515661668682
1629831644000,0.3207211538557214
1629831674000,0.3130711123011016
1629831704000,0.31951349638178417
1629831734000,0.3119848154878049
1629831764000,0.3164903135771854
1629831794000,0.31162487127985306
1629831824000,0.3117602743102391
1629831854000,0.31761931730187537
1629831884000,0.31487547467968274
1629831914000,0.31677413393077875
1629831944000,0.3174087617391304
1629831974000,0.31798153234223303
1629832004000,0.3164168868259804
1629832034000,0.3184904506445672
1629832064000,0.32173385313267816
1629832094000,0.31565681420731706
1629832124000,0.3186214428140097
1629832154000,0.3178119034756098
1629832184000,0.318950397815534
1629832214000,0.3226856639830509
1629832244000,0.3200295096400244
1629832274000,0.37488372639472106
1629832304000,0.3764298189073051
1629832334000,0.3760918169565217
1629832364000,0.3699643570642202
1629832394000,0.3757216787658802
1629832424000,0.3269015036014406
1629832454000,0.31428876258379035
1629832484000,0.3182038642725599
1629832514000,0.31537110108630056
1629832544000,0.3145779053276179
1629832574000,0.3152361981016534
1629832604000,0.3175178755391251
1629832634000,0.3215319600991326
1629832664000,0.3147075645460161
1629832694000,0.3150974987060998
1629832724000,0.31817873831488314
1629832754000,0.31639440012269937
1629832784000,0.3234509716525935
1629832814000,0.31635999483394833
1629832844000,0.3138628006594724
1629832874000,0.31713684879406306
1629832904000,0.3125808203907204
1629832934000,0.315330363016158
1629832964000,0.3102721800369686
1629832994000,0.3174748411192214
1629833024000,0.3163370575477511
1629833054000,0.3138436310769231
1629833084000,0.3139736903341289
1629833114000,0.3116218630262355
1629833144000,0.3160929641945289
1629833174000,0.3172854000616903
1629833204000,0.31317904896341464
1629833234000,0.3127558457178065
1629833264000,0.3137955150366748
1629833294000,0.3130083505761067
1629833324000,0.3120597133126935
1629833354000,0.3130005672467371
1629833384000,0.3118300368548877
1629833414000,0.3166615121415497
1629833444000,0.31183112962056303
1629833474000,0.3125482828344533
1629833504000,0.31535565144083383
1629833534000,0.3175394606396064
1629833564000,0.31405437391041163
1629833594000,0.3153529924984501
1629833624000,0.3145400110844817
1629833654000,0.3143927443847073
1629833684000,0.31386676670739155
1629833714000,0.31506531648216485
1629833744000,0.3185217795792079
1629833774000,0.3169628308266004
1629833804000,0.32169116155268024
1629833834000,0.31269302650090963
1629833864000,0.3129256686862628
1629833894000,0.3158470421441775
1629833924000,0.32146376711656444
1629833954000,0.316918879204893
1629833984000,0.31367617688534644
1629834014000,0.312293119266055
1629834044000,0.3129298301529052
1629834074000,0.3128258854368932
1629834104000,0.3167280901212121
1629834134000,0.3164134244108761
1629834164000,0.3136584123011016
1629834194000,0.3126747436611008
1629834224000,0.3178855518050542
1629834254000,0.3154975898108603
1629834284000,0.3106018225317989
1629834314000,0.31801126776512884
1629834344000,0.31835077714987714
1629834374000,0.3176109141033435
1629834404000,0.3125202455100794
1629834434000,0.3213978156326034
1629834464000,0.31476702995110023
1629834494000,0.3180109566625917
1629834524000,0.31698400846528624
1629834554000,0.3159408750153846
1629834584000,0.31887410847560976
1629834614000,0.3175570854721549
1629834644000,0.312263781004902
1629834674000,0.3156867558297347
1629834704000,0.3157665409174312
1629834734000,0.3112212495429616
1629834764000,0.3142214046228711
1629834794000,0.31415893561893204
1629834824000,0.3150850362858888
1629834854000,0.31378992191864
1629834884000,0.3129555591411043
1629834914000,0.3226824866342649
1629834944000,0.31741143867403315
1629834974000,0.3135496570725707
1629835004000,0.3127054652200121
1629835034000,0.3140240901851852
1629835064000,0.31282399594843463
1629835094000,0.3187247762077295
1629835124000,0.3121136074608905
1629835154000,0.3137321495462795
1629835184000,0.31637455142150805
1629835214000,0.3144496328476017
1629835244000,0.32144026381660473
1629835274000,0.3180965298159509
1629835304000,0.3151208068716094
1629835334000,0.3144257407565589
1629835364000,0.31696244214773434
1629835394000,0.3130513527018822
1629835424000,0.3162633239900559
1629835454000,0.3179392328883495
1629835484000,0.3111741050868486
1629835514000,0.3170961583182093
1629835544000,0.3196442165850673
1629835574000,0.3172649398181818
1629835604000,0.3162696131914894
1629835634000,0.3157188342089188
1629835664000,0.31794944159509203
1629835694000,0.3245864906626506
1629835724000,0.3164124849230769
1629835754000,0.3192446891397193
1629835784000,0.3166307275301205
1629835814000,0.32232211523341525
1629835844000,0.3197405408839779
1629835874000,0.3111558911285456
1629835904000,0.31379046762020696
1629835934000,0.31943339561777234
1629835964000,0.3163559964177292
1629835994000,0.3100382916969697
1629836024000,0.3139050570552147
1629836054000,0.313129125472273
1629836084000,0.3124169077447336
1629836114000,0.31565060470660145
1629836144000,0.314641095263789
1629836174000,0.3160824699456849
1629836204000,0.3172823909371147
1629836234000,0.3128020698538368
1629836264000,0.31902091335365856
1629836294000,0.31100527300123
1629836324000,0.3124050811414392
1629836354000,0.3120156608297743
1629836384000,0.3151881937690898
1629836414000,0.3157729782227785
1629836444000,0.31200086014580797
1629836474000,0.3151091818347509
1629836504000,0.3140258542559706
1629836534000,0.3149053409987669
1629836564000,0.3114653872249389
1629836594000,0.3119209141284404
1629836624000,0.32176432181709497
1629836654000,0.3140265416458853
1629836684000,0.3191880080098583
1629836714000,0.3119102989110708
1629836744000,0.3142703105359318
1629836774000,0.3169938651796778
1629836804000,0.3219046260232132
1629836834000,0.3115011847799511
1629836864000,0.3187094660434258
1629836894000,0.3113879626293366
1629836924000,0.3139376485106383
1629836954000,0.3148832738375697
1629836984000,0.3176630375
1629837014000,0.31474216134969324
1629837044000,0.3198180599876314
1629837074000,0.3159518871384616
1629837104000,0.3222317350931677
1629837134000,0.31936760546780074
1629837164000,0.3138263787730061
1629837194000,0.31444741440833845
1629837224000,0.3131789364990689
1629837254000,0.32123618126535625
1629837284000,0.3110380458946078
1629837314000,0.3198876544670364
1629837344000,0.3148833358444714
1629837374000,0.3160795066749073
1629837404000,0.3152621024434942
1629837434000,0.3113067808185705
1629837464000,0.31143782153374233
1629837494000,0.3133034599510104
1629837524000,0.31486860954682777
1629837554000,0.3172512958536585
1629837584000,0.3136015320388349
1629837614000,0.3126832850855746
1629837644000,0.3213196444311377
1629837674000,0.3152848599282297
1629837704000,0.31425258144078144
1629837734000,0.31327094707711445
1629837764000,0.3213586114180479
1629837794000,0.32035863611281423
1629837824000,0.3134559464547677
1629837854000,0.31155326693057245
1629837884000,0.3163113445058318
1629837914000,0.3116725557798165
1629837944000,0.3164903617359413
1629837974000,0.31961925733662144
1629838004000,0.3134081380952381
1629838034000,0.31727638313917844
1629838064000,0.3228795821601942
1629838094000,0.32076905733414485
1629838124000,0.31366774520464263
1629838154000,0.3155424368615385
1629838184000,0.3172316891397193
1629838214000,0.31093814184748914
1629838244000,0.31148723936816525
1629838274000,0.31700448963414635
1629838304000,0.3118923823493609
1629838334000,0.3129600728729963
1629838364000,0.3168280545454545
1629838394000,0.31279386991525426
1629838424000,0.3179151466911765
1629838454000,0.3127180046826864
1629838484000,0.3123566523692308
1629838514000,0.3157969649567367
1629838544000,0.3109768279027356
1629838574000,0.3176027811629316
1629838604000,0.3151658496656535
1629838634000,0.31494618302808297
1629838664000,0.3162400262583384
1629838694000,0.3175912585441086
1629838724000,0.3220127431076179
1629838754000,0.3152726791282996
1629838784000,0.3128956665443425
1629838814000,0.3136804912936849
1629838844000,0.31192834252733903
1629838874000,0.31228956985294115
1629838904000,0.3131273162129461
1629838934000,0.3145980334138973
1629838964000,0.3182807180614088
1629838994000,0.3141141370347773
1629839024000,0.31571995480362536
1629839054000,0.3147074559218559
1629839084000,0.3138324589016295
1629839114000,0.3136927289266222
1629839144000,0.3241287655256724
1629839174000,0.31598775785276073
1629839204000,0.311458772799511
1629839234000,0.3118844410240592
1629839264000,0.31862111289537715
1629839294000,0.31797513222222223
1629839324000,0.3126718980185759
1629839354000,0.3157637291100124
1629839384000,0.312906493974437
1629839414000,0.31661882602071906
1629839444000,0.3120851593654668
1629839474000,0.31295995021302503
1629839504000,0.3160627241295052
1629839534000,0.3154582375776397
1629839564000,0.31793984561933536
1629839594000,0.31858531246973365
1629839624000,0.31240656226299696
1629839654000,0.316418608045977
1629839684000,0.3156943619249395
1629839714000,0.3181145385696821
1629839744000,0.3204588279876161
1629839774000,0.31593033245881635
1629839804000,0.3134790840366973
1629839834000,0.3236434849172287
1629839864000,0.3138325734384476
1629839894000,0.3182737890176937
1629839924000,0.3193533153370439
1629839954000,0.31825461072303923
1629839984000,0.3167243665432099
1629840014000,0.3124559237349397
1629840044000,0.3167791690897984
1629840074000,0.31321378343634115
1629840104000,0.31687439582829496
1629840134000,0.3111762169099757
1629840164000,0.31045545957186543
1629840194000,0.3128380155279503
1629840224000,0.31312420055452866
1629840254000,0.3210182760762608
1629840284000,0.3132948018656717
1629840314000,0.3150749309523809
1629840344000,0.31142126852195423
1629840374000,0.3149596729598051
1629840404000,0.3123410101953602
1629840434000,0.3165491777093596
1629840464000,0.3141648839108911
1629840494000,0.3153552207650273
1629840524000,0.3187185837009804
1629840554000,0.31581385830778663
1629840584000,0.3194969319707138
1629840614000,0.3191392333943834
1629840644000,0.31673957484548826
1629840674000,0.3153188088522588
1629840704000,0.31873720600991323
1629840734000,0.3228587032987172
1629840764000,0.31551104336175395
1629840794000,0.3122840847970927
1629840824000,0.3130862029805353
1629840854000,0.3154245187268233
1629840884000,0.3160582138922889
1629840914000,0.315908628606357
1629840944000,0.3146399982576229
1629840974000,0.3146611983323407
1629841004000,0.3151354457072267
1629841034000,0.3111016942805539
1629841064000,0.3145641367965368
1629841094000,0.31192510229885057
1629841124000,0.3159743593393393
1629841154000,0.3202849974545455
1629841184000,0.3156894625153374
1629841214000,0.3208104532043531
1629841244000,0.3152450840096911
1629841274000,0.31540002185592186
1629841304000,0.3162338516324063
1629841334000,0.3143890521843208
1629841364000,0.3173984576555024
1629841394000,0.3126877725334957
1629841424000,0.31237508912912915
1629841454000,0.3144729818965517
1629841484000,0.3170682295042322
1629841514000,0.3182155633128834
1629841544000,0.311810125
1629841574000,0.3150481732411305
1629841604000,0.31704545543140905
1629841634000,0.31879096672805396
1629841664000,0.3113698920810313
1629841694000,0.31637757433354
1629841724000,0.31285228906536344
1629841754000,0.3116541006727829
1629841784000,0.31116211596130594
1629841814000,0.3177863118872549
1629841844000,0.31148506422073985
1629841874000,0.3172897211293261
1629841904000,0.3177713115783059
1629841934000,0.3204958254331683
1629841964000,0.3177126684596577
1629841994000,0.3127888529232643
1629842024000,0.3176809584756097
1629842054000,0.3133509873626374
1629842084000,0.3171721345432547
1629842114000,0.31533067185592184
1629842144000,0.31479094484029485
1629842174000,0.3168465177529485
1629842204000,0.3133846273060477
1629842234000,0.3179709498781973
1629842264000,0.31304743651176825
1629842294000,0.3187321328800989
1629842324000,0.31234838543990084
1629842354000,0.3160847227692308
1629842384000,0.3117851948967193
1629842414000,0.31072552512254903
1629842444000,0.3138345850432633
1629842474000,0.3111466607121304
1629842504000,0.31114435766467063
1629842534000,0.3232890407178218
1629842564000,0.31575895932721715
1629842594000,0.31814097711970074
1629842624000,0.3146093793883792
1629842654000,0.3139810112183353
1629842684000,0.3136805680425266
1629842714000,0.31854675941070354
1629842744000,0.3178310350833848
1629842774000,0.3119330010321797
1629842804000,0.3193885742979243
1629842834000,0.31153917562461914
1629842864000,0.31789034083541146
1629842894000,0.3191524651608911
1629842924000,0.31272888687615524
1629842954000,0.3179438096734443
1629842984000,0.3120223956070775
1629843014000,0.3207102344827586
1629843044000,0.3183665065420561
1629843074000,0.3184012369896405
1629843104000,0.3131628743985194
1629843134000,0.31352678220084185
1629843164000,0.32098499999999996
1629843194000,0.3182041768753875
1629843224000,0.3132444269764635
1629843254000,0.3086293623188406
1629843284000,0.3184250306501548
1629843314000,0.31944769535168194
1629843344000,0.3236213139877301
1629843374000,0.3149637882640587
1629843404000,0.3155725420481928
1629843434000,0.3124319378878281
1629843464000,0.3185959132798024
1629843494000,0.31343680887537995
1629843524000,0.3151943575
1629843554000,0.3162604253365973
1629843584000,0.3143940660779537
1629843614000,0.3153034834152334
1629843644000,0.320324309135201
1629843674000,0.3125632022643819
1629843704000,0.32046004231234865
1629843734000,0.3142071215040398
1629843764000,0.3061586429522081
1629843794000,0.31212010160493825
1629843824000,0.311646200990099
1629843854000,0.3128339893203884
1629843884000,0.31219494243932794
1629843914000,0.3170479436934219
1629843944000,0.31322011319358817
1629843974000,0.3162722580981595
1629844004000,0.31432837836684946
1629844034000,0.31730976787025705
1629844064000,0.3118662406362545
1629844094000,0.314429523313253
1629844124000,0.31324111647274955
1629844154000,0.3125069872996301
1629844184000,0.31705076703772417
1629844214000,0.316934760995086
1629844244000,0.3113893094948265
1629844274000,0.3131657445929526
1629844304000,0.31594523663366336
1629844334000,0.3182186149154589
1629844364000,0.3171210526674938
1629844394000,0.3109057030630631
1629844424000,0.3120242452541335
1629844454000,0.3160178799876467
1629844484000,0.3181545083538084
1629844514000,0.31104578721432985
1629844544000,0.3126728585230769
1629844574000,0.3194594701465201
1629844604000,0.3129054450152905
1629844634000,0.3112060422749392
1629844664000,0.312888467519805
1629844694000,0.3127247959484346
1629844724000,0.31677756691312386
1629844754000,0.31746511451612897
1629844784000,0.3139567435230024
1629844814000,0.3229373643768997
1629844844000,0.31692545392097266
1629844874000,0.3243333189448441
1629844904000,0.31428302830882354
1629844934000,0.3157304885448917
1629844964000,0.3182789359181141
1629844994000,0.31426874149000605
1629845024000,0.3115137475639464
1629845054000,0.31468965947432764
1629845084000,0.3149003457555689
1629845114000,0.3138159872749845
1629845144000,0.3178718056776557
1629845174000,0.31178620142857144
1629845204000,0.30842367675840976
1629845234000,0.310860061440678
1629845264000,0.3138311300434513
1629845294000,0.3147193491109749
1629845324000,0.3152271278054863
1629845354000,0.3122346149672033
1629845384000,0.31170954026602177
1629845414000,0.319271819987662
1629845444000,0.3156803497885197
1629845474000,0.31132116272509003
1629845504000,0.3133084896039604
1629845534000,0.32031514237082065
1629845564000,0.3159756437996335
1629845594000,0.3259777924096385
1629845624000,0.3130443646985705
1629845654000,0.3185070152200489
1629845684000,0.3184216821143208
1629845714000,0.3179570309884779
1629845744000,0.315013820970753
1629845774000,0.31213010172839506
1629845804000,0.3124532583690987
1629845834000,0.31063112716125074
1629845864000,0.3170831270401949
1629845894000,0.3169391169315404
1629845924000,0.30940026855036856
1629845954000,0.3118508494769231
1629845984000,0.31527023386211106
1629846014000,0.31541536589147284
1629846044000,0.3142123410526316
1629846074000,0.3145869557055215
1629846104000,0.3101477565030675
1629846134000,0.3179782361195851
1629846164000,0.3177244660505237
1629846194000,0.31472301236297195
1629846224000,0.3193375274509804
1629846254000,0.320059982700422
1629846284000,0.3191162937804878
1629846314000,0.31521043477991323
1629846344000,0.3127575882998172
1629846374000,0.3201923746158574
1629846404000,0.3198384685379396
1629846434000,0.31158546789441377
1629846464000,0.3207424436767428
1629846494000,0.3129749702153846
1629846524000,0.31374405235186315
1629846554000,0.32130427640586795
1629846584000,0.3116020533333333
1629846614000,0.3149100665452337
1629846644000,0.31165621109068625
1629846674000,0.3127331672693267
1629846704000,0.3155377972670808
1629846734000,0.3141506075702076
1629846764000,0.31259735623471885
1629846794000,0.3206531964046313
1629846824000,0.31182211463414633
1629846854000,0.3154568749388753
1629846884000,0.3138187707692308
1629846914000,0.3126906248166259
1629846944000,0.3107245968806239
1629846974000,0.3110223607902736
1629847004000,0.3113834702982349
1629847034000,0.31356647286153844
1629847064000,0.3158426106819553
1629847094000,0.31661313175965666
1629847124000,0.31552293938480097
1629847154000,0.3161785194461168
1629847184000,0.3110873443425076
1629847214000,0.3211057083850932
1629847244000,0.31672848185628744
1629847274000,0.3129965588235294
1629847304000,0.3188646103022825
1629847334000,0.3184593479635258
1629847364000,0.3162994997596154
1629847394000,0.31240748597339785
1629847424000,0.3137111193174893
1629847454000,0.31358617322738386
1629847484000,0.31212941336573513
1629847514000,0.3182317204863222
1629847544000,0.31210686174496644
1629847574000,0.3123906278588808
1629847604000,0.31728473061849355
1629847634000,0.3147794298065296
1629847664000,0.3102399628501827
1629847694000,0.3184180912776413
1629847724000,0.3103353341328413
1629847754000,0.3162202497572816
1629847784000,0.31663017884146344
1629847814000,0.318715525
1629847844000,0.3142092565508836
1629847874000,0.3121034717485999
1629847904000,0.3195563863499699
1629847934000,0.31170406989051097
1629847964000,0.31252599474660075
1629847994000,0.3157738008009858
1629848024000,0.3113418177529485
1629848054000,0.3113811795468463
1629848084000,0.3115669154121864
1629848114000,0.3155530446937538
1629848144000,0.3179807855828221
1629848174000,0.3212635637315271
1629848204000,0.3175639791970803
1629848234000,0.31854298451137064
1629848264000,0.316419868405094
1629848294000,0.32019404987966305
1629848324000,0.3127426690607735
1629848354000,0.3220512080981595
1629848384000,0.3133404580547112
1629848414000,0.3158715692400483
1629848444000,0.3143069409975669
1629848474000,0.3149811777173913
1629848504000,0.3161116646415553
1629848534000,0.3189277837109614
1629848564000,0.3160624636638452
1629848594000,0.31248100392397304
1629848624000,0.3153325492211838
1629848654000,0.3153588106291997
1629848684000,0.3123558789702233
1629848714000,0.31203681567534075
1629848744000,0.3117059158208955
1629848774000,0.31206959080246915
1629848804000,0.2552677253495441
1629848834000,0.31275002695652176
1629848864000,0.3127636664433617
1629848894000,0.3119986378870674
1629848924000,0.31368941919561244
1629848954000,0.31076431685254025
1629848984000,0.31417747574850297
1629849014000,0.3112921686638706
1629849044000,0.31545289252279635
1629849074000,0.3146982963099631
1629849104000,0.31618500505173464
1629849134000,0.31756580842558424
1629849164000,0.3240198775015537
1629849194000,0.3126455228886169
1629849224000,0.31648855933250924
1629849254000,0.3138578452351485
1629849284000,0.31817876921197313
1629849314000,0.3171000069767442
1629849344000,0.3150507676488644
1629849374000,0.3138566739263804
1629849404000,0.3135080962553714
1629849434000,0.31355124206300183
1629849464000,0.31367624351005485
1629849494000,0.3179237935483871
1629849524000,0.3146597447239264
1629849554000,0.3136083900805952
1629849584000,0.3131051237055521
1629849614000,0.3122904211076923
1629849644000,0.31126316478527605
1629849674000,0.3141718081081081
1629849704000,0.3120729166972477
1629849734000,0.3129586141183724
1629849764000,0.31399733117683304
1629849794000,0.31806642749226005
1629849824000,0.3182597804639805
1629849854000,0.3156047201695942
1629849884000,0.3121938537561577
1629849914000,0.31536686924504953
1629849944000,0.3228258412755716
1629849974000,0.31083028955406233
1629850004000,0.3153946949816401
1629850034000,0.3201476826456311
1629850064000,0.3166011954712362
1629850094000,0.3107903838396112
1629850124000,0.31247780371517025
1629850154000,0.3114567898726501
1629850184000,0.3169124486634265
1629850214000,0.312575188362069
1629850244000,0.31030030842424244
1629850274000,0.312564550212766
1629850304000,0.3173198665217392
1629850334000,0.3107988955269608
1629850364000,0.3179282344722392
1629850394000,0.3179272690140845
1629850424000,0.3129309370549185
1629850454000,0.31466690455665025
1629850484000,0.3138396098420413
1629850514000,0.31231523792464483
1629850544000,0.3148913985092427
1629850574000,0.3178898655258245
1629850604000,0.31568821706864564
1629850634000,0.31228765567765565
1629850664000,0.3159854939076923
1629850694000,0.3126068456482045
1629850724000,0.31109295582377794
1629850754000,0.3130674458687728
1629850784000,0.3232108800489596
1629850814000,0.3207424809287926
1629850844000,0.3126575538882139
1629850874000,0.3116424105582524
1629850904000,0.31249887466666665
1629850934000,0.3170160140586797
1629850964000,0.3196331207234825
1629850994000,0.3178963319427148
1629851024000,0.3184271738622386
1629851054000,0.3140139394591272
1629851084000,0.31557559044072003
1629851114000,0.3127735469486405
1629851144000,0.3229474244622004
1629851174000,0.31914307692782234
1629851204000,0.31293248125770656
1629851234000,0.3138356821363911
1629851264000,0.3167342483930779
1629851294000,0.31059544375380865
1629851324000,0.31047310721649485
1629851354000,0.3158039069070905
1629851384000,0.3185954533908755
1629851414000,0.3145313438935913
1629851444000,0.3208086015911873
1629851474000,0.3173251003069368
1629851504000,0.3168549847230676
1629851534000,0.31126393420891874
1629851564000,0.31390204027431423
1629851594000,0.3148535485070079
1629851624000,0.31931278494882603
1629851654000,0.3148338352334749
1629851684000,0.320647887545565
1629851714000,0.3148251131498471
1629851744000,0.31500782604166666
1629851774000,0.3145018787053841
1629851804000,0.31500103425981874
1629851834000,0.3110420718352513
1629851864000,0.31826179231685525
1629851894000,0.3162473729305136
1629851924000,0.3143607240934235
1629851954000,0.3164821145958987
1629851984000,0.314112924563516
1629852014000,0.3161535454490291
1629852044000,0.3135963208637469
1629852074000,0.31504146208991496
1629852104000,0.31193385457317074
1629852134000,0.32155304592592593
1629852164000,0.31216171943419435
1629852194000,0.3171654082619339
1629852224000,0.3121546194309928
1629852254000,0.31112217425802546
1629852284000,0.31884681287738753
1629852314000,0.3152431135856079
1629852344000,0.31497131211199025
1629852374000,0.31574738627692306
1629852404000,0.31587011788120023
1629852434000,0.31340329123020705
1629852464000,0.3076423701893708
1629852494000,0.312007340872772
1629852524000,0.32122664635322484
1629852554000,0.3176457915076923
1629852584000,0.3134452872839506
1629852614000,0.31816187305352805
1629852644000,0.3132481525862069
1629852674000,0.3206078820073439
1629852704000,0.30812124238410604
1629852734000,0.3216090482905983
1629852764000,0.3134207800495663
1629852794000,0.31771648847332923
1629852824000,0.3166352191024864
1629852854000,0.3114219990870359
1629852884000,0.320097491773309
1629852914000,0.31133705757389163
1629852944000,0.3157627087582484
1629852974000,0.3126519412553321
1629853004000,0.31204833499392465
1629853034000,0.3166429896551724
1629853064000,0.31116817220843673
1629853094000,0.3154476352977287
1629853124000,0.3200316059146341
1629853154000,0.3134584939486553
1629853184000,0.31304429741538464
1629853214000,0.31232322044497896
1629853244000,0.3107509468961279
1629853274000,0.311841546695491
1629853304000,0.31461659163614164
1629853334000,0.3202099550931677
1629853364000,0.3145569517726161
1629853394000,0.3235140262315271
1629853424000,0.3125949875853507
1629853454000,0.3178958352163462
1629853484000,0.3170026619565217
1629853514000,0.3142705710349051
1629853544000,0.3150596431360585
1629853574000,0.31508897679455444
1629853604000,0.3129788565487275
1629853634000,0.3177974858422939
1629853664000,0.31800478638838475
1629853694000,0.3187753715337424
1629853724000,0.3122253564546016
1629853754000,0.31201564556500605
1629853784000,0.3167667045126354
1629853814000,0.3157428536764706
1629853844000,0.31306669514268365
1629853874000,0.3147965390153846
1629853904000,0.31777175827205884
1629853934000,0.31473872674772035
1629853964000,0.3253133060024753
1629853994000,0.3144476248161765
1629854024000,0.32003142679455443
1629854054000,0.3195569314849045
1629854084000,0.31785263800489594
1629854114000,0.3172868120489297
1629854144000,0.3198831993972273
1629854174000,0.3121733460036608
1629854204000,0.317496253370098
1629854234000,0.3160409946275946
1629854264000,0.3141955042201835
1629854294000,0.31386698963414633
1629854324000,0.3127300870928089
1629854354000,0.31636891916717697
1629854384000,0.31608650402193783
1629854414000,0.3141218944342508
1629854444000,0.3100931104907975
1629854474000,0.31705502629022464
1629854504000,0.3101588601600985
1629854534000,0.3161920089296636
1629854564000,0.31204588358848745
1629854594000,0.3135180450030285
1629854624000,0.3140424453316953
1629854654000,0.3178899765760197
1629854684000,0.31639415495716033
1629854714000,0.3149336978041543
1629854744000,0.312150398106292
1629854774000,0.3112397909258124
1629854804000,0.313733067759901
1629854834000,0.31790996584311304
1629854864000,0.3205953684629516
1629854894000,0.3124603266502159
1629854924000,0.3118132006090134
1629854954000,0.3116317951732673
1629854984000,0.3176827111659469
1629855014000,0.31572296173913045
1629855044000,0.3154938230299328
1629855074000,0.3182677699754902
1629855104000,0.31608444147831394
1629855134000,0.3158856567155067
1629855164000,0.3161743050773993
1629855194000,0.3135964648228713
1629855224000,0.3165455927404719
1629855254000,0.3125751409118541
1629855284000,0.31827665403128763
1629855314000,0.31746203064713063
1629855344000,0.31593336654411763
1629855374000,0.311774792979243
1629855404000,0.3120745944274342
1629855434000,0.31709346052631576
1629855464000,0.317356286440678
1629855494000,0.3136536701851852
1629855524000,0.3125008897560976
1629855554000,0.3124520337829552
1629855584000,0.31284940646341464
1629855614000,0.3120550553582364
1629855644000,0.3138981687004271
1629855674000,0.3164911883261272
1629855704000,0.3169771226885645
1629855734000,0.3124902286060606
1629855764000,0.3123372690577508
1629855794000,0.3139489450909091
1629855824000,0.3134423302050963
1629855854000,0.3126783819682152
1629855884000,0.31486157339003645
1629855914000,0.3118561558914251
1629855944000,0.31133847543209875
1629855974000,0.31666332302955663
1629856004000,0.3141866335788828
1629856034000,0.320403063362069
1629856064000,0.31223103353437875
1629856094000,0.3189917421213979
1629856124000,0.3133476898108603
1629856154000,0.3153050118115055
1629856184000,0.3178538794714198
1629856214000,0.3142924718922229
1629856244000,0.3202660274271845
1629856274000,0.3174716420792079
1629856304000,0.3141086833539604
1629856334000,0.3122715422724496
1629856364000,0.3129910182598039
1629856394000,0.3144647100493218
1629856424000,0.3211828203658537
1629856454000,0.3131117650061501
1629856484000,0.3149746843958713
1629856514000,0.32501273283674736
1629856544000,0.3177091825581395
1629856574000,0.3186351537846154
1629856604000,0.3162831678119349
1629856634000,0.3124030203647417
1629856664000,0.3125906294117647
1629856694000,0.31160041967821783
1629856724000,0.3148803450721154
1629856754000,0.3170729720901889
1629856784000,0.31626532302631577
1629856814000,0.31194484380368104
1629856844000,0.3163810723391089
1629856874000,0.3210283172923077
1629856904000,0.3159516488372093
1629856934000,0.31169639783549785
1629856964000,0.31297140889701397
1629856994000,0.31301035681818185
1629857024000,0.3153533979704797
1629857054000,0.31167485529051986
1629857084000,0.31671800744356315
1629857114000,0.3105785951204819
1629857144000,0.3147053266544117
1629857174000,0.3174893871026895
1629857204000,0.3118399821253071
1629857234000,0.3159163906877663
1629857264000,0.3108532145998778
1629857294000,0.3156646017715333
1629857324000,0.3137838730674847
1629857354000,0.3120735225352113
1629857384000,0.3129411397318708
1629857414000,0.31519748170212764
1629857444000,0.3153626850700792
1629857474000,0.3165643512599877
1629857504000,0.3122916634520885
1629857534000,0.31582339361042183
1629857564000,0.3122535709835064
1629857594000,0.3117662873857404
1629857624000,0.3136659879754601
1629857654000,0.3214456913602941
1629857684000,0.3175157737100737
1629857714000,0.31518689687116563
1629857744000,0.3131511491722869
1629857774000,0.31224027563546186
1629857804000,0.31707016074766353
1629857834000,0.31660106643878183
1629857864000,0.3140010002449479
1629857894000,0.3166102265002971
1629857924000,0.3168681290598291
1629857954000,0.3204479899210686
1629857984000,0.31904086935881626
1629858014000,0.3150583879215205
1629858044000,0.31079753772782504
1629858074000,0.31840780561660564
1629858104000,0.3194169903621854
1629858134000,0.3176174902288188
1629858164000,0.3174180490184049
1629858194000,0.31753974288354897
1629858224000,0.3139081879047037
1629858254000,0.3189191321145643
1629858284000,0.31578174972205064
1629858314000,0.3133791844115835
1629858344000,0.3214567380098888
1629858374000,0.31688557342786683
1629858404000,0.31252452820359283
1629858434000,0.3158271070048309
1629858464000,0.3128983046654389
1629858494000,0.31817865222968844
1629858524000,0.3108650102501525
1629858554000,0.31483720645561764
1629858584000,0.3148026174048659
1629858614000,0.3118961255813953
1629858644000,0.31612947517070145
1629858674000,0.3154245118339529
1629858704000,0.31657235203703704
1629858734000,0.3139677219939577
1629858764000,0.3151820229437229
1629858794000,0.31520223797389685
1629858824000,0.3195627448212084
1629858854000,0.31793391889714995
1629858884000,0.3188876830591103
1629858914000,0.3230503486850153
1629858944000,0.31290416516646113
1629858974000,0.3157674512899263
1629859004000,0.3161218101903008
1629859034000,0.3131261864749082
1629859064000,0.3141460452795031
1629859094000,0.3167210351433801
1629859124000,0.31606658208409505
1629859154000,0.3180723207476636
1629859184000,0.3117279240024184
1629859214000,0.3195631827267119
1629859244000,0.3114211034083993
1629859274000,0.3107696112522686
1629859304000,0.3128544252753978
1629859334000,0.3171933653658537
1629859364000,0.318156344978435
1629859394000,0.31430078833131797
1629859424000,0.3119816982926829
1629859454000,0.3167260713848039
1629859484000,0.3175774653893696
1629859514000,0.31830244457317075
1629859544000,0.3215472622606547
1629859574000,0.3131657379289585
1629859604000,0.3150567654938272
1629859634000,0.31304125547987616
1629859664000,0.3111279572721786
1629859694000,0.31233868653846153
1629859724000,0.3209881493609251
1629859754000,0.3200510957099698
1629859784000,0.3125802184914842
1629859814000,0.3162868233395407
1629859844000,0.31794050854489164
1629859874000,0.32122695943799634
1629859904000,0.31625901045592697
1629859934000,0.31374754798534804
1629859964000,0.3121325542403905
1629859994000,0.3134838455052697
1629860024000,0.31282412435582824
1629860054000,0.31287932537128715
1629860084000,0.3128963243558282
1629860114000,0.3181998834963325
1629860144000,0.3124273140731556
1629860174000,0.3165079694736842
1629860204000,0.3134159237775061
1629860234000,0.31090634291767555
1629860264000,0.31356373231631385
1629860294000,0.3141967381038647
1629860324000,0.3124633198393078
1629860354000,0.3208805293935644
1629860384000,0.3201248413707165
1629860414000,0.31450316632344033
1629860444000,0.3140880577017115
1629860474000,0.3160917293753865
1629860504000,0.3113243800492611
1629860534000,0.3150323237119801
1629860564000,0.3151854006031363
1629860594000,0.3136542165054413
1629860624000,0.3126278733171619
1629860654000,0.31284964769797424
1629860684000,0.3148976359975595
1629860714000,0.3123216929835265
1629860744000,0.3191297486204782
1629860774000,0.32060143776267
1629860804000,0.3223531925995025
1629860834000,0.3138477898159509
1629860864000,0.311572862424608
1629860894000,0.31660367399267403
1629860924000,0.32051653596385543
1629860954000,0.3148703292954265
1629860984000,0.3126968220297029
1629861014000,0.3108595037827944
1629861044000,0.3158427441446965
1629861074000,0.3149318704559271
1629861104000,0.3124327048436542
1629861134000,0.3130568362391033
1629861164000,0.3223887683180428
1629861194000,0.3177781213333333
1629861224000,0.31355878583638586
1629861254000,0.31702207017114914
1629861284000,0.32086923079754603
1629861314000,0.3112408270909091
1629861344000,0.3170359500623441
1629861374000,0.3181241294082125
1629861404000,0.31402766656384945
1629861434000,0.3116979264220183
1629861464000,0.3168669149908592
1629861494000,0.31337895112873704
1629861524000,0.3155811608642727
1629861554000,0.3122385136642157
1629861584000,0.31500651423290205
1629861614000,0.31370133427881713
1629861644000,0.3135328448381185
1629861674000,0.31071411890243905
1629861704000,0.3161986132962276
1629861734000,0.31463897871825874
1629861764000,0.3118976171203872
1629861794000,0.3154934077015644
1629861824000,0.3180375982853644
1629861854000,0.3116166058168317
1629861884000,0.31551444
1629861914000,0.3122437245911569
1629861944000,0.31382533378295524
1629861974000,0.3200320641863279
1629862004000,0.3181449530487805
1629862034000,0.3126571050122249
1629862064000,0.311682219297164
1629862094000,0.31206931185410336
1629862124000,0.31238850780487804
1629862154000,0.3183377967450271
1629862184000,0.3137274323104693
1629862214000,0.31401770314620603
1629862244000,0.3151421890829694
1629862274000,0.313215611002445
1629862304000,0.31344785300982797
1629862334000,0.3159188406172839
1629862364000,0.3115389872417983
1629862394000,0.3123011192401961
1629862424000,0.31529293095823097
1629862454000,0.3126954517367459
1629862484000,0.31205119021871197
1629862514000,0.31363335392986696
1629862544000,0.31256597626293364
1629862574000,0.32076257203907205
1629862604000,0.31103780396634617
1629862634000,0.31625335452337583
1629862664000,0.3191435239488117
1629862694000,0.3124887726939524
1629862724000,0.3135009819890843
1629862754000,0.3139268512195122
1629862784000,0.3189478440781441
1629862814000,0.3192206306551298
1629862844000,0.3097441438071995
1629862874000,0.3198949725587145
1629862904000,0.3154164436560433
1629862934000,0.3161594753587024
1629862964000,0.31183483835784315
1629862994000,0.31364737597765363
1629863024000,0.3126615061249242
1629863054000,0.3204958040953545
1629863084000,0.31148344241691844
1629863114000,0.3118162707616708
1629863144000,0.31427016875
1629863174000,0.3159537382084095
1629863204000,0.31244138158220025
1629863234000,0.3115946698538368
1629863264000,0.31915071550060314
1629863294000,0.3148074069554607
1629863324000,0.311940215896488
1629863354000,0.31222303481166463
1629863384000,0.31514070055045873
1629863414000,0.3124733412084592
1629863444000,0.3173405758035173
1629863474000,0.31594575853960394
1629863504000,0.317523252218845
1629863534000,0.31501152370689656
1629863564000,0.3218216849357012
1629863594000,0.3180194842839806
1629863624000,0.3164261188039457
1629863654000,0.3153051721001221
1629863684000,0.31790178041791045
1629863714000,0.3165355953057443
1629863744000,0.3211906469931804
1629863774000,0.32192297483483484
1629863804000,0.31136924879852124
1629863834000,0.3139464216513761
1629863864000,0.3125357100123609
1629863894000,0.3176184140210006
1629863924000,0.31211592639225183
1629863954000,0.3175632119801365
1629863984000,0.3152686579816514
1629864014000,0.3142772133660331
1629864044000,0.3154379593220339
1629864074000,0.31127085412339645
1629864104000,0.3192540858112277
1629864134000,0.31753400479409954
1629864164000,0.3146874865454545
1629864194000,0.3157308418160096
1629864224000,0.3171535085490668
1629864254000,0.31303532346749224
1629864284000,0.3061911028933092
1629864314000,0.3188873044621027
1629864344000,0.3126561959731544
1629864374000,0.31775160099875155
1629864404000,0.3126298376856436
1629864434000,0.3209301837137569
1629864464000,0.3173446419708029
1629864494000,0.3119110811857229
1629864524000,0.3094594819110577
1629864554000,0.3119547077114428
1629864584000,0.3232540875151515
1629864614000,0.3177886149014778
1629864644000,0.3137376632949728
1629864674000,0.3146480932382134
1629864704000,0.3101805353374233
1629864734000,0.3162032044082125
1629864764000,0.3107426948985864
1629864794000,0.3118520190942473
1629864824000,0.316237809781288
1629864854000,0.3194304000618047
1629864884000,0.3144178539312039
1629864914000,0.3220472271313006
1629864944000,0.3161849128501827
1629864974000,0.3120901394978567
1629865004000,0.3139193558520315
1629865034000,0.3123532665021592
1629865064000,0.31530359756690995
1629865094000,0.3142030438888889
1629865124000,0.31351934028290285
1629865154000,0.3138363878623188
1629865184000,0.2569971076734193
1629865214000,0.3188180669486405
1629865244000,0.3167775082331731
1629865274000,0.3173100761056511
1629865304000,0.314515755315204
1629865334000,0.31143302767749703
1629865364000,0.31918708393623546
1629865394000,0.30915480552184466
1629865424000,0.3177008338235294
1629865454000,0.31547029925650555
1629865484000,0.3188838288653367
1629865514000,0.31959678986731
1629865544000,0.3132072657282742
1629865574000,0.32020835075895565
1629865604000,0.3194640909756097
1629865634000,0.3134343202179177
1629865664000,0.3155517376811594
1629865694000,0.3177492741915802
1629865724000,0.3214203618292683
1629865754000,0.31688800556242275
1629865784000,0.3130885893746205
1629865814000,0.3119580788263763
1629865844000,0.3124446735757576
1629865874000,0.3170167982694685
1629865904000,0.31482793673846154
1629865934000,0.3198358308679707
1629865964000,0.3139996680267966
1629865994000,0.3154094971480583
1629866024000,0.3144715785930867
1629866054000,0.3110281316244595
1629866084000,0.3121313319753086
1629866114000,0.3208953621670702
1629866144000,0.3173316344302255
1629866174000,0.319198439695122
1629866204000,0.31307700024570023
1629866234000,0.3156090074829932
1629866264000,0.3118544953855495
1629866294000,0.3163468379562044
1629866324000,0.3162720424682396
1629866354000,0.3111067905853953
1629866384000,0.3179381608986035
1629866414000,0.3244152546617916
1629866444000,0.3119000454210203
1629866474000,0.31233681805813235
1629866504000,0.31582990194647204
1629866534000,0.3122649252007412
1629866564000,0.31985989379144064
1629866594000,0.3171111683890577
1629866624000,0.3128955382874617
1629866654000,0.3218059492546584
1629866684000,0.31848765990279465
1629866714000,0.3193963565349544
1629866744000,0.3184112810281517
1629866774000,0.3169148492870428
1629866804000,0.3137328421406728
1629866834000,0.3127912715422277
1629866864000,0.3122441282890673
1629866894000,0.31622320611995103
1629866924000,0.3128587215469613
1629866954000,0.3111697884615385
1629866984000,0.3173165410564226
1629867014000,0.3197638613705276
1629867044000,0.31667219367396593
1629867074000,0.31205990653753024
1629867104000,0.31234334297263683
1629867134000,0.3120687516227801
1629867164000,0.3162438325134973
1629867194000,0.3122437837082067
1629867224000,0.3198106631740196
1629867254000,0.3183654971445929
1629867284000,0.3219650345988977
1629867314000,0.3193572497578693
1629867344000,0.3141584647878788
1629867374000,0.31300837719080177
1629867404000,0.31257685277093594
1629867434000,0.31255169706601466
1629867464000,0.3169626373069796
1629867494000,0.3152416574545455
1629867524000,0.3127211908536585
1629867554000,0.3182561374620522
1629867584000,0.313680674026764
1629867614000,0.3111846986682809
1629867644000,0.31499035295566497
1629867674000,0.30757647035928143
1629867704000,0.3141860480148884
1629867734000,0.3154658335151515
1629867764000,0.3167097100609756
1629867794000,0.3133539534898085
1629867824000,0.31487291953316954
1629867854000,0.3120048495418448
1629867884000,0.3131100493997599
1629867914000,0.3156219560885609
1629867944000,0.31619173834862385
1629867974000,0.32035208813664595
1629868004000,0.32010604060568604
1629868034000,0.3120891121670702
1629868064000,0.3107338493042952
1629868094000,0.3179929884639112
1629868124000,0.3108949300240674
1629868154000,0.3156294971686747
1629868184000,0.3180939306021105
1629868214000,0.3117155979654747
1629868244000,0.3163112936352509
1629868274000,0.314083021485574
1629868304000,0.3168719897748022
1629868334000,0.3154510851806491
1629868364000,0.3128525333129957
1629868394000,0.3161828771010962
1629868424000,0.321257198018018
1629868454000,0.31278141944444443
1629868484000,0.3122660795101553
1629868514000,0.31408900617665225
1629868544000,0.321455272
1629868574000,0.3144900614501511
1629868604000,0.31348728477466503
1629868634000,0.3143025263990268
1629868664000,0.31476381428571426
1629868694000,0.3171741280584297
1629868724000,0.31439392278558337
1629868754000,0.313189081238504
1629868784000,0.3118669331713244
1629868814000,0.32514973216019416
1629868844000,0.3158873304697157
1629868874000,0.3151886155610663
1629868904000,0.3137956787841191
1629868934000,0.3126458412094763
1629868964000,0.3102857409009009
1629868994000,0.3173627024922118
1629869024000,0.31989763015776695
1629869054000,0.3115944612031921
1629869084000,0.31339786668700426
1629869114000,0.3151567575232198
1629869144000,0.32259917259615384
1629869174000,0.31837302176870746
1629869204000,0.3154887996956786
1629869234000,0.3174670733167082
1629869264000,0.3195509388550548
1629869294000,0.3171263632778805
1629869324000,0.3156469346224678
1629869354000,0.32153198727609633
1629869384000,0.3170815973619632
1629869414000,0.31734508856791643
1629869444000,0.31777162897832817
1629869474000,0.31726067558770343
1629869504000,0.31616219745341617
1629869534000,0.3181615820224719
1629869564000,0.31719784280510016
1629869594000,0.3115675987210719
1629869624000,0.3156023133333333
1629869654000,0.313252266809553
1629869684000,0.3116979937003058
1629869714000,0.3210232972171809
1629869744000,0.32114853007334965
1629869774000,0.3165503829090909
1629869804000,0.3164924420668693
1629869834000,0.3132631924400738
1629869864000,0.3180591131707317
1629869894000,0.3130804496636085
1629869924000,0.3161502903577926
1629869954000,0.3120861018753781
1629869984000,0.31186702099143204
1629870014000,0.3176904124771759
1629870044000,0.31350782620895523
1629870074000,0.3213011764952153
1629870104000,0.31790511718845915
1629870134000,0.3172479326683292
1629870164000,0.31997966278218426
1629870194000,0.31709586674816626
1629870224000,0.3121144740651387
1629870254000,0.3119583156097561
1629870284000,0.3116011275371287
1629870314000,0.3172683718422674
1629870344000,0.3126348898577613
1629870374000,0.31919928963190186
1629870404000,0.32520036707616706
1629870434000,0.3153687905463475
1629870464000,0.3122839607782582
1629870494000,0.31783962930513593
1629870524000,0.3191222127927928
1629870554000,0.3215840156097561
1629870584000,0.32245354486322186
1629870614000,0.3144753820923077
1629870644000,0.31100922056825203
1629870674000,0.31199177816091955
1629870704000,0.3170919060422961
1629870734000,0.3146040010222489
1629870764000,0.3130620847058824
1629870794000,0.3156827919779547
1629870824000,0.31866408864734297
1629870854000,0.3154496112263576
1629870884000,0.31303040036166363
1629870914000,0.31466425606337606
1629870944000,0.31126955436363635
1629870974000,0.3174709194545455
1629871004000,0.31438289759615384
1629871034000,0.3119830406403941
1629871064000,0.3124536901984365
1629871094000,0.3120893271892223
1629871124000,0.31358630273722626
1629871154000,0.3121884556231003
1629871184000,0.3128282475763016
1629871214000,0.3114531547309833
1629871244000,0.3137350992771084
1629871274000,0.3169376212383901
1629871304000,0.3175904907292954
1629871334000,0.3178795738300493
1629871364000,0.3153970281595092
1629871394000,0.3115604221195317
1629871424000,0.31553853163944345
1629871454000,0.31178785831280786
1629871484000,0.31111204473846155
1629871514000,0.3139369714111179
1629871544000,0.3122021913899139
1629871574000,0.3145546296096096
1629871604000,0.312742065034098
1629871634000,0.3145255125225768
1629871664000,0.3149390365432099
1629871694000,0.3122034946494465
1629871724000,0.3172395488657265
1629871754000,0.31565216482504604
1629871784000,0.3172493238386308
1629871814000,0.32068047851897186
1629871844000,0.3197450025529265
1629871874000,0.31745089639364305
1629871904000,0.3158262695625759
1629871934000,0.3197051800370828
1629871964000,0.3141747586746988
1629871994000,0.31306019106382976
1629872024000,0.3109409507016473
1629872054000,0.31396360098039217
1629872084000,0.3164945338396112
1629872114000,0.3118115933660934
1629872144000,0.3220445984126984
1629872174000,0.3144678315436242
1629872204000,0.31589576022031823
1629872234000,0.31484291860744296
1629872264000,0.31369015875845113
1629872294000,0.31606067132442284
1629872324000,0.3134394389819988
1629872354000,0.3133806784662577
1629872384000,0.3171308889783282
1629872414000,0.3210810463126844
1629872444000,0.31390524909993794
1629872474000,0.3216262186641698
1629872504000,0.3125102651533742
1629872534000,0.3110014734769231
1629872564000,0.3126776340110905
1629872594000,0.3133587963503649
1629872624000,0.31493273142501554
1629872654000,0.3195717718978102
1629872684000,0.31214173621853897
1629872714000,0.3117103286327407
1629872744000,0.3168489384844869
1629872774000,0.3138092477629988
1629872804000,0.31386220620732463
1629872834000,0.31446387412545235
1629872864000,0.3145108332318929
1629872894000,0.316091226142596
1629872924000,0.3109414733211233
1629872954000,0.3116187945520581
1629872984000,0.31185202515375154
1629873014000,0.3134766636923077
1629873044000,0.31660283351715685
1629873074000,0.32059482549751245
1629873104000,0.3212318121026895
1629873134000,0.3168216210684274
1629873164000,0.3144528918181818
1629873194000,0.3162902018039687
1629873224000,0.3142553046385542
1629873254000,0.3154758841441441
1629873284000,0.3140198265206813
1629873314000,0.3147734283282675
1629873344000,0.3122704382460414
1629873374000,0.3214528088724584
1629873404000,0.31177469981504313
1629873434000,0.3165847649630542
1629873464000,0.31675547357098954
1629873494000,0.31378955339449544
1629873524000,0.3120987667675545
1629873554000,0.3157286912727273
1629873584000,0.3135412818292683
1629873614000,0.3154495193292683
1629873644000,0.3129260393412057
1629873674000,0.3172136281403941
1629873704000,0.3108478835458409
1629873734000,0.31390112225591266
1629873764000,0.3154498710672424
1629873794000,0.31548753875305624
1629873824000,0.31127203732437386
1629873854000,0.3114880252274105
1629873884000,0.31510713196125906
1629873914000,0.3164537258852259
1629873944000,0.31698069963592235
1629873974000,0.3130981877399381
1629874004000,0.3219004171641791
1629874034000,0.311886814571949
1629874064000,0.3129212207331731
1629874094000,0.3181223465420561
1629874124000,0.31321758319900805
1629874154000,0.31677740563636364
1629874184000,0.3138811460736196
1629874214000,0.31302943998793725
1629874244000,0.31376734164634146
1629874274000,0.3159679598410758
1629874304000,0.3118717384520124
1629874334000,0.31617972956469165
1629874364000,0.313527521997549
1629874394000,0.3170132667282809
1629874424000,0.3132153647237401
1629874454000,0.3156299096422074
1629874484000,0.31243953870967744
1629874514000,0.320856365502451
1629874544000,0.3129951388854489
1629874574000,0.3117084914147521
1629874604000,0.31513689331306993
1629874634000,0.3129962277442702
1629874664000,0.31525511885749385
1629874694000,0.3154678305454545
1629874724000,0.31827530085470085
1629874754000,0.3130595275904353
1629874784000,0.3158528293177628
1629874814000,0.31180070758955675
1629874844000,0.31278072909657323
1629874874000,0.32090707614960146
1629874904000,0.3165348428222358
1629874934000,0.31136706603773584
1629874964000,0.3138280494782075
1629874994000,0.3114084265944645
1629875024000,0.3143981247410116
1629875054000,0.3154823044632087
1629875084000,0.3141082355651106
1629875114000,0.3116161363858364
1629875144000,0.3169343676132931
1629875174000,0.31298493600723765
1629875204000,0.31903300742996343
1629875234000,0.31762943935842075
1629875264000,0.3183099874172185
1629875294000,0.3145295299193048
1629875324000,0.3120487838101035
1629875354000,0.314329439764268
1629875384000,0.31290700949788264
1629875414000,0.3143268119875776
1629875444000,0.3189083508588957
1629875474000,0.31181123088779283
1629875504000,0.3131537589759408
1629875534000,0.3162814754589963
1629875564000,0.3142537062157221
1629875594000,0.31556813802051903
1629875624000,0.3118357499388005
1629875654000,0.31129249920731705
1629875684000,0.3098475683894231
1629875714000,0.3111664228606357
1629875744000,0.31634988068322983
1629875774000,0.31445074684629515
1629875804000,0.3124334406947891
1629875834000,0.3108917496932515
1629875864000,0.3143253295132471
1629875894000,0.3175878707138499
1629875924000,0.3168307500609756
1629875954000,0.32149841400611623
1629875984000,0.3184595654335961
1629876014000,0.31276783051157125
1629876044000,0.31716410475899937
1629876074000,0.3174172675229357
1629876104000,0.3195883931013052
1629876134000,0.3127610404805915
1629876164000,0.3185680045620438
1629876194000,0.3156184989665653
1629876224000,0.3154486758895705
1629876254000,0.316540390747549
1629876284000,0.3138353579559364
1629876314000,0.3115407896882494
1629876344000,0.3168626418192918
1629876374000,0.31014490651913873
1629876404000,0.31285731803178485
1629876434000,0.3173285609981516
1629876464000,0.31820252337821303
1629876494000,0.3187615263845675
1629876524000,0.3125330482590104
1629876554000,0.3165628683890577
1629876584000,0.3178774275946276
1629876614000,0.3154376148148148
1629876644000,0.3195475657701711
1629876674000,0.31523161732522803
1629876704000,0.3094849740696278
1629876734000,0.31242899711833233
1629876764000,0.3201274193390453
1629876794000,0.3136079826666667
1629876824000,0.315921569407497
1629876854000,0.31727236806825104
1629876884000,0.3127325044264339
1629876914000,0.3169560759431045
1629876944000,0.3144781349022005
1629876974000,0.31935391510835914
1629877004000,0.3188011089164087
1629877034000,0.3248840701212121
1629877064000,0.31792213282114323
1629877094000,0.31390919963144964
1629877124000,0.3220476917783191
1629877154000,0.3145845786516854
1629877184000,0.3118990954545455
1629877214000,0.3168007352941177
1629877244000,0.31268168198254365
1629877274000,0.31544692484811665
1629877304000,0.3196447255371393
1629877334000,0.3130787818858561
1629877364000,0.3168040539305302
1629877394000,0.32270411051032805
1629877424000,0.3203296006802721
1629877454000,0.3170598302282542
1629877484000,0.3137465237979306
1629877514000,0.31360702447073474
1629877544000,0.3148930051051051
1629877574000,0.31698991258992804
1629877604000,0.3173153557680444
1629877634000,0.31609161622455273
1629877664000,0.3134482393643032
1629877694000,0.3161002877988964
1629877724000,0.30973163337386017
1629877754000,0.31750839507211537
1629877784000,0.318414265051484
1629877814000,0.3105318472972973
1629877844000,0.31700782840346536
1629877874000,0.31442297303439803
1629877904000,0.3179818574626866
1629877934000,0.3126702730769231
1629877964000,0.3139164202853598
1629877994000,0.3124370515451174
1629878024000,0.31536656
1629878054000,0.31890473831488314
1629878084000,0.3119100128014842
1629878114000,0.3125476423191871
1629878144000,0.3174948071078431
1629878174000,0.31661913377885786
1629878204000,0.3131237530650155
1629878234000,0.3220483800491099
1629878264000,0.31288701921397377
1629878294000,0.31200761696048634
1629878324000,0.31363448418491485
1629878354000,0.3213770004953561
1629878384000,0.3117536330487805
1629878414000,0.31257359896151504
1629878444000,0.3127737540357363
1629878474000,0.31115615469715696
1629878504000,0.3128689671410891
1629878534000,0.31433699563636364
1629878564000,0.3205770562576687
1629878594000,0.3187950420702179
1629878624000,0.3173180751515152
1629878654000,0.31193506693399137
1629878684000,0.3192477536570375
1629878714000,0.3178521979816514
1629878744000,0.3261500547530864
1629878774000,0.32112995372596154
1629878804000,0.31510087102238354
1629878834000,0.3130341753799392
1629878864000,0.32276091055184963
1629878894000,0.3129435296160877
1629878924000,0.31199146846344483
1629878954000,0.3157636284319707
1629878984000,0.31429683206724784
1629879014000,0.3167176623449132
1629879044000,0.3138259956896552
1629879074000,0.3187503632926829
1629879104000,0.3152473091805299
1629879134000,0.31533575835884875
1629879164000,0.3193581257731959
1629879194000,0.31977767935921136
1629879224000,0.3179890803703704
1629879254000,0.319383027819083
1629879284000,0.31526448504615384
1629879314000,0.31196547129742963
1629879344000,0.31413715123304564
1629879374000,0.313874222799511
1629879404000,0.3125421386072083
1629879434000,0.31690934987995195
1629879464000,0.32049756264472884
1629879494000,0.321533854174284
1629879524000,0.3139133387995049
1629879554000,0.31388381273273275
1629879584000,0.3243500737492279
1629879614000,0.3163073869352869
1629879644000,0.31973707506203475
1629879674000,0.3202050821208385
1629879704000,0.31745665844471443
1629879734000,0.31283013117283953
1629879764000,0.3151545027455765
1629879794000,0.3144647101034693
1629879824000,0.319792519202454
1629879854000,0.3155747219330855
1629879884000,0.31559018058608057
1629879914000,0.3115319854255971
1629879944000,0.3113519656725502
1629879974000,0.3184847573538461
1629880004000,0.3126860083435583
1629880034000,0.3179952961418793
1629880064000,0.3119575388616891
1629880094000,0.3172367280647169
1629880124000,0.3130522865689866
1629880154000,0.3162393954658385
1629880184000,0.31099246948842874
1629880214000,0.3138244912121212
1629880244000,0.3150594864508393
1629880274000,0.3173697909482759
1629880304000,0.3158191045262523
1629880334000,0.3145431169857937
1629880364000,0.31711750855063675
1629880394000,0.31412861140186915
1629880424000,0.3164750148740012
1629880454000,0.32329906060419233
1629880484000,0.3203345039855072
1629880514000,0.3121872967859309
1629880544000,0.3135574325092707
1629880574000,0.3181989405538462
1629880604000,0.3173006935128519
1629880634000,0.3116207119854721
1629880664000,0.322941757820197
1629880694000,0.31628569963167585
1629880724000,0.31444417661290325
1629880754000,0.3203637878584503
1629880784000,0.3145033701765064
1629880814000,0.3156772497838172
1629880844000,0.31508282032967033
1629880874000,0.31576167784615383
1629880904000,0.3183815235544735
1629880934000,0.31500897905113984
1629880964000,0.3191573421182266
1629880994000,0.3169076700992556
1629881024000,0.3148614327828746
1629881054000,0.31356184111178986
1629881084000,0.3133011184935701
1629881114000,0.3208548844785276
1629881144000,0.3114121424832623
1629881174000,0.3121625751851852
1629881204000,0.3144533615990309
1629881234000,0.3187130162111801
1629881264000,0.3157048407749077
1629881294000,0.31223889740024185
1629881324000,0.31172755489844683
1629881354000,0.3138706358420728
1629881384000,0.3181261518042813
1629881414000,0.3109156967663209
1629881444000,0.3165452950938825
1629881474000,0.31330102305315205
1629881504000,0.31573806050571945
1629881534000,0.3123105508338481
1629881564000,0.3180727118531889
1629881594000,0.31156919832920793
1629881624000,0.3153579225274725
1629881654000,0.3165142577344702
1629881684000,0.3151691834045149
1629881714000,0.31434229737163816
1629881744000,0.3115005006723716
1629881774000,0.3148875238943489
1629881804000,0.3159925604002426
1629881834000,0.32090148210068364
1629881864000,0.31206560943049605
1629881894000,0.312943884648582
1629881924000,0.32025571033653844
1629881954000,0.3168544665843113
1629881984000,0.3184138624691358
1629882014000,0.31257195061576354
1629882044000,0.31827793222836104
1629882074000,0.3173209671036949
1629882104000,0.31683714683855124
1629882134000,0.3122883647741148
1629882164000,0.3173615388888889
1629882194000,0.31670596913123844
1629882224000,0.3146321508652657
1629882254000,0.3123482955596107
1629882284000,0.3185865667279412
1629882314000,0.31253080548286605
1629882344000,0.3167434328899637
1629882374000,0.3162862543370508
1629882404000,0.3157740618193069
1629882434000,0.32071124583586624
1629882464000,0.31515031151295964
1629882494000,0.31894040121951217
1629882524000,0.3159376484681373
1629882554000,0.31198317552742616
1629882584000,0.3170923698452012
1629882614000,0.309727084318456
1629882644000,0.3115759576240049
1629882674000,0.31420444040342305
1629882704000,0.31823605340218714
1629882734000,0.31700330555216594
1629882764000,0.3152605975201488
1629882794000,0.3127894923879681
1629882824000,0.31855631987878785
1629882854000,0.31359716795107034
1629882884000,0.3135015248477466
1629882914000,0.31099805581113804
1629882944000,0.3153678967464702
1629882974000,0.3150466766049383
1629883004000,0.3161094959107807
1629883034000,0.3128846677791262
1629883064000,0.31594974716525936
1629883094000,0.3160991626156693
1629883124000,0.31133956713500305
1629883154000,0.3162590948107448
1629883184000,0.3192816402234637
1629883214000,0.3221296431181486
1629883244000,0.32181351151960785
1629883274000,0.31748392171215883
1629883304000,0.31797640359317897
1629883334000,0.318251239055794
1629883364000,0.31319695957575755
1629883394000,0.3125369653048781
1629883424000,0.3130994824767802
1629883454000,0.3121557584870849
1629883484000,0.3127217677831912
1629883514000,0.3127977542857143
1629883544000,0.3161758365137615
1629883574000,0.31430297998779744
1629883604000,0.3193093986690865
1629883634000,0.3189458514851485
1629883664000,0.31618932683374085
1629883694000,0.3165533653300432
1629883724000,0.314551045151328
1629883754000,0.3155890038976857
1629883784000,0.3166759560540873
1629883814000,0.3141438104379124
1629883844000,0.3203852079878049
1629883874000,0.32457572141119223
1629883904000,0.3171795368357488
1629883934000,0.3118091139005392
1629883964000,0.3140080071995119
1629883994000,0.31232730297582145
1629884024000,0.3146175553724054
1629884054000,0.3142809747530864
1629884084000,0.3156887574893875
1629884114000,0.31305488667076165
1629884144000,0.3148063725943971
1629884174000,0.31565209799392097
1629884204000,0.3128761219076923
1629884234000,0.31343060539702233
1629884264000,0.3144878798029557
1629884294000,0.3121689410209102
1629884324000,0.3153481972710734
1629884354000,0.3122930586602293
1629884384000,0.3126838561652281
1629884414000,0.3170593882316697
1629884444000,0.315711505558987
1629884474000,0.31553332930513595
1629884504000,0.31730640774862723
1629884534000,0.31748594853121176
1629884564000,0.3113786656097561
1629884594000,0.3127606393422656
1629884624000,0.31625099616087754
1629884654000,0.31738807541795666
1629884684000,0.3127809435453984
1629884714000,0.3166526229878049
1629884744000,0.3107081369127517
1629884774000,0.318342170631068
1629884804000,0.31502741770072995
1629884834000,0.3156162607430341
1629884864000,0.31264790970103723
1629884894000,0.31485097958050584
1629884924000,0.3207332539081886
1629884954000,0.3139748400489896
1629884984000,0.3110815114774115
1629885014000,0.3184337663183774
1629885044000,0.31478449750623444
1629885074000,0.3176775347323601
1629885104000,0.316920328004881
1629885134000,0.3125838233091787
1629885164000,0.3205689369430693
1629885194000,0.31604524162591685
1629885224000,0.3150345815450644
1629885254000,0.3166447294081757
1629885284000,0.3115574606577345
1629885314000,0.31118490909642205
1629885344000,0.3162839184436275
1629885374000,0.3165901428042001
1629885404000,0.31440934884428223
1629885434000,0.3168449434075858
1629885464000,0.3196815063791009
1629885494000,0.3180200069839308
1629885524000,0.3128775049541284
1629885554000,0.3161187520522388
1629885584000,0.315283122180917
1629885614000,0.3167347945863747
1629885644000,0.3120246163050217
1629885674000,0.3123093436705027
1629885704000,0.313380121939394
1629885734000,0.3161390581632653
1629885764000,0.31344386259168705
1629885794000,0.3115266364640884
1629885824000,0.31755369383394383
1629885854000,0.3219560398550725
1629885884000,0.31746002958579883
1629885914000,0.3168152762784966
1629885944000,0.31602289170174386
1629885974000,0.3113428957125604
1629886004000,0.3179007981378026
1629886034000,0.3177354215412621
1629886064000,0.3179650914320685
1629886094000,0.3151678455378973
1629886124000,0.3181539603290676
1629886154000,0.3128474883495146
1629886184000,0.3168753634930261
1629886214000,0.3170255965201465
1629886244000,0.31534052249844624
1629886274000,0.3178737626691267
1629886304000,0.3183606900977995
1629886334000,0.3151168442563482
1629886364000,0.3127613490147783
1629886394000,0.3127250203463203
1629886424000,0.3130613993243243
1629886454000,0.31471166900549113
1629886484000,0.3118001384337349
1629886514000,0.3122314002467613
1629886544000,0.313753683058104
1629886574000,0.3120878456215554
1629886604000,0.31238750966153844
1629886634000,0.3126684503956177
1629886664000,0.31164634824029125
1629886694000,0.3181986070807453
1629886724000,0.3172639204366283
1629886754000,0.3125038488300493
1629886784000,0.3114167825766871
1629886814000,0.3132055674816626
1629886844000,0.3179349211990111
1629886874000,0.31762052616532005
1629886904000,0.3160579922046285
1629886934000,0.3148093510729614
1629886964000,0.31993965684596576
1629886994000,0.3112333471744472
1629887024000,0.3124982062198068
1629887054000,0.31759295089011663
1629887084000,0.31710300181488205
1629887114000,0.3135143736256949
1629887144000,0.3123075403314917
1629887174000,0.3138538856097561
1629887204000,0.3138139306707317
1629887234000,0.3148455834053054
1629887264000,0.3144233885454545
1629887294000,0.3123312485347985
1629887324000,0.3183756215281989
1629887354000,0.31123537101359705
1629887384000,0.3162636845045045
1629887414000,0.317430051128737
1629887444000,0.3178386105134474
1629887474000,0.31496076607470913
1629887504000,0.31332429752714114
1629887534000,0.31471501105072464
1629887564000,0.3124528511301161
1629887594000,0.3159273143555284
1629887624000,0.3136554793103448
1629887654000,0.3133563645640074
1629887684000,0.3128081509491733
1629887714000,0.3126634611351018
1629887744000,0.3111143429003021
1629887774000,0.3115862457978075
1629887804000,0.31441695902439026
1629887834000,0.31732552322858903
1629887864000,0.31192159975801576
1629887894000,0.31172861188299816
1629887924000,0.3148810696691177
1629887954000,0.312432967939394
1629887984000,0.31916363435990336
1629888014000,0.3122109314792176
1629888044000,0.31219859627791563
1629888074000,0.3164853816535908
1629888104000,0.31211034718562874
1629888134000,0.31591468561973524
1629888164000,0.3127515946731235
1629888194000,0.3221841093862816
1629888224000,0.3117649810042347
1629888254000,0.3189026785365854
1629888284000,0.3139934855143031
1629888314000,0.3154284828163772
1629888344000,0.3112393874924835
1629888374000,0.3132470249221184
1629888404000,0.3140505847044485
1629888434000,0.3216258668914776
1629888464000,0.3135806056569343
1629888494000,0.3144703907280647
1629888524000,0.31587625510703365
1629888554000,0.3125979396932516
1629888584000,0.3167825463803681
1629888614000,0.3093393110574018
1629888644000,0.3099369145577396
1629888674000,0.31536167912087915
1629888704000,0.3167077147272727
1629888734000,0.31904001897086176
1629888764000,0.3197736669713589
1629888794000,0.3159748551787916
1629888824000,0.3084248075766687
1629888854000,0.31561785814234017
1629888884000,0.3167021955801105
1629888914000,0.3196647964618249
1629888944000,0.31656849655808234
1629888974000,0.314118562026862
1629889004000,0.3157019827669903
1629889034000,0.31206221055555555
1629889064000,0.31279617844720503
1629889094000,0.3119176970961888
1629889124000,0.3107404675136116
1629889154000,0.3103803618696187
1629889184000,0.3121008325015216
1629889214000,0.3141757176325524
1629889244000,0.3170932301344743
1629889274000,0.3145759172771673
1629889304000,0.3135044196875
1629889334000,0.3156946428832117
1629889364000,0.3190837423718345
1629889394000,0.3136278967153285
1629889424000,0.3120778086638194
1629889454000,0.3163094401477832
1629889484000,0.3136163596059113
1629889514000,0.3173891081768625
1629889544000,0.3129880298717165
1629889574000,0.3136417801601972
1629889604000,0.3147097540357363
1629889634000,0.3148967911961141
1629889664000,0.3147836302702703
1629889694000,0.3125747514475272
1629889724000,0.3174954204938272
1629889754000,0.31297393626974485
1629889784000,0.3146014714285714
1629889814000,0.31599954393939395
1629889844000,0.3188870466463415
1629889874000,0.3162938365928659
1629889904000,0.3179776699629172
1629889934000,0.3217670259803921
1629889964000,0.3152783883763838
1629889994000,0.3189488692913386
1629890024000,0.3122157586037967
1629890054000,0.3182453095468278
1629890084000,0.3129263712252475
1629890114000,0.3224999066084788
1629890144000,0.31904762811366383
1629890174000,0.3173960331295844
1629890204000,0.3127521565164433
1629890234000,0.3155995147852761
1629890264000,0.3171445548211037
1629890294000,0.313591997948099
1629890324000,0.31225087507489513
1629890354000,0.31627001541307026
1629890384000,0.3139861428134557
1629890414000,0.32051902660606063
1629890444000,0.316578030259901
1629890474000,0.31299979206153844
1629890504000,0.3169797848540146
1629890534000,0.3191962019704433
1629890564000,0.3185143025168815
1629890594000,0.3132888707021792
1629890624000,0.31222197597282275
1629890654000,0.31220263703703705
1629890684000,0.3108863764849969
1629890714000,0.31532195186746986
1629890744000,0.312572391206792
1629890774000,0.31453055006075337
1629890804000,0.31328966411512554
1629890834000,0.3156788555421687
1629890864000,0.3098161325242719
1629890894000,0.3134279848942598
1629890924000,0.3129088899032648
1629890954000,0.3146933414381475
1629890984000,0.31686698211838005
1629891014000,0.31274071988778057
1629891044000,0.31571301185819073
1629891074000,0.31728692308157097
1629891104000,0.3134970480851064
1629891134000,0.3156708290865385
1629891164000,0.3132428059627329
1629891194000,0.314984996990172
1629891224000,0.3125178329083181
1629891254000,0.3141327604355717
1629891284000,0.31128425937690896
1629891314000,0.3181340092317224
1629891344000,0.31439370754716983
1629891374000,0.3125680529627367
1629891404000,0.32228285073349633
1629891434000,0.31194599993950395
1629891464000,0.3109789467324291
1629891494000,0.3174862693284937
1629891524000,0.31604527058103976
1629891554000,0.3173726935601458
1629891584000,0.312535413894081
1629891614000,0.3122833706844337
1629891644000,0.3133772974576271
1629891674000,0.31076118117433416
1629891704000,0.31117008357664233
1629891734000,0.3125916475369458
1629891764000,0.3169855834777228
1629891794000,0.31827459363363364
1629891824000,0.3143895006727829
1629891854000,0.3125697061919505
1629891884000,0.31372230552825553
1629891914000,0.3131179002467613
1629891944000,0.3177466966769231
1629891974000,0.31626084257366205
1629892004000,0.31585364612095296
1629892034000,0.315661280495356
1629892064000,0.31141818478527605
1629892094000,0.3160907108839447
1629892124000,0.3143175586771845
1629892154000,0.3199867897374702
1629892184000,0.3121427133660331
1629892214000,0.31303672997543
1629892244000,0.3127478260422961
1629892274000,0.31784597393452746
1629892304000,0.31407781169379145
1629892334000,0.31278560211970075
1629892364000,0.31891455179549605
1629892394000,0.31675701008663365
1629892424000,0.3174809550030694
1629892454000,0.31693481517747857
1629892484000,0.3127581858622791
1629892514000,0.3117885478637771
1629892544000,0.3162606675937122
1629892574000,0.3130973037331701
1629892604000,0.3108597539497857
1629892634000,0.3124349971411192
1629892664000,0.3162293410085055
1629892694000,0.31177830343980345
1629892724000,0.3168745607120933
1629892754000,0.3129794918719212
1629892784000,0.3165679309981401
1629892814000,0.31746465285540704
1629892844000,0.31112677466091243
1629892874000,0.3170547455703884
1629892904000,0.31255007032019705
1629892934000,0.31451937976843386
1629892964000,0.3156619764162561
1629892994000,0.3158629461725395
1629893024000,0.32239165537700865
1629893054000,0.3181225523297491
1629893084000,0.3156498976291793
1629893114000,0.3195008185862279
1629893144000,0.3112893438693777
1629893174000,0.25557625888137675
1629893204000,0.2542100692782233
1629893234000,0.3123372590825688
1629893264000,0.3138841520420792
1629893294000,0.31726454243360097
1629893324000,0.3108205550520514
1629893354000,0.3172583472137171
1629893384000,0.3185269627965044
1629893414000,0.3128275523721503
1629893444000,0.3113187945054945
1629893474000,0.3151070106968215
1629893504000,0.3189244015432099
1629893534000,0.31345341987730063
1629893564000,0.316564065939394
1629893594000,0.31564543188228084
1629893624000,0.3149095785321101
1629893654000,0.3099221355459057
1629893684000,0.31367883522588524
1629893714000,0.3193407428396573
1629893744000,0.3116295506445672
1629893774000,0.31625464057352043
1629893804000,0.3176220295343137
1629893834000,0.3156359414381475
1629893864000,0.3173372009253547
1629893894000,0.3124006836374696
1629893924000,0.3121913924214418
1629893954000,0.31291076434250764
1629893984000,0.31262894713414635
1629894014000,0.3159812136612022
1629894044000,0.31438996039783
1629894074000,0.3121913506112469
1629894104000,0.32256820412500004
1629894134000,0.3147996278260869
1629894164000,0.31348251711097336
1629894194000,0.31766602165330043
1629894224000,0.3182861805250305
1629894254000,0.3181019097906404
1629894284000,0.3115855792705167
1629894314000,0.3190174257037944
1629894344000,0.3128137938912645
1629894374000,0.3143442211838006
1629894404000,0.3172489303582271
1629894434000,0.3178744788861689
1629894464000,0.31399708173018753
1629894494000,0.3143255872584541
1629894524000,0.31611153895946764
1629894554000,0.3162253205504587
1629894584000,0.3192895823351482
1629894614000,0.3222258106813996
1629894644000,0.3178531394106814
1629894674000,0.3212278431300062
1629894704000,0.31768570706388205
1629894734000,0.31161828064713065
1629894764000,0.3162285819277109
1629894794000,0.3116930238154613
1629894824000,0.3134554701647346
1629894854000,0.3119482985696517
1629894884000,0.31561731610325755
1629894914000,0.3124929888133498
1629894944000,0.3163544468978102
1629894974000,0.3101376256394641
1629895004000,0.3181636059040591
1629895034000,0.2548182479217604
1629895064000,0.31740961152460984
1629895094000,0.31272173796240144
1629895124000,0.3123743271779141
1629895154000,0.3125631331257783
1629895184000,0.3197859765424557
1629895214000,0.3211087714810282
1629895244000,0.3161034171601209
1629895274000,0.31251296200846945
1629895304000,0.3202556599384616
1629895334000,0.3112858360415394
1629895364000,0.3171281833231521
1629895394000,0.3128710735792019
1629895424000,0.3126431571871128
1629895454000,0.3158984584848485
1629895484000,0.3119950024585126
1629895514000,0.31304087281021903
1629895544000,0.31601617770897833
1629895574000,0.3156901086509377
1629895604000,0.31565475319677216
1629895634000,0.3137106733702337
1629895664000,0.31175574097051595
1629895694000,0.3133878220472441
1629895724000,0.31348960526960784
1629895754000,0.31681672461820404
1629895784000,0.3197186265356265
1629895814000,0.31074611030487803
1629895844000,0.31332612674418603
1629895874000,0.3208542189826303
1629895904000,0.31437434252593044
1629895934000,0.3166547699635922
1629895964000,0.3144073833333333
1629895994000,0.3168878247108947
1629896024000,0.314972359375
1629896054000,0.31594642394540945
1629896084000,0.31414159531812724
1629896114000,0.31751993018404906
1629896144000,0.31743066221538463
1629896174000,0.3148170277093596
1629896204000,0.3199741082608696
1629896234000,0.31124755539877297
1629896264000,0.3154409915202908
1629896294000,0.31758939374225525
1629896324000,0.3129952185592186
1629896354000,0.3148765475460123
1629896384000,0.31968836410102225
1629896414000,0.3169127186576355
1629896444000,0.3132408083126551
1629896474000,0.3155931694987775
1629896504000,0.31225354711246195
1629896534000,0.3175505097605893
1629896564000,0.3125457596212584
1629896594000,0.3178105480097979
1629896624000,0.31537532787477424
1629896654000,0.3167406013830427
1629896684000,0.3185775806712244
1629896714000,0.31729356506682865
1629896744000,0.31729463
1629896774000,0.3205988122146823
1629896804000,0.3132852194547708
1629896834000,0.3110210804711717
1629896864000,0.31324125169022743
1629896894000,0.3157757427261614
1629896924000,0.3192192073006135
1629896954000,0.3106309193707588
1629896984000,0.31134823417487684
1629897014000,0.3113209909587379
1629897044000,0.31558848381010346
1629897074000,0.3116862417385943
1629897104000,0.31439048525091806
1629897134000,0.3161394503347535
1629897164000,0.313780308636644
1629897194000,0.3231888123329283
1629897224000,0.3157820536
1629897254000,0.3121571657718121
1629897284000,0.3137196283882784
1629897314000,0.3177914720930233
1629897344000,0.31975195816203145
1629897374000,0.3168466843634116
1629897404000,0.3173755371880706
1629897434000,0.3159473378723404
1629897464000,0.31824423227383863
1629897494000,0.31089312203076924
1629897524000,0.3138778212195122
1629897554000,0.31210335123123123
1629897584000,0.31860600434516523
1629897614000,0.3204779425766871
1629897644000,0.3167480763625229
1629897674000,0.3130618908812729
1629897704000,0.3192141235872236
1629897734000,0.3165237790400972
1629897764000,0.3154355680437424
1629897794000,0.3225622117211598
1629897824000,0.3175856295202952
1629897854000,0.3148167156386293
1629897884000,0.3123846700311527
1629897914000,0.3105565506501548
1629897944000,0.3152574994588094
1629897974000,0.3092734842261905
1629898004000,0.3136071808968059
1629898034000,0.31272900145631066
1629898064000,0.3110845652307692
1629898094000,0.3116552785450062
1629898124000,0.3136007555826724
1629898154000,0.3127502909426987
1629898184000,0.31262209735576924
1629898214000,0.31290591108389465
1629898244000,0.3129025835192069
1629898274000,0.3149162424563591
1629898304000,0.3177460241358025
1629898334000,0.31553218740963856
1629898364000,0.3208786951474201
1629898394000,0.3144965562158884
1629898424000,0.3176575603164942
1629898454000,0.3163555396156231
1629898484000,0.3170027217716781
1629898514000,0.3161719804697157
1629898544000,0.31567208215613385
1629898574000,0.31734551258440763
1629898604000,0.3116478418047882
1629898634000,0.313161263473424
1629898664000,0.3115853958131068
1629898694000,0.3157013697546012
1629898724000,0.3132893726277372
1629898754000,0.31994561350521794
1629898784000,0.3205751970352069
1629898814000,0.31374169076923075
1629898844000,0.3164766085003036
1629898874000,0.3102695303142329
1629898904000,0.31570129698089955
1629898934000,0.3168038120098039
1629898964000,0.3116960563914373
1629898994000,0.3128109935542169
1629899024000,0.3110801001227747
1629899054000,0.3108475781481482
1629899084000,0.32458529789473684
1629899114000,0.3226664368961353
1629899144000,0.31616397704615384
1629899174000,0.32023822846488503
1629899204000,0.31729902905405405
1629899234000,0.31496565617772365
1629899264000,0.3158969648616125
1629899294000,0.3134884652252252
1629899324000,0.3183816220110361
1629899354000,0.31699366864564005
1629899384000,0.314655785519802
1629899414000,0.312560466976456
1629899444000,0.3148021224637681
1629899474000,0.3118981938294011
1629899504000,0.3122497101705238
1629899534000,0.31205672329615863
1629899564000,0.3179128088714545
1629899594000,0.2580017300673607
1629899624000,0.3134398520320197
1629899654000,0.31368164539353266
1629899684000,0.25530574935064937
1629899714000,0.3163101445188794
1629899744000,0.3213165146593674
1629899774000,0.3154366005514706
1629899804000,0.3184089836085627
1629899834000,0.3123816574442435
1629899864000,0.31636666022031823
1629899894000,0.3147327748777506
1629899924000,0.316173253271028
1629899954000,0.3174982417288557
1629899984000,0.3122888747252747
1629900014000,0.3139451187192118
1629900044000,0.31587747971985386
1629900074000,0.3151901356399265
1629900104000,0.31179145702786376
1629900134000,0.3116778697859327
1629900164000,0.3150512146968769
1629900194000,0.31827126711491444
1629900224000,0.3159116261083744
1629900254000,0.3191767587948874
1629900284000,0.3147428986444855
1629900314000,0.3123877418225709
1629900344000,0.31735449513546804
1629900374000,0.31377867567730283
1629900404000,0.3144186072570725
1629900434000,0.31260133213633595
1629900464000,0.3184418658385093
1629900494000,0.3081902781829049
1629900524000,0.3126214937309799
1629900554000,0.3198422008474576
1629900584000,0.31178939004914
1629900614000,0.3171697646311971
1629900644000,0.3118073766625616
1629900674000,0.31441222939393937
1629900704000,0.3110936661613099
1629900734000,0.3143296296770262
1629900764000,0.3197391809405941
1629900794000,0.31244443385447984
1629900824000,0.3115386616329036
1629900854000,0.3219106968292683
1629900884000,0.3161865431707317
1629900914000,0.3150563112132353
1629900944000,0.312064444382716
1629900974000,0.3121284959110042
1629901004000,0.32033209722906403
1629901034000,0.3110619352258852
1629901064000,0.3138273400617284
1629901094000,0.31527908667905824
1629901124000,0.31677791469512195
1629901154000,0.3180854417288557
1629901184000,0.3218087608197709
1629901214000,0.31450871219211823
1629901244000,0.3110670235692308
1629901274000,0.31895767969040245
1629901304000,0.3137620032886724
1629901334000,0.3117110743478261
1629901364000,0.31784779857496903
1629901394000,0.32066803245033115
1629901424000,0.3193355213154689
1629901454000,0.3127499509456986
1629901484000,0.3119924955205811
1629901514000,0.3193509068818514
1629901544000,0.3131429327017115
1629901574000,0.321190559901599
1629901604000,0.3132319621110433
1629901634000,0.3207635673543689
1629901664000,0.3169624121775645
1629901694000,0.31378358671970624
1629901724000,0.3132167245571167
1629901754000,0.3169738571602681
1629901784000,0.31239063028641073
1629901814000,0.31655116057866184
1629901844000,0.3135094981016534
1629901874000,0.31415597455548744
1629901904000,0.31673235177349096
1629901934000,0.3157471499072356
1629901964000,0.313870342883549
1629901994000,0.3142877369630974
1629902024000,0.3158393503067485
1629902054000,0.311400160308642
1629902084000,0.3174905904268293
1629902114000,0.312731086814541
1629902144000,0.3142565438769231
1629902174000,0.31423456752608964
1629902204000,0.3113898131806931
1629902234000,0.31368894685610643
1629902264000,0.31907365740049753
1629902294000,0.3128801188737624
1629902324000,0.3134530978181818
1629902354000,0.3139261024286581
1629902384000,0.31252870458155163
1629902414000,0.3138221321583179
1629902444000,0.3121802138206388
1629902474000,0.31664810911300123
1629902504000,0.3118143961302211
1629902534000,0.3109292323758229
1629902564000,0.3179839456482045
1629902594000,0.3246429068860451
1629902624000,0.31938902139364306
1629902654000,0.3163907357142857
1629902684000,0.3203557647713226
1629902714000,0.31648419300309605
1629902744000,0.3118170855569156
1629902774000,0.3163419384990848
1629902804000,0.3179329192044748
1629902834000,0.3211255280733945
1629902864000,0.3122519354407295
1629902894000,0.3186689182486221
1629902924000,0.31358061793275216
1629902954000,0.31093775636140136
1629902984000,0.3131787388185654
1629903014000,0.3157430175187033
1629903044000,0.3128180735511714
1629903074000,0.319596468190128
1629903104000,0.3160310832
1629903134000,0.31277957566235365
1629903164000,0.31035747228766275
1629903194000,0.3126335601339014
1629903224000,0.3142498234307023
1629903254000,0.31102246565349545
1629903284000,0.31388055808019444
1629903314000,0.31545243635265696
1629903344000,0.31371194261083746
1629903374000,0.311339500855223
1629903404000,0.3213457291769042
1629903434000,0.3202586107777097
1629903464000,0.3190039005541872
1629903494000,0.3166294085696671
1629903524000,0.3164459087816945
1629903554000,0.3120958091855481
1629903584000,0.3163377840290381
1629903614000,0.31789726723198064
1629903644000,0.3197667863552551
1629903674000,0.3147357941320293
1629903704000,0.3116089446731235
1629903734000,0.3161799541003672
1629903764000,0.31394252841530057
1629903794000,0.3203675978787879
1629903824000,0.3178387669549104
1629903854000,0.3157837360716492
1629903884000,0.3187206478864734
1629903914000,0.3145777212383901
1629903944000,0.3172146215970962
1629903974000,0.3172125042367601
1629904004000,0.3176618427261614
1629904034000,0.3184845620731707
1629904064000,0.3253837375310173
1629904094000,0.3180163878378378
1629904124000,0.3195180478445659
1629904154000,0.31406485442961163
1629904184000,0.31620701200480195
1629904214000,0.3181208064535585
1629904244000,0.31719375198555955
1629904274000,0.3162283119356833
1629904304000,0.3160943829969419
1629904334000,0.32212220625
1629904364000,0.3202569277675841
1629904394000,0.31280009413202936
1629904424000,0.3167044933944954
1629904454000,0.3145955628606507
1629904484000,0.31791594621899577
1629904514000,0.3185476349938499
1629904544000,0.31867840049504953
1629904574000,0.31669264896467725
1629904604000,0.3203736237801112
1629904634000,0.3182258950931677
1629904664000,0.311992614408867
1629904694000,0.3131181004283965
1629904724000,0.3142125604128719
1629904754000,0.3151329803874092
1629904784000,0.3144525453293413
1629904814000,0.32162892380368097
1629904844000,0.3143511674348089
1629904874000,0.3140355918719212
1629904904000,0.311930523880597
1629904934000,0.3152252897796818
1629904964000,0.3122164824907522
1629904994000,0.3168828765865681
1629905024000,0.3136959949724096
1629905054000,0.32110801660447763
1629905084000,0.3128605077970297
1629905114000,0.2573734246341464
1629905144000,0.3175140218249075
1629905174000,0.3153821707803993
1629905204000,0.320821623898612
1629905234000,0.3176378940704138
1629905264000,0.3120233711111111
1629905294000,0.3164459697408077
1629905324000,0.3128257703276699
1629905354000,0.31872609572755417
1629905384000,0.31990483382899626
1629905414000,0.3139824511685117
1629905444000,0.3196291196670777
1629905474000,0.31575226715417426
1629905504000,0.31631000507859736
1629905534000,0.3197097746980676
1629905564000,0.31393020592547344
1629905594000,0.3139127952694611
1629905624000,0.31284427484624844
1629905654000,0.3134596768142681
1629905684000,0.3118055478025286
1629905714000,0.31210574013317194
1629905744000,0.3134456115808824
1629905774000,0.3167001425505825
1629905804000,0.31769879056138184
1629905834000,0.31721216333938296
1629905864000,0.3175135298013245
1629905894000,0.3168886304400978
1629905924000,0.31738766451219513
1629905954000,0.3160567670495768
1629905984000,0.3217817137195122
1629906014000,0.3142229028467595
1629906044000,0.3155736226567349
1629906074000,0.3227009418037782
1629906104000,0.31430307872470875
1629906134000,0.3219522338909542
1629906164000,0.31228816187845304
1629906194000,0.3170578020171149
1629906224000,0.3113387192331102
1629906254000,0.3114836864303179
1629906284000,0.3127641148148148
1629906314000,0.3129528576053757
1629906344000,0.3117653719277109
1629906374000,0.3124032447080292
1629906404000,0.3131923740204943
1629906434000,0.3117987263863498
1629906464000,0.3185968552760736
1629906494000,0.3118139981762918
1629906524000,0.3142384195429946
1629906554000,0.3129670493268054
1629906584000,0.3110848556156156
1629906614000,0.31532141914765904
1629906644000,0.3145137443833944
1629906674000,0.3186852879801735
1629906704000,0.3219350023270055
1629906734000,0.31348037553912506
1629906764000,0.31627173210399034
1629906794000,0.3111420246634027
1629906824000,0.31847929143561304
1629906854000,0.3131820713226205
1629906884000,0.3125365980452046
1629906914000,0.3136061133126935
1629906944000,0.3119414524740379
1629906974000,0.31801111620455946
1629907004000,0.3128830549235474
1629907034000,0.31634436127659576
1629907064000,0.3118665320121951
1629907094000,0.3124720339645693
1629907124000,0.3125180177153329
1629907154000,0.3123609121230769
1629907184000,0.3119763496652465
1629907214000,0.3134775819188192
1629907244000,0.3181138403618216
1629907274000,0.3118640500611995
1629907304000,0.3193709072303921
1629907334000,0.3150600553713935
1629907364000,0.31245046952789696
1629907394000,0.3188170512899263
1629907424000,0.31761876079999996
1629907454000,0.3174886471023428
1629907484000,0.3156655003663004
1629907514000,0.31566153850364964
1629907544000,0.3135916290145985
1629907574000,0.32148706691403833
1629907604000,0.3125658468807906
1629907634000,0.3116486776960785
1629907664000,0.3228546812267658
1629907694000,0.3139414191956124
1629907724000,0.31217394966360856
1629907754000,0.3123738770461538
1629907784000,0.3196787741815936
1629907814000,0.31097416700844394
1629907844000,0.31034277825030376
1629907874000,0.3120405575334144
1629907904000,0.3149428075941677
1629907934000,0.31363766202453985
1629907964000,0.31524933041615666
1629907994000,0.312915021529052
1629908024000,0.3169993233599019
1629908054000,0.31365032433090023
1629908084000,0.3165351595107034
1629908114000,0.3168871090740741
1629908144000,0.3208089329826733
1629908174000,0.3206330264705882
1629908204000,0.3257520611866502
1629908234000,0.3168056303048781
1629908264000,0.3116622429969419
1629908294000,0.3140985592478422
1629908324000,0.3114679021831413
1629908354000,0.310104136637931
1629908384000,0.3105158925790754
1629908414000,0.3145928565403423
1629908444000,0.31768553380368103
1629908474000,0.32131130958737864
1629908504000,0.31444376952034003
1629908534000,0.3100875152107514
1629908564000,0.31704696950617284
1629908594000,0.3188020503363914
1629908624000,0.3168007089515635
1629908654000,0.3193804473006135
1629908684000,0.3182712571602681
1629908714000,0.31259605601710444
1629908744000,0.3127929973170732
1629908774000,0.3115878585870889
1629908804000,0.3139952382624769
1629908834000,0.31200268168408113
1629908864000,0.3142216800744879
1629908894000,0.3127137053472649
1629908924000,0.31519264933414043
1629908954000,0.3134475493640218
1629908984000,0.3136313802311436
1629909014000,0.31430621055521657
1629909044000,0.313388225399754
1629909074000,0.31405327579075426
1629909104000,0.31349315508684866
1629909134000,0.31636070800485144
1629909164000,0.3159431330291971
1629909194000,0.31696185691937423
1629909224000,0.31550786320987656
1629909254000,0.3190028430759804
1629909284000,0.3198116964131107
1629909314000,0.31984222205791746
1629909344000,0.31355587848801475
1629909374000,0.3115181739156995
1629909404000,0.31565126259914583
1629909434000,0.3128624955351682
1629909464000,0.3219417188106796
1629909494000,0.3136587031515152
1629909524000,0.3144322097839136
1629909554000,0.31752584714898835
1629909584000,0.31776309031862743
1629909614000,0.3175969241635688
1629909644000,0.31498219353264184
1629909674000,0.31131048965944275
1629909704000,0.31854853998771504
1629909734000,0.31286533998793725
1629909764000,0.31166864825688073
1629909794000,0.31723460686456395
1629909824000,0.3126233016666667
1629909854000,0.31764895870769233
1629909884000,0.3126753493234932
1629909914000,0.3241396754068716
1629909944000,0.31117134981751826
1629909974000,0.31199200523432746
1629910004000,0.3161486246785058
1629910034000,0.3152922822396147
1629910064000,0.3121599803198032
1629910094000,0.31777358397318706
1629910124000,0.31344534044253225
1629910154000,0.3146809784445805
1629910184000,0.31486763282950425
1629910214000,0.3160623913230769
1629910244000,0.3161133405078597
1629910274000,0.3166691521712907
1629910304000,0.3142055780413625
1629910334000,0.3182135458687728
1629910364000,0.3158774708564387
1629910394000,0.32343382790411795
1629910424000,0.3122380814631122
1629910454000,0.3230916012907191
1629910484000,0.3119165626134301
1629910514000,0.31800705828258224
1629910544000,0.3131203085237801
1629910574000,0.31617680477964005
1629910604000,0.3145028375152253
1629910634000,0.3186322928267477
1629910664000,0.3123856613156307
1629910694000,0.3105377722052535
1629910724000,0.3177405680418719
1629910754000,0.31590212915910465
1629910784000,0.3170472288508557
1629910814000,0.3165264912094763
1629910844000,0.31620378624242423
1629910874000,0.3150355195345989
1629910904000,0.31668005896487983
1629910934000,0.31904263964460783
1629910964000,0.31359215667074664
1629910994000,0.3141754958050586
1629911024000,0.316238530881459
1629911054000,0.3196676317088217
1629911084000,0.3137927060382009
1629911114000,0.3129027534653465
1629911144000,0.3149559346863469
1629911174000,0.3151641659781288
1629911204000,0.3163030091626214
1629911234000,0.3107157324074074
1629911264000,0.3178254696726374
1629911294000,0.3187647083435583
1629911324000,0.3111561393846154
1629911354000,0.31358402808431496
1629911384000,0.31704270836896764
1629911414000,0.3166356887067395
1629911444000,0.3163987549725442
1629911474000,0.3159902082410824
1629911504000,0.31240574310344826
1629911534000,0.3151455954710145
1629911564000,0.310898543319097
1629911594000,0.31229000903540904
1629911624000,0.3155782490508267
1629911654000,0.31509362720097145
1629911684000,0.32031843177683444
1629911714000,0.3128472554941682
1629911744000,0.31627837504667083
1629911774000,0.3124367291232373
1629911804000,0.3128317721712538
1629911834000,0.3155005621655258
1629911864000,0.3167348277949352
1629911894000,0.31209191920731705
1629911924000,0.3157717345057611
1629911954000,0.31744876862260657
1629911984000,0.317515053271028
1629912014000,0.31275222188264057
1629912044000,0.3130416206662554
1629912074000,0.3135211063228975
1629912104000,0.3167264125152625
1629912134000,0.3152858719018405
1629912164000,0.315965324218271
1629912194000,0.3115423783517835
1629912224000,0.3175748512406948
1629912254000,0.31289195725466584
1629912284000,0.3155544215590743
1629912314000,0.3108695867115738
1629912344000,0.3178798748938751
1629912374000,0.32078900438001234
1629912404000,0.31727522749244713
1629912434000,0.31740156724782065
1629912464000,0.3158261410669975
1629912494000,0.3135076898489426
1629912524000,0.3110940643382353
1629912554000,0.31098292385321097
1629912584000,0.3169907719729564
1629912614000,0.31702252146341464
1629912644000,0.31706282742230346
1629912674000,0.3170482219614922
1629912704000,0.31711961272727274
1629912734000,0.32360879881914234
1629912764000,0.3169668640024405
1629912794000,0.3174647160891089
1629912824000,0.31796763890577506
1629912854000,0.3148188061300309
1629912884000,0.3179133728782288
1629912914000,0.3155913286840509
1629912944000,0.3148737352404139
1629912974000,0.31321364401735896
1629913004000,0.3178850277573529
1629913034000,0.31206360924924925
1629913064000,0.3138646649731022
1629913094000,0.3134928163824604
1629913124000,0.3200418404542664
1629913154000,0.3176739228059333
1629913184000,0.3188009255541872
1629913214000,0.3120485604779412
1629913244000,0.31325844890243904
1629913274000,0.31700800368802895
1629913304000,0.3142340914268585
1629913334000,0.3181813821733821
1629913364000,0.3173178686383241
1629913394000,0.3204080041332511
1629913424000,0.31707057170613234
1629913454000,0.3136999862026103
1629913484000,0.3159918762554247
1629913514000,0.31094830066585954
1629913544000,0.31103526496932515
1629913574000,0.3134634254901961
1629913604000,0.31281000956416466
1629913634000,0.3120271421020656
1629913664000,0.3180925908979841
1629913694000,0.3162888370437956
1629913724000,0.3158055482843137
1629913754000,0.31084872031344185
1629913784000,0.3153746506075334
1629913814000,0.31739116079374624
1629913844000,0.31146448707482993
1629913874000,0.3161840580120482
1629913904000,0.3176963403215832
1629913934000,0.3133564427770859
1629913964000,0.3167182518608908
1629913994000,0.3135504631127451
1629914024000,0.313339986902545
1629914054000,0.3146953930036188
1629914084000,0.3111631137096774
1629914114000,0.3145130648795181
1629914144000,0.3128472602548544
1629914174000,0.315626006601467
1629914204000,0.31420501281577323
1629914234000,0.31234693199037883
1629914264000,0.3121732239659367
1629914294000,0.31446478256658594
1629914324000,0.3172142949658173
1629914354000,0.3127513436551305
1629914384000,0.31289371458966564
1629914414000,0.3115913680190931
1629914444000,0.31208208177399754
1629914474000,0.31927806513480395
1629914504000,0.31409741611698816
1629914534000,0.3142682361313869
1629914564000,0.31180034185323385
1629914594000,0.3133806197217181
1629914624000,0.3169585292364991
1629914654000,0.31430299073383083
1629914684000,0.311940139695122
1629914714000,0.3144682184541642
1629914744000,0.3170915045991299
1629914774000,0.3137954177860697
1629914804000,0.31689740103092784
1629914834000,0.31455548684369344
1629914864000,0.3170183137523335
1629914894000,0.31388885784615383
1629914924000,0.31602878858530664
1629914954000,0.31421347258064514
1629914984000,0.3164334009057971
1629915014000,0.3143525180870632
1629915044000,0.3156682889981561
1629915074000,0.32100568087600245
1629915104000,0.31656305052501543
1629915134000,0.3129003860012173
1629915164000,0.3183029700421941
1629915194000,0.3101599606280193
1629915224000,0.32129132389221554
1629915254000,0.3165097997550521
1629915284000,0.3124304868499701
1629915314000,0.31434312453172203
1629915344000,0.3135084578754579
1629915374000,0.3127987822452715
1629915404000,0.31530686603076924
1629915434000,0.3123570559332509
1629915464000,0.3185495789057751
1629915494000,0.31675527435582823
1629915524000,0.3177205304065999
1629915554000,0.317110624908648
1629915584000,0.31194504432863274
1629915614000,0.31374691831775703
1629915644000,0.3166070878208955
1629915674000,0.3172027505192425
1629915704000,0.3209031965412621
1629915734000,0.3206056569080949
1629915764000,0.3168035072133169
1629915794000,0.3162404296730413
1629915824000,0.3163421751065125
1629915854000,0.3117192838513102
1629915884000,0.31260971502172563
1629915914000,0.3160810329004329
1629915944000,0.3157649608878224
1629915974000,0.3131406221206581
1629916004000,0.3180881323331292
1629916034000,0.31773639021871203
1629916064000,0.31387508943236714
1629916094000,0.3130052193349754
1629916124000,0.31190590121951217
1629916154000,0.31444209482653684
1629916184000,0.3129807271785497
1629916214000,0.3129222152305825
1629916244000,0.3135684297096973
1629916274000,0.31142631699386497
1629916304000,0.3125173862197393
1629916334000,0.3136714204094293
1629916364000,0.3166572158838072
1629916394000,0.31436236571958004
1629916424000,0.3140544025339926
1629916454000,0.3163530810365854
1629916484000,0.3169843964923077
1629916514000,0.32202658611620794
1629916544000,0.3107264914268218
1629916574000,0.3193603456043956
1629916604000,0.31375806065974343
1629916634000,0.310804731946956
1629916664000,0.3127230027577937
1629916694000,0.3122133605693519
1629916724000,0.3135622611721612
1629916754000,0.3149367491803279
1629916784000,0.31156124036474164
1629916814000,0.3107372045121951
1629916844000,0.312526858682266
1629916874000,0.315495640316687
1629916904000,0.3128200504548211
1629916934000,0.3160304432532348
1629916964000,0.3142728982864137
1629916994000,0.3155916169869808
1629917024000,0.3125662146492861
1629917054000,0.3123731657509157
1629917084000,0.31635902981481484
1629917114000,0.32019359184178003
1629917144000,0.31657153663551396
1629917174000,0.3113616369019139
1629917204000,0.3145717821450713
1629917234000,0.3126061542942943
1629917264000,0.31690439213973803
1629917294000,0.31719096902439026
1629917324000,0.3168486729891957
1629917354000,0.3174195008019741
1629917384000,0.31494106700844393
1629917414000,0.3171295548525799
1629917444000,0.3112864192425168
1629917474000,0.3109733505796217
1629917504000,0.3170730885696821
1629917534000,0.31332337657107995
1629917564000,0.3133248941867656
1629917594000,0.3170951203841388
1629917624000,0.3185369962507683
1629917654000,0.3099318131787676
1629917684000,0.3167805601941748
1629917714000,0.3111212683076923
1629917744000,0.3184557955433455
1629917774000,0.3170135308814589
1629917804000,0.3134857539702233
1629917834000,0.31942589302607644
1629917864000,0.3169317436893204
1629917894000,0.3119884291921665
1629917924000,0.3172321762981063
1629917954000,0.3123904495037221
1629917984000,0.31825071773700303
1629918014000,0.3151248890605686
1629918044000,0.31397729468807906
1629918074000,0.31449301206792
1629918104000,0.31258705542682924
1629918134000,0.3153691882746051
1629918164000,0.31423455367372355
1629918194000,0.31292751968312005
1629918224000,0.3184782064769976
1629918254000,0.3147985265179678
1629918284000,0.3201450348170732
1629918314000,0.3121010657072872
1629918344000,0.3121532744157441
1629918374000,0.3180561444444445
1629918404000,0.3174242334771887
1629918434000,0.3122285056416615
1629918464000,0.31311043727050186
1629918494000,0.3129736109801489
1629918524000,0.3166645870948012
1629918554000,0.3116435067065868
1629918584000,0.31267347567237164
1629918614000,0.32344020359317904
1629918644000,0.3211601343101343
1629918674000,0.31224139817739976
1629918704000,0.37658515249695496
1629918734000,0.3735531999398316
1629918764000,0.374132971445856
1629918794000,0.3744630503703704
1629918824000,0.3747513958485959
1629918854000,0.31718064950678176
1629918884000,0.3113686490566038
1629918914000,0.3117381738814994
1629918944000,0.3178967812577065
1629918974000,0.3137595143118149
1629919004000,0.31768634346749225
1629919034000,0.3156404520364742
1629919064000,0.31687580558312656
1629919094000,0.31619420836820084
1629919124000,0.31530321788120025
1629919154000,0.3214079421372192
1629919184000,0.3152927230722154
1629919214000,0.318933434842168
1629919244000,0.3104669604622871
1629919274000,0.31397897140243897
1629919304000,0.317079417896679
1629919334000,0.31324451050702506
1629919364000,0.31572516105919
1629919394000,0.31929328810408925
1629919424000,0.31359230697384805
1629919454000,0.3133751593406593
1629919484000,0.3156868241945289
1629919514000,0.3186763836408364
1629919544000,0.31412362141982864
1629919574000,0.3132849494826537
1629919604000,0.3126865371779141
1629919634000,0.3128991363131936
1629919664000,0.3153374393656717
1629919694000,0.3149369876149601
1629919724000,0.3174006207604104
1629919754000,0.3189516330269608
1629919784000,0.3185592771820449
1629919814000,0.31378448238916257
1629919844000,0.3128522321601942
1629919874000,0.31316214666666664
1629919904000,0.31266614711656443
1629919934000,0.3203331281672817
1629919964000,0.3117636672151127
1629919994000,0.31249761209529625
1629920024000,0.3114322921875
1629920054000,0.32138635740963856
1629920084000,0.3201155527812114
1629920114000,0.3228719468137255
1629920144000,0.3179656120689655
1629920174000,0.3149986657618754
1629920204000,0.31803437496902104
1629920234000,0.3128497690987124
1629920264000,0.3180126232009925
1629920294000,0.3168016617321867
1629920324000,0.3123979279805353
1629920354000,0.316528978002451
1629920384000,0.31179677374541004
1629920414000,0.3124682350909091
1629920444000,0.3125937170746634
1629920474000,0.3151992677127339
1629920504000,0.3142794853878533
1629920534000,0.31095924611650483
1629920564000,0.3108176450271248
1629920594000,0.3172869477188656
1629920624000,0.313675533150518
1629920654000,0.3187664555420957
1629920684000,0.3184342803506651
1629920714000,0.3202168512180268
1629920744000,0.3190176958409786
1629920774000,0.31433814381884945
1629920804000,0.3219147419473362
1629920834000,0.3119672289864029
1629920864000,0.3126410249378109
1629920894000,0.3129892266301036
1629920924000,0.31740078191681736
1629920954000,0.31266671896341464
1629920984000,0.3123936823421214
1629921014000,0.3116906453382084
1629921044000,0.3161284786396181
1629921074000,0.3134335756823821
1629921104000,0.31717898527980537
1629921134000,0.3136221236506974
1629921164000,0.3153622294403893
1629921194000,0.3117439943930992
1629921224000,0.311947281181486
1629921254000,0.3095144768715764
1629921284000,0.31625206291866026
1629921314000,0.31702606417177914
1629921344000,0.31199799511322995
1629921374000,0.31516714071560764
1629921404000,0.3166489750920245
1629921434000,0.3145397750917993
1629921464000,0.31871875790754256
1629921494000,0.3115352074892572
1629921524000,0.31233532295482297
1629921554000,0.315302423053528
1629921584000,0.31947784254658385
1629921614000,0.3128269390334573
1629921644000,0.3158561700923077
1629921674000,0.3121778313506816
1629921704000,0.310507378025286
1629921734000,0.3130032999390616
1629921764000,0.312888398470948
1629921794000,0.3206960561107766
1629921824000,0.31563525125382264
1629921854000,0.31281955055900623
1629921884000,0.3106025775798526
1629921914000,0.31607452850152906
1629921944000,0.3150256855407048
1629921974000,0.3174076352976914
1629922004000,0.3131621795061729
1629922034000,0.3091970994561933
1629922064000,0.3169301901417129
1629922094000,0.31508857840290383
1629922124000,0.31224435008987417
1629922154000,0.31590280695121953
1629922184000,0.3121293351586808
1629922214000,0.3138256548727498
1629922244000,0.3164407501527184
1629922274000,0.3146818550120773
1629922304000,0.3154274625461255
1629922334000,0.3113101778325123
1629922364000,0.3170335184034125
1629922394000,0.31659662037598546
1629922424000,0.3170315612786489
1629922454000,0.3125304122386224
1629922484000,0.3152537562767912
1629922514000,0.31215797935921136
1629922544000,0.3103682381093936
1629922574000,0.3170254294911097
1629922604000,0.3155368346739793
1629922634000,0.3176022614241486
1629922664000,0.31795196637931034
1629922694000,0.3140291874313606
1629922724000,0.3128491413366337
1629922754000,0.3152294644578313
1629922784000,0.3131506726095003
1629922814000,0.3127396418126888
1629922844000,0.3191367863580999
1629922874000,0.3143926522631261
1629922904000,0.3121154268456376
1629922934000,0.31557889969135805
1629922964000,0.315821696146789
1629922994000,0.3206817990165949
1629923024000,0.3227440536764706
1629923054000,0.317443278330264
1629923084000,0.3128726124300808
1629923114000,0.31791095924344115
1629923144000,0.3125223173053152
1629923174000,0.3172142014232673
1629923204000,0.3122599607228916
1629923234000,0.3222867548174745
1629923264000,0.3190792839926963
1629923294000,0.31941324183610603
1629923324000,0.3131234282568807
1629923354000,0.3130815087010565
1629923384000,0.31927995339563864
1629923414000,0.3140737911728395
1629923444000,0.3167652450522434
1629923474000,0.3123455309538461
1629923504000,0.3211747704390847
1629923534000,0.3130236371905941
1629923564000,0.3124454135018496
1629923594000,0.3145377971130221
1629923624000,0.3128495804639805
1629923654000,0.31216957404674045
1629923684000,0.31429803623798075
1629923714000,0.3135053450367647
1629923744000,0.3111743517199759
1629923774000,0.3127408850828729
1629923804000,0.3110820421149144
1629923834000,0.3148985270401949
1629923864000,0.3116333793124617
1629923894000,0.3178489596165739
1629923924000,0.3153041514145141
1629923954000,0.3191689963494913
1629923984000,0.31533970577395576
1629924014000,0.3149004929268293
1629924044000,0.31243217866004963
1629924074000,0.3129271053658537
1629924104000,0.3115711241964827
1629924134000,0.3185631924354244
1629924164000,0.32020866818734794
1629924194000,0.3159851307033639
1629924224000,0.31260262252846016
1629924254000,0.3161589291691935
1629924284000,0.31320100287253144
1629924314000,0.31614387890864504
1629924344000,0.3146928357843137
1629924374000,0.31219305896024463
1629924404000,0.311929979390681
1629924434000,0.31517106145958984
1629924464000,0.3129785207627119
1629924494000,0.3162141619875776
1629924524000,0.3160846006064281
1629924554000,0.3137906535495716
1629924584000,0.3126971448833034
1629924614000,0.3228229755706354
1629924644000,0.3186557105676329
1629924674000,0.3174317336829118
1629924704000,0.3148056477244772
1629924734000,0.31607282883917776
1629924764000,0.3233501750153093
1629924794000,0.3196914770343581
1629924824000,0.3144670234470158
1629924854000,0.3230175392156863
1629924884000,0.3201938804984424
1629924914000,0.31572817940074904
1629924944000,0.311896179210364
1629924974000,0.3115318000616143
1629925004000,0.3166600276219512
1629925034000,0.31995158624078623
1629925064000,0.31528494530783024
1629925094000,0.3187754842689698
1629925124000,0.3192888198317308
1629925154000,0.31507357066342057
1629925184000,0.31621154194341944
1629925214000,0.31214529497307003
1629925244000,0.3154723167896679
1629925274000,0.3143364211104332
1629925304000,0.31303400036429874
1629925334000,0.3195119806411837
1629925364000,0.3119734324004975
1629925394000,0.3173089490279465
1629925424000,0.3183076510054845
1629925454000,0.32183894286581666
1629925484000,0.31256518759783264
1629925514000,0.31248992200247216
1629925544000,0.31200130725261216
1629925574000,0.3127021614355231
1629925604000,0.31210859479418884
1629925634000,0.31229499380368103
1629925664000,0.31736381432098765
1629925694000,0.3202074429900744
1629925724000,0.31558418084848483
1629925754000,0.31352716732919256
1629925784000,0.31486836349302605
1629925814000,0.3128984637847642
1629925844000,0.3125649080049261
1629925874000,0.3157443359404097
1629925904000,0.316667429675046
1629925934000,0.31380013043213634
1629925964000,0.31310980613003103
1629925994000,0.3115024817848411
1629926024000,0.31225972326431184
1629926054000,0.321606839789604
1629926084000,0.3187807195402299
1629926114000,0.3171957351285189
1629926144000,0.3175204787567894
1629926174000,0.3179006432716049
1629926204000,0.31846337238670697
1629926234000,0.3149229065974343
1629926264000,0.3146007748603352
1629926294000,0.3113239756157635
1629926324000,0.31378065255785625
1629926354000,0.31533287296969703
1629926384000,0.3196632751833741
1629926414000,0.3131602129012346
1629926444000,0.3153684855117139
1629926474000,0.31351126075721153
1629926504000,0.3115113011090573
1629926534000,0.3168113565190652
1629926564000,0.31955634251824816
1629926594000,0.3169975114427861
1629926624000,0.31478990247831473
1629926654000,0.31829729459127226
1629926684000,0.31487956047941
1629926714000,0.3154671544
1629926744000,0.3119549284929835
1629926774000,0.31731592678899084
1629926804000,0.3166859548505186
1629926834000,0.3180616151607035
1629926864000,0.3197727449535604
1629926894000,0.3158747822372465
1629926924000,0.3167762777573529
1629926954000,0.3175335158816425
1629926984000,0.3114474224834238
1629927014000,0.3166086433188316
1629927044000,0.3151491293645898
1629927074000,0.32472629104385425
1629927104000,0.3113259639093137
1629927134000,0.3129082308261405
1629927164000,0.314135258143823
1629927194000,0.3120333123104912
1629927224000,0.32110133738601826
1629927254000,0.3176039654797828
1629927284000,0.3211798374773687
1629927314000,0.31634263121951217
1629927344000,0.3184405211432084
1629927374000,0.31791624262195123
1629927404000,0.31412386796116504
1629927434000,0.31153532174177834
1629927464000,0.3165773366871166
1629927494000,0.3130869598531212
1629927524000,0.3156888818126521
1629927554000,0.32388349008674105
1629927584000,0.3156211551157125
1629927614000,0.31184013306501546
1629927644000,0.313966163189812
1629927674000,0.31559742622652937
1629927704000,0.31588059869565216
1629927734000,0.3117903972138098
1629927764000,0.3164556931013431
1629927794000,0.3184850582471089
1629927824000,0.3168586858009709
1629927854000,0.3171308765281173
1629927884000,0.3169662529059317
1629927914000,0.3152845692918193
1629927944000,0.31229930889701396
1629927974000,0.32004136163636365
1629928004000,0.31300468795180725
1629928034000,0.3155447835489833
1629928064000,0.31915241097560976
1629928094000,0.31399135567200986
1629928124000,0.3141160998170732
1629928154000,0.3170435455548743
1629928184000,0.3176235121489622
1629928214000,0.31996960744810743
1629928244000,0.31710777671826623
1629928274000,0.31163582842234494
1629928304000,0.31813395865030675
1629928334000,0.3142300014571949
1629928364000,0.3109139176327029
1629928394000,0.31351613468137257
1629928424000,0.3213279344573881
1629928454000,0.31733273679131485
1629928484000,0.3103680733130699
1629928514000,0.3150571333739342
1629928544000,0.31593546328029376
1629928574000,0.3165379776550031
1629928604000,0.3132310506773399
1629928634000,0.3124079814996927
1629928664000,0.3133510172266341
1629928694000,0.3137246014714899
1629928724000,0.3200039976506024
1629928754000,0.3128861528164749
1629928784000,0.31380783270858525
1629928814000,0.3114361916365824
1629928844000,0.3123347651119403
1629928874000,0.3165933431130327
1629928904000,0.31521355126153844
1629928934000,0.3190649784933171
1629928964000,0.31864251144615385
1629928994000,0.3209424491293532
1629929024000,0.31777892395577395
1629929054000,0.3159223396456933
1629929084000,0.3144717392156863
1629929114000,0.31716982059719684
1629929144000,0.32130829080246914
1629929174000,0.3175382022113022
1629929204000,0.320629333929673
1629929234000,0.32055909002463057
1629929264000,0.31698655667265113
1629929294000,0.31646610153751537
1629929324000,0.3146392124304267
1629929354000,0.3127749114513166
1629929384000,0.31766768481166463
1629929414000,0.3165753145200486
1629929444000,0.3167740603030303
1629929474000,0.3131843577750461
1629929504000,0.3131972490729296
1629929534000,0.3197156012962963
1629929564000,0.3172644773341524
1629929594000,0.3174127470444851
1629929624000,0.3180059571693449
1629929654000,0.3125282587438424
1629929684000,0.31892669830508474
1629929714000,0.31581963569682153
1629929744000,0.3098387501226994
1629929774000,0.31691799672925497
1629929804000,0.31843873454433497
1629929834000,0.3100514254164096
1629929864000,0.3189009828344533
1629929894000,0.3187507387057387
1629929924000,0.3129980152948403
1629929954000,0.31270546608478805
1629929984000,0.3130548512195122
1629930014000,0.3201486228429547
1629930044000,0.3189569773333333
1629930074000,0.31850553867809056
1629930104000,0.3126815352548544
1629930134000,0.3133002954655381
1629930164000,0.31674576098765433
1629930194000,0.3227415773816841
1629930224000,0.31903059302899445
1629930254000,0.31532672683528684
1629930284000,0.3134996083903045
1629930314000,0.31266271761817066
1629930344000,0.3197441953488372
1629930374000,0.31586678312004873
1629930404000,0.3152639589339794
1629930434000,0.3157212520961776
1629930464000,0.3170234125984252
1629930494000,0.31495689553903344
1629930524000,0.3122762840642372
1629930554000,0.3157777728280961
1629930584000,0.3131016061323619
1629930614000,0.3125674432611312
1629930644000,0.3152906474233129
1629930674000,0.3141313682745825
1629930704000,0.3198335853614458
1629930734000,0.3152064379076923
1629930764000,0.3141315535098522
1629930794000,0.31695636930455634
1629930824000,0.31236743482196744
1629930854000,0.31248117762669964
1629930884000,0.31781319014778325
1629930914000,0.3114262861349693
1629930944000,0.3113040397067807
1629930974000,0.3147173027522936
1629931004000,0.3166644290577508
1629931034000,0.31430934272727273
1629931064000,0.31133974627949185
1629931094000,0.3133045547387606
1629931124000,0.3135090693765281
1629931154000,0.31582971832202344
1629931184000,0.32112253164086685
1629931214000,0.3160301104744301
1629931244000,0.3169108371588089
1629931274000,0.31846285337461305
1629931304000,0.3197906864197531
1629931334000,0.3083419284414797
1629931364000,0.31618644564290066
1629931394000,0.3175632978953698
1629931424000,0.3160321927329193
1629931454000,0.3196928641180012
1629931484000,0.3108965200968523
1629931514000,0.3184252176650367
1629931544000,0.32110993678090577
1629931574000,0.3165743544044665
1629931604000,0.3181395993247391
1629931634000,0.3133537638905775
1629931664000,0.3182429533656761
1629931694000,0.31991496148282106
1629931724000,0.3138094612804878
1629931754000,0.3183476270471464
1629931784000,0.3152080734620024
1629931814000,0.3165774739951279
1629931844000,0.3137642811320755
1629931874000,0.3157581795607077
1629931904000,0.3164998335975609
1629931934000,0.3218991932808717
1629931964000,0.31843572766343825
1629931994000,0.3120064724496029
1629932024000,0.3169194049001815
1629932054000,0.3163055366120219
1629932084000,0.31113879396341465
1629932114000,0.3125436096165551
1629932144000,0.3117489676961087
1629932174000,0.3195660672550213
1629932204000,0.3132230676090965
1629932234000,0.31481113930530163
1629932264000,0.3118107287515006
1629932294000,0.3147705135666053
1629932324000,0.3139780272614622
1629932354000,0.31830409056261344
1629932384000,0.31716099754299754
1629932414000,0.31640699762195124
1629932444000,0.3144319727216749
1629932474000,0.31211380321583176
1629932504000,0.3135327943034056
1629932534000,0.3172292557125307
1629932564000,0.3130265570383912
1629932594000,0.3165530068195908
1629932624000,0.31248776606922124
1629932654000,0.3143457399637243
1629932684000,0.3128319197553517
1629932714000,0.3113244667908132
1629932744000,0.3156629071691177
1629932774000,0.3195551679853926
1629932804000,0.3136576639194139
1629932834000,0.3150402429782082
1629932864000,0.3127172519559902
1629932894000,0.31590519137302553
1629932924000,0.3132780656326034
1629932954000,0.3122528234289201
1629932984000,0.3155495592592593
1629933014000,0.31352073325123153
1629933044000,0.3111722770066385
1629933074000,0.3112090180929095
1629933104000,0.3127743502466091
1629933134000,0.3122215330882353
1629933164000,0.31186916471674875
1629933194000,0.3141658848539058
1629933224000,0.31418051425091353
1629933254000,0.31394507992744863
1629933284000,0.31566452070240303
1629933314000,0.31538091728167283
1629933344000,0.3152652605442177
1629933374000,0.31494540067692306
1629933404000,0.3127917158247109
1629933434000,0.3128261445460085
1629933464000,0.32051787465045595
1629933494000,0.31116408124231243
1629933524000,0.3176919611449452
1629933554000,0.3127153645554202
1629933584000,0.3141305366706876
1629933614000,0.31771592092882994
1629933644000,0.3214645049170252
1629933674000,0.3124000481325301
1629933704000,0.3126152559531153
1629933734000,0.3202291671714113
1629933764000,0.3129688746928747
1629933794000,0.3113887834355828
1629933824000,0.3140964168218498
1629933854000,0.3131174392180819
1629933884000,0.3127829244923077
1629933914000,0.3127084619339045
1629933944000,0.3145169494080997
1629933974000,0.3135605482360097
1629934004000,0.3131926728855721
1629934034000,0.3129061469300912
1629934064000,0.3127520646583851
1629934094000,0.3200186130619684
1629934124000,0.3110921174123337
1629934154000,0.3136282794871795
1629934184000,0.3131470717668488
1629934214000,0.3120214100184389
1629934244000,0.3149600386253041
1629934274000,0.3135333830635118
1629934304000,0.3171840020420792
1629934334000,0.31437963345454545
1629934364000,0.3160759093980344
1629934394000,0.3147694889840881
1629934424000,0.3147134423873325
1629934454000,0.31796867558859976
1629934484000,0.3149024892204629
1629934514000,0.3148251984146341
1629934544000,0.3127100619804401
1629934574000,0.3202822048455481
1629934604000,0.3149769918354819
1629934634000,0.32031961756272403
1629934664000,0.3169948298129149
1629934694000,0.3107098739666873
1629934724000,0.31325927093596057
1629934754000,0.31640056527607363
1629934784000,0.3189077041044776
1629934814000,0.3196155197575757
1629934844000,0.3120030745027125
1629934874000,0.31959022330037085
1629934904000,0.3220043191411043
1629934934000,0.315940352
1629934964000,0.31734390851318944
1629934994000,0.32048016979038224
1629935024000,0.3139494880495356
1629935054000,0.3171231715656869
1629935084000,0.3180377954684629
1629935114000,0.3159265140767825
1629935144000,0.31060300674922603
1629935174000,0.31115970935601456
1629935204000,0.31739268387492336
1629935234000,0.3147546816708229
1629935264000,0.32051538008684866
1629935294000,0.3152782791053921
1629935324000,0.3180561042944785
1629935354000,0.31313285119558554
1629935384000,0.31738399265432105
1629935414000,0.31986452596448256
1629935444000,0.3237674766889836
1629935474000,0.3151074873170732
1629935504000,0.3153066031021898
1629935534000,0.3156541222154595
1629935564000,0.3184848784764208
1629935594000,0.3152355101449275
1629935624000,0.31552550568603216
1629935654000,0.3168346419315403
1629935684000,0.3152662888888889
1629935714000,0.3124871027812114
1629935744000,0.3135764885819521
1629935774000,0.3129152613861386
1629935804000,0.3125159224745965
1629935834000,0.31487965861434697
1629935864000,0.3113059395820896
1629935894000,0.317057147307925
1629935924000,0.3120765934025657
1629935954000,0.31728133016656385
1629935984000,0.3134915599877451
1629936014000,0.3151996515795869
1629936044000,0.3160929996289425
1629936074000,0.3180258257474069
1629936104000,0.3120614692214112
1629936134000,0.3168117471674877
1629936164000,0.3179988815853659
1629936194000,0.3127700436229205
1629936224000,0.318150128313253
1629936254000,0.31529989673518743
1629936284000,0.3189066702439025
1629936314000,0.3152240693902439
1629936344000,0.3132754316524909
1629936374000,0.3130407588983051
1629936404000,0.31214624785276074
1629936434000,0.319292433172497
1629936464000,0.31570499933171325
1629936494000,0.3156140569512195
1629936524000,0.3175669641837368
1629936554000,0.317815910742787
1629936584000,0.3207228274056029
1629936614000,0.3145131016079159
1629936644000,0.3156335267356882
1629936674000,0.3158706401840491
1629936704000,0.31706016930091185
1629936734000,0.31194690460971114
1629936764000,0.311926255
1629936794000,0.3106559071472205
1629936824000,0.3115715650705955
1629936854000,0.315814998660986
1629936884000,0.3172902461913467
1629936914000,0.3139537048417132
1629936944000,0.31812736568446903
1629936974000,0.3148974684017146
1629937004000,0.31574442055214724
1629937034000,0.31533287892813644
1629937064000,0.3124344752299203
1629937094000,0.3197211858616505
1629937124000,0.31282013145998777
1629937154000,0.3139264616044091
1629937184000,0.3152265589363018
1629937214000,0.3170860430340557
1629937244000,0.3120724718309859
1629937274000,0.3121924151035323
1629937304000,0.3102654712102689
1629937334000,0.3124763549969344
1629937364000,0.3121600214417745
1629937394000,0.31499304828873675
1629937424000,0.31529559277474195
1629937454000,0.3159753716636197
1629937484000,0.31462037540884313
1629937514000,0.31552310790754257
1629937544000,0.3140271125
1629937574000,0.31303135202702703
1629937604000,0.3153543651393189
1629937634000,0.3147701713583282
1629937664000,0.3130695670709521
1629937694000,0.3168203
1629937724000,0.3110574749244713
1629937754000,0.3105230517533253
1629937784000,0.31655814871638144
1629937814000,0.3161231804091755
1629937844000,0.3159992998145859
1629937874000,0.3149739433536585
1629937904000,0.3153483304479419
1629937934000,0.3198080341387856
1629937964000,0.3206439730255164
1629937994000,0.3119050834957369
1629938024000,0.3209670387667888
1629938054000,0.3178629969059406
1629938084000,0.31559522656534955
1629938114000,0.31599174926650364
1629938144000,0.3142533342448726
1629938174000,0.3171758144512195
1629938204000,0.3127128668471721
1629938234000,0.3171125517625232
1629938264000,0.3135708463917526
1629938294000,0.32151917906691224
1629938324000,0.3143509632325725
1629938354000,0.3153139467358145
1629938384000,0.3167981884496603
1629938414000,0.3108476799879445
1629938444000,0.3148698929577465
1629938474000,0.3173705836243227
1629938504000,0.3123759805521472
1629938534000,0.3179053984452737
1629938564000,0.3187763815980629
1629938594000,0.3140086874922982
1629938624000,0.31265177406962785
1629938654000,0.31160835484647803
1629938684000,0.3118777753508237
1629938714000,0.3137038145230769
1629938744000,0.3175804511384616
1629938774000,0.31773087547869056
1629938804000,0.317265855366889
1629938834000,0.3183549455562461
1629938864000,0.3122910167387276
1629938894000,0.3139323601959584
1629938924000,0.3119462244759556
1629938954000,0.3131745141625616
1629938984000,0.3179599602328431
1629939014000,0.3129492429014259
1629939044000,0.3115922449355433
1629939074000,0.3121390716900549
1629939104000,0.3150030559678417
1629939134000,0.31550030342089186
1629939164000,0.31443596990712075
1629939194000,0.31502676957849723
1629939224000,0.31856990628853266
1629939254000,0.31807845642900673
1629939284000,0.31326790291201984
1629939314000,0.31235925550769233
1629939344000,0.31232420946275946
1629939374000,0.3182525641707921
1629939404000,0.3123091350400987
1629939434000,0.3177420034883721
1629939464000,0.3211829337050805
1629939494000,0.3122288517603459
1629939524000,0.31579382944444445
1629939554000,0.3201366122160835
1629939584000,0.3125733
1629939614000,0.2495590774830352
1629939644000,0.3169035739792809
1629939674000,0.32111249337386016
1629939704000,0.3175284518815546
1629939734000,0.3143713980210266
1629939764000,0.3124151950729927
1629939794000,0.3135258292211838
1629939824000,0.3129204137003058
1629939854000,0.31244096693548384
1629939884000,0.3179701000616143
1629939914000,0.31448391647274954
1629939944000,0.31792190193003617
1629939974000,0.311523157116451
1629940004000,0.3145672963580247
1629940034000,0.31720844858199754
1629940064000,0.31918429660912456
1629940094000,0.3169501311505508
1629940124000,0.32007262842234496
1629940154000,0.3114681784301607
1629940184000,0.3116069297728668
1629940214000,0.3189085530536705
1629940244000,0.31553369791794245
1629940274000,0.31267822003710577
1629940304000,0.3186474156230626
1629940334000,0.3196343560266505
1629940364000,0.31892279987515604
1629940394000,0.3174762293511219
1629940424000,0.3201461437114673
1629940454000,0.3196386245259939
1629940484000,0.3116210927872861
1629940514000,0.3141924958333333
1629940544000,0.3158665460591133
1629940574000,0.3108822638014528
1629940604000,0.3117449808948005
1629940634000,0.3111129278213639
1629940664000,0.3179507373143564
1629940694000,0.311305332193036
1629940724000,0.31710684508246795
1629940754000,0.31233167795665634
1629940784000,0.31613007278250305
1629940814000,0.3119870697156984
1629940844000,0.31633949111245463
1629940874000,0.3137465444717445
1629940904000,0.3121710613788896
1629940934000,0.31749126993222426
1629940964000,0.3138579010935601
1629940994000,0.31569968727162
1629941024000,0.3157360611644658
1629941054000,0.3154271311887255
1629941084000,0.32149699174256224
1629941114000,0.3125005063423645
1629941144000,0.31723559245049504
1629941174000,0.3114490016383495
1629941204000,0.31463823345454545
1629941234000,0.3130079550715619
1629941264000,0.3198562120636865
1629941294000,0.32068178004822184
1629941324000,0.3154443806985294
1629941354000,0.3114532599879663
1629941384000,0.3147450660134721
1629941414000,0.31906632962736714
1629941444000,0.3125710342909536
1629941474000,0.3156655392108508
1629941504000,0.32107170843672456
1629941534000,0.3154108920761671
1629941564000,0.31149123410757945
1629941594000,0.3137498853349427
1629941624000,0.31856647244712993
1629941654000,0.3128216955746773
1629941684000,0.3137854287188828
1629941714000,0.3190980118531889
1629941744000,0.31080199716183576
1629941774000,0.3165551418092909
1629941804000,0.3155366058930741
1629941834000,0.3134004577818628
1629941864000,0.3217168134638923
1629941894000,0.31214169812007275
1629941924000,0.31892687954405424
1629941954000,0.31937149754299754
1629941984000,0.31565724305555554
1629942014000,0.3193010120743034
1629942044000,0.3168425430683919
1629942074000,0.3153140226485148
1629942104000,0.317281346886675
1629942134000,0.3155292307169345
1629942164000,0.3164231090573013
1629942194000,0.31353329338592234
1629942224000,0.3168941144696505
1629942254000,0.316468401908867
1629942284000,0.3135449003678725
1629942314000,0.31687955158878506
1629942344000,0.3135510542579075
1629942374000,0.3121220131047153
1629942404000,0.3130316792183623
1629942434000,0.3158832644842495
1629942464000,0.31283051931330474
1629942494000,0.3215360133209418
1629942524000,0.31551967026865674
1629942554000,0.31952502414004913
1629942584000,0.31256840988336404
1629942614000,0.3212748758683729
1629942644000,0.3177906217105263
1629942674000,0.3170833345754429
1629942704000,0.3104851443425076
1629942734000,0.3169314948638614
1629942764000,0.3114450201469688
1629942794000,0.3127628820135052
1629942824000,0.31128999684848485
1629942854000,0.3143010029896278
1629942884000,0.3135316580958156
1629942914000,0.31311998623011017
1629942944000,0.3178643380333952
1629942974000,0.3157147337016575
1629943004000,0.31918969782082324
1629943034000,0.3161713022713321
1629943064000,0.3148170601674641
1629943094000,0.314513709135201
1629943124000,0.3169266309657321
1629943154000,0.3154469576019778
1629943184000,0.3114789537423313
1629943214000,0.3100641034608379
1629943244000,0.31352432515225337
1629943274000,0.3163253698007472
1629943304000,0.3153207660539216
1629943334000,0.31185999265605874
1629943364000,0.31618966229508194
1629943394000,0.3199813232902033
1629943424000,0.3149281832230908
1629943454000,0.31881038851190474
1629943484000,0.3108170876969697
1629943514000,0.3188238073246431
1629943544000,0.31253493950155764
1629943574000,0.3109598502122499
1629943604000,0.31476816103030303
1629943634000,0.3121382704368641
1629943664000,0.3120795893487523
1629943694000,0.3162564874613959
1629943724000,0.3125319427000611
1629943754000,0.3122317199879591
1629943784000,0.3135611153180976
1629943814000,0.3160533406019656
1629943844000,0.3217415349215923
1629943874000,0.3157785380382775
1629943904000,0.3166701246617466
1629943934000,0.3180112866503368
1629943964000,0.3126737804981774
1629943994000,0.31649322207711444
1629944024000,0.3170282616199377
1629944054000,0.31608552908224075
1629944084000,0.31278873319070905
1629944114000,0.3128270680745341
1629944144000,0.31609705501835983
1629944174000,0.31625188665063136
1629944204000,0.3135197718344657
1629944234000,0.31676640123609395
1629944264000,0.3188339831585441
1629944294000,0.3143727112727273
1629944324000,0.3107448444580527
1629944354000,0.3172306056521739
1629944384000,0.3126606709815951
1629944414000,0.31737108710865564
1629944444000,0.3219119932849365
1629944474000,0.3180107471028037
1629944504000,0.3133689432580842
1629944534000,0.3162540010167464
1629944564000,0.3216169456298975
1629944594000,0.3128830471720818
1629944624000,0.31358772991452993
1629944654000,0.31100817003676473
1629944684000,0.3169137962241169
1629944714000,0.3137198905730129
1629944744000,0.3108981537195122
1629944774000,0.31256663126934986
1629944804000,0.3120942580841977
1629944834000,0.3172551919154229
1629944864000,0.31203638488228
1629944894000,0.31617221967721915
1629944924000,0.3137453108141703
1629944954000,0.3153725542679128
1629944984000,0.3180686865064695
1629945014000,0.31254453368226603
1629945044000,0.31660209757009344
1629945074000,0.31480707082309584
1629945104000,0.3120460286416718
1629945134000,0.3158228773308958
1629945164000,0.3119050950030845
1629945194000,0.3121404111111111
1629945224000,0.3127345737775061
1629945254000,0.3173279789824349
1629945284000,0.31225181605087826
1629945314000,0.3127660662014563
1629945344000,0.31551539662243666
1629945374000,0.3181382576034063
1629945404000,0.3130341846387371
1629945434000,0.3146078080722892
1629945464000,0.3166905531809759
1629945494000,0.3172682102286402
1629945524000,0.3128488570987654
1629945554000,0.3149342061236987
1629945584000,0.3147676874469376
1629945614000,0.3115432116321559
1629945644000,0.3153144113900796
1629945674000,0.3122682836771845
1629945704000,0.31219982207067576
1629945734000,0.3167095017575758
1629945764000,0.3105254767014102
1629945794000,0.3184537625
1629945824000,0.3113802128220859
1629945854000,0.31092495091911765
1629945884000,0.3211556198159509
1629945914000,0.3131384348780488
1629945944000,0.3171027029611351
1629945974000,0.3168195767965895
1629946004000,0.3153260558297347
1629946034000,0.3109665543119266
1629946064000,0.3132761343866171
1629946094000,0.3155337295524218
1629946124000,0.3180077550492611
1629946154000,0.3135517470227133
1629946184000,0.3138866529304029
1629946214000,0.3121642714374611
1629946244000,0.3127870224677716
1629946274000,0.3155832539692308
1629946304000,0.3141133003663004
1629946334000,0.3157681981280193
1629946364000,0.3118652867947179
1629946394000,0.3216120197822141
1629946424000,0.31464671875378103
1629946454000,0.3127528394688079
1629946484000,0.3112607309739867
1629946514000,0.3119180763460375
1629946544000,0.31826385515776695
1629946574000,0.3120424741635688
1629946604000,0.31494889813664595
1629946634000,0.3164147530413625
1629946664000,0.3140816751669703
1629946694000,0.32015564515337425
1629946724000,0.31290142524330894
1629946754000,0.31743302541233964
1629946784000,0.3162502002470661
1629946814000,0.3109300145958987
1629946844000,0.31196450264290104
1629946874000,0.32097610150060024
1629946904000,0.3126351137469586
1629946934000,0.3192375348894349
1629946964000,0.3126513320800485
1629946994000,0.31168767065351416
1629947024000,0.3132733183823529
1629947054000,0.3158677082309582
1629947084000,0.3096365578978979
1629947114000,0.31297530255941497
1629947144000,0.3119574291895186
1629947174000,0.3179869356703567
1629947204000,0.3139681931748934
1629947234000,0.3168734251526252
1629947264000,0.31143433053016456
1629947294000,0.3170763327406499
1629947324000,0.31897732975757576
1629947354000,0.315525517383404
1629947384000,0.31625910481778874
1629947414000,0.3134596167176975
1629947444000,0.3158607844171779
1629947474000,0.3174585924784217
1629947504000,0.31332747724736515
1629947534000,0.3157659328632741
1629947564000,0.3113681243210621
1629947594000,0.3130380494409938
1629947624000,0.3124638603126879
1629947654000,0.31477603151364764
1629947684000,0.3174145601586333
1629947714000,0.3126040335591133
1629947744000,0.31154303454210197
1629947774000,0.3163845799155609
1629947804000,0.3159722729528536
1629947834000,0.31521975694444443
1629947864000,0.3174629128973105
1629947894000,0.31915446306196843
1629947924000,0.31852028119605424
1629947954000,0.3150603871794872
1629947984000,0.31652170845588234
1629948014000,0.3159709497240957
1629948044000,0.3123262355207706
1629948074000,0.31718200503067484
1629948104000,0.31164655399754
1629948134000,0.3157408277264325
1629948164000,0.3190373522516965
1629948194000,0.3133418466170081
1629948224000,0.317792818115942
1629948254000,0.31707260235507245
1629948284000,0.3161704372249389
1629948314000,0.3108343565110565
1629948344000,0.31734440018270405
1629948374000,0.3141270666262871
1629948404000,0.32269466161490684
1629948434000,0.3193886629022465
1629948464000,0.315676911380597
1629948494000,0.31369478908645004
1629948524000,0.31551261204531894
1629948554000,0.31391057348721146
1629948584000,0.3142846158691702
1629948614000,0.3126509897546012
1629948644000,0.3196166539692308
1629948674000,0.3165173748637189
1629948704000,0.3129265832731649
1629948734000,0.3115652124848485
1629948764000,0.3210854555350553
1629948794000,0.3136675407339449
1629948824000,0.3169510583835947
1629948854000,0.3171242120171674
1629948884000,0.3122828044648318
1629948914000,0.3172450480243161
1629948944000,0.3172394778648975
1629948974000,0.25304973615574783
1629949004000,0.3117510248129676
1629949034000,0.3146042217877095
1629949064000,0.3121814624156959
1629949094000,0.31418973889919605
1629949124000,0.3136963708078335
1629949154000,0.3144562241635688
1629949184000,0.2504841109336609
1629949214000,0.3141369432532348
1629949244000,0.30887307269919706
1629949274000,0.3142162233353696
1629949304000,0.3192361257474069
1629949334000,0.3230634916565901
1629949364000,0.31934276319657073
1629949394000,0.32149714243520194
1629949424000,0.3154404712615385
1629949454000,0.3129380446743761
1629949484000,0.3179881935424354
1629949514000,0.3145541985828712
1629949544000,0.3132324570906877
1629949574000,0.3150737626156693
1629949604000,0.31127636933333336
1629949634000,0.3129754087912088
1629949664000,0.3131292695970696
1629949694000,0.31887136572289154
1629949724000,0.31289614400977994
1629949754000,0.31496667304832715
1629949784000,0.31787529225181604
1629949814000,0.3131960078802688
1629949844000,0.31562428208588955
1629949874000,0.3164400443696451
1629949904000,0.3124407787048568
1629949934000,0.3135794534996957
1629949964000,0.3148216089805825
1629949994000,0.3127950070439494
1629950024000,0.31123966118945434
1629950054000,0.3115110553789731
1629950084000,0.3133828159853569
1629950114000,0.31243002335181763
1629950144000,0.3164007567054501
1629950174000,0.3134748226971704
1629950204000,0.31540845404101325
1629950234000,0.3111542165962583
1629950264000,0.3112913992588017
1629950294000,0.31163944433497537
1629950324000,0.3145629646077826
1629950354000,0.3103605923264312
1629950384000,0.3155263475460123
1629950414000,0.3116288798773006
1629950444000,0.316195206852638
1629950474000,0.31682075161892903
1629950504000,0.3126154158907511
1629950534000,0.3155601729895641
1629950654000,0.30973041096813725
1629950654000,0.30973041096813725
1629950564000,0.3155934641404806
1629950564000,0.3155934641404806
1629950564000,0.3155934641404806
1629950564000,0.3155934641404806
1629950654000,0.30973041096813725
1629950594000,0.31168838564386936
1629950564000,0.3155934641404806
1629950594000,0.31168838564386936
1629950594000,0.31168838564386936
1629950624000,0.3116947165054413
1629950684000,0.3115821733826248
1629950624000,0.3116947165054413
1629950624000,0.3116947165054413
1629950564000,0.3155934641404806
1629950624000,0.3116947165054413
1629950594000,0.31168838564386936
1629950714000,0.31715984489920584
1629950744000,0.31768469084848483
1629950774000,0.3130571017209588
1629950804000,0.3152765485347985
1629950834000,0.31883854196701283
1629950864000,0.31109904224664225
1629950894000,0.32189372493765583
1629950924000,0.3164979051892552
1629950954000,0.31291851644417473
1629950984000,0.3163702324340895
1629951014000,0.31742416426389736
1629951044000,0.3133513909090909
1629951074000,0.3123538169325153
1629951104000,0.3200166460550459
1629951134000,0.3162419269322235
1629951164000,0.31721717787286063
1629951194000,0.3167077329215565
1629951224000,0.3151954500925355
1629951254000,0.3170518864190012
1629951284000,0.31289287074370004
1629951314000,0.3149934609830097
1629951344000,0.3184312248780488
1629951374000,0.3129408855125844
1629951404000,0.31417443768292685
1629951434000,0.31450908549757284
1629951464000,0.3111756404046597
1629951494000,0.3161996095295537
1629951524000,0.31194080079075426
1629951554000,0.3166802112386707
1629951584000,0.3169920479468599
1629951614000,0.3208277496014715
1629951644000,0.31368196835599504
1629951674000,0.31538315741656364
1629951704000,0.3181914386763813
1629951734000,0.3158174269325153
1629951764000,0.3141665547720365
1629951794000,0.3146484850909091
1629951824000,0.3121997617791411
1629951854000,0.31199728597672993
1629951884000,0.31371210098887514
1629951914000,0.3140481546347452
1629951944000,0.3142144597538461
1629951974000,0.31779343565749235
1629952004000,0.31373731514778325
1629952034000,0.3110941187767584
1629952064000,0.3129140156403941
1629952094000,0.3129894068072289
1629952124000,0.3135699798556825
1629952154000,0.3124663863636364
1629952184000,0.3119382626739262
1629952214000,0.3151774599390244
1629952244000,0.31339850500610494
1629952274000,0.3198168581613509
1629952304000,0.31236483255956016
1629952334000,0.3172439613580247
1629952364000,0.3123475248
1629952394000,0.3183572478313989
1629952424000,0.3118975657878602
1629952454000,0.3170408878580324
1629952484000,0.32280750479659986
1629952514000,0.32184439024096384
1629952544000,0.3113778800973828
1629952574000,0.3160260018226003
1629952604000,0.3134037406559406
1629952634000,0.3168326564605021
1629952664000,0.3124997808185705
1629952694000,0.3183896666666667
1629952724000,0.3190749487163814
1629952754000,0.3141432030453698
1629952784000,0.31750568019680203
1629952814000,0.31473446566153845
1629952844000,0.3135876164841849
1629952874000,0.3143715491109749
1629952904000,0.3137934835064142
1629952934000,0.3115116716012085
1629952964000,0.31471686444308444
1629952994000,0.3130770557275542
1629953024000,0.318214352117061
1629953054000,0.3104192036407767
1629953084000,0.3208060345543345
1629953114000,0.3176277650744417
1629953144000,0.31674492408759125
1629953174000,0.32206027114551083
1629953204000,0.31897058459657696
1629953234000,0.31273559570552145
1629953264000,0.3170102702669903
1629953294000,0.3141307068902439
1629953324000,0.31297169143546444
1629953354000,0.31340774163141993
1629953384000,0.3142439832409119
1629953414000,0.3123975873996294
1629953444000,0.3155219479851209
1629953474000,0.3178060328580285
1629953504000,0.3185875243589744
1629953534000,0.3182286817237164
1629953564000,0.3181363549295775
1629953594000,0.30856340289587186
1629953624000,0.32388628292682925
1629953654000,0.3177365127723971
1629953684000,0.3113142919113241
1629953714000,0.31277357750611245
1629953744000,0.3166646462951623
1629953774000,0.3119204502745577
1629953804000,0.31403897391037444
1629953834000,0.31997500411871593
1629953864000,0.31244186848739497
1629953894000,0.3144282310536045
1629953924000,0.3171395663865546
1629953954000,0.31257868774630543
1629953984000,0.3158392189073051
1629954014000,0.3111959586756591
1629954044000,0.3111516290245362
1629954074000,0.3106477148755313
1629954104000,0.31799479747536946
1629954134000,0.3190142369671133
1629954164000,0.3127739838235294
1629954194000,0.3146247777101096
1629954224000,0.3164874956253851
1629954254000,0.3129602056372549
1629954284000,0.31176338524788394
1629954314000,0.31760056695598265
1629954344000,0.3156571516347933
1629954374000,0.3138213877149877
1629954404000,0.3200479796723301
1629954434000,0.3192455738386308
1629954464000,0.3141645878239904
1629954494000,0.31929043101965604
1629954524000,0.3138274600488699
1629954554000,0.30896635294478525
1629954584000,0.3141176336963097
1629954614000,0.3120103603923973
1629954644000,0.319259547165109
1629954674000,0.31589663234567894
1629954704000,0.3125600353894081
1629954734000,0.3125820723572296
1629954764000,0.3171570152471709
1629954794000,0.3130362055555556
1629954824000,0.3177849728509586
1629954854000,0.3164591186399514
1629954884000,0.32433622110148513
1629954914000,0.3161419052988293
1629954944000,0.3150165553648069
1629954974000,0.32060930398284315
1629955004000,0.3148913724691358
1629955034000,0.3157302144963145
1629955064000,0.3102923603888214
1629955094000,0.3217215072782875
1629955124000,0.3127943325263811
1629955154000,0.3141272041792853
1629955184000,0.3129106815263477
1629955214000,0.31512593600493216
1629955244000,0.3169690656403941
1629955274000,0.3137521631032376
1629955304000,0.3160796695975232
1629955334000,0.3107343111242604
1629955364000,0.31925836125304136
1629955394000,0.3175320547836685
1629955424000,0.3128294250301568
1629955454000,0.31015111752004937
1629955484000,0.31343268724550893
1629955514000,0.3189479863775199
1629955544000,0.3182808782367448
1629955574000,0.31431767654545456
1629955604000,0.3187215152133581
1629955634000,0.3173793284662577
1629955664000,0.3127130768044417
1629955694000,0.31592426658696954
1629955724000,0.31516728140947753
1629955754000,0.3181999691411043
1629955784000,0.31747885922270197
1629955814000,0.31834839535736104
1629955844000,0.31831284201732674
1629955874000,0.3134175880745342
1629955904000,0.3163531450428397
1629955934000,0.3220725474815725
1629955964000,0.31357647147239265
1629955994000,0.3223543242460796
1629956024000,0.3159370462293072
1629956054000,0.3160664844619105
1629956084000,0.31664663308550184
1629956114000,0.3109105220453154
1629956144000,0.3133865845052893
1629956174000,0.3199321160456731
1629956204000,0.31767218862530416
1629956234000,0.3132405230769231
1629956264000,0.316670912272175
1629956294000,0.3198080186881188
1629956324000,0.32227717144638396
1629956354000,0.3110753551282051
1629956384000,0.3121363772422209
1629956414000,0.3122309285106383
1629956444000,0.3222695097846154
1629956474000,0.3107197338442673
1629956504000,0.31511105094339625
1629956534000,0.3199627655657493
1629956564000,0.31577233454657616
1629956594000,0.3097786641104294
1629956624000,0.31561654608266504
1629956654000,0.3174073031326781
1629956684000,0.3198924323386115
1629956714000,0.31334432644320304
1629956744000,0.3111214515445185
1629956774000,0.31098329927140256
1629956804000,0.31360220591133003
1629956834000,0.3201999930572473
1629956864000,0.32144149801611904
1629956894000,0.3143400363970588
1629956924000,0.3125228400121803
1629956954000,0.3170575114110429
1629956984000,0.3174896581626319
1629957014000,0.3172782830200121
1629957044000,0.3188821122572816
1629957074000,0.3157949257142857
1629957104000,0.3126541399515739
1629957134000,0.31796389167679223
1629957164000,0.3132590853390348
1629957194000,0.31375668014888336
1629957224000,0.3202662979902558
1629957254000,0.316741491965916
1629957284000,0.31547247226993863
1629957314000,0.3113089428222358
1629957344000,0.3172222639612356
1629957374000,0.3173351987730061
1629957404000,0.31514967224264706
1629957434000,0.3157915568934377
1629957464000,0.3167334550185873
1629957494000,0.3152154691021672
1629957524000,0.31295667423580786
1629957554000,0.3182628100850547
1629957584000,0.312883775
1629957614000,0.3189718053921569
1629957644000,0.31722903311097633
1629957674000,0.3119874803636364
1629957704000,0.31848308590686275
1629957734000,0.3126179860720831
1629957764000,0.3114840218215159
1629957794000,0.31868307439613525
1629957824000,0.31578223973349484
1629957854000,0.31695555140073084
1629957884000,0.3125413363469762
1629957914000,0.3124923608430055
1629957944000,0.3149683966932027
1629957974000,0.3219746796193984
1629958004000,0.3106977544334976
1629958034000,0.31737194671013635
1629958064000,0.3196488843980344
1629958094000,0.31467392143727163
1629958124000,0.3179893490999379
1629958154000,0.3156422725985222
1629958184000,0.3169878211456429
1629958214000,0.3118216803159174
1629958244000,0.3154913693160813
1629958274000,0.31552619409257004
1629958304000,0.31676641803178485
1629958334000,0.31776393587088914
1629958364000,0.31093367267230954
1629958394000,0.3190836173939767
1629958424000,0.3111374128440367
1629958454000,0.3208685092694905
1629958484000,0.31310569415786205
1629958514000,0.3128304772252916
1629958544000,0.31411613862111043
1629958574000,0.3201109356399265
1629958604000,0.31414424025974025
1629958634000,0.31426462073984235
1629958664000,0.313124223296837
1629958694000,0.3127649460160593
1629958724000,0.316372285609308
1629958754000,0.31679225478208234
1629958784000,0.31198643884449906
1629958814000,0.3100271936739659
1629958844000,0.3132127543677459
1629958874000,0.3132498175492611
1629958904000,0.3233353761501211
1629958934000,0.3139127858990148
1629958964000,0.31843703428042003
1629958994000,0.3119345530909091
1629959024000,0.31654987959682346
1629959054000,0.312244941746988
1629959084000,0.31244216544566544
1629959114000,0.3162915270471464
1629959144000,0.3230454318238213
1629959174000,0.3117815458230958
1629959204000,0.3137717357849197
1629959234000,0.3205073039800995
1629959264000,0.312773083056069
1629959294000,0.31780240116923075
1629959324000,0.3112408676761434
1629959354000,0.3215725232934132
1629959384000,0.3157203808550186
1629959414000,0.3115814556169429
1629959444000,0.3119743934756097
1629959474000,0.3207298088516746
1629959504000,0.3164156708182912
1629959534000,0.31179422248342376
1629959564000,0.3123731743384615
1629959594000,0.3186600486650485
1629959624000,0.3182513110771114
1629959654000,0.31571382308634416
1629959684000,0.3113654878402904
1629959714000,0.31848595993939394
1629959744000,0.3174651652227723
1629959774000,0.3177408826302729
1629959804000,0.3178932182320442
1629959834000,0.314347470918053
1629959864000,0.3122104118872549
1629959894000,0.3120892087330873
1629959924000,0.3138659189403167
1629959954000,0.3170100005569307
1629959984000,0.3116768307129799
1629960014000,0.3124194782367448
1629960044000,0.3120679024691358
1629960074000,0.3169882977764052
1629960104000,0.3117002177370031
1629960134000,0.3168967639125152
1629960164000,0.3173582763591937
1629960194000,0.314750302291918
1629960224000,0.3176221391547545
1629960254000,0.3127080494762785
1629960284000,0.3140905738970588
1629960314000,0.3145760738283627
1629960344000,0.31163947435279954
1629960374000,0.3175296263863498
1629960404000,0.3165175167701864
1629960434000,0.31623092570900124
1629960464000,0.3126321575046325
1629960494000,0.3128884118193069
1629960524000,0.3167267122362869
1629960554000,0.3150889000609384
1629960584000,0.3145696180838323
1629960614000,0.32161260418227217
1629960644000,0.3146874590428837
1629960674000,0.3166709969493593
1629960704000,0.3219636734756098
1629960734000,0.31523196288473143
1629960764000,0.31690804706609016
1629960794000,0.3185712317103621
1629960824000,0.3215934441358025
1629960854000,0.3163579210206561
1629960884000,0.3174790867346939
1629960914000,0.31839271701732674
1629960944000,0.3118465757275542
1629960974000,0.3172065033908755
1629961004000,0.31125891246255244
1629961034000,0.3187599797575757
1629961064000,0.3180187805402087
1629961094000,0.3131031044675643
1629961124000,0.3168305928955224
1629961154000,0.3116956843113033
1629961184000,0.3129968191566265
1629961214000,0.3119658697560976
1629961244000,0.3171249104368932
1629961274000,0.3155620444789082
1629961304000,0.3139468298598416
1629961334000,0.3115729219366408
1629961364000,0.3134401351005485
1629961394000,0.31888142682038834
1629961424000,0.3119438327617881
1629961454000,0.31481334594430993
1629961484000,0.3121662535648995
1629961514000,0.3133955980946527
1629961544000,0.31165007166666664
1629961574000,0.3128169607054456
1629961604000,0.3121040787037037
1629961634000,0.3141631719512195
1629961664000,0.312916213556231
1629961694000,0.3184764628345499
1629961724000,0.32106292555555555
1629961754000,0.3118099054819277
1629961784000,0.3142996490831296
1629961814000,0.31123035548743105
1629961844000,0.3160862214987715
1629961874000,0.31757920317266625
1629961904000,0.3135606901960784
1629961934000,0.3182513476658477
1629961964000,0.3144476291845494
1629961994000,0.313816762173913
1629962024000,0.3156596684466019
1629962054000,0.3131768253804017
1629962084000,0.31153206851168513
1629962114000,0.3134187662606577
1629962144000,0.31361603718654435
1629962174000,0.3121079719806763
1629962204000,0.3135527184242424
1629962234000,0.31778047263863496
1629962264000,0.3140567525735294
1629962294000,0.3133310433476395
1629962324000,0.3153762803970223
1629962354000,0.3142704236729713
1629962384000,0.31290766266334785
1629962414000,0.3162465171428571
1629962444000,0.3128212742857143
1629962474000,0.3183719289276808
1629962504000,0.31522960253242743
1629962534000,0.31329187034566397
1629962564000,0.31579948144712433
1629962594000,0.3132159591444513
1629962624000,0.3173127420085732
1629962654000,0.3143487191515908
1629962684000,0.3124749849349039
1629962714000,0.3178156199004975
1629962744000,0.31547072455384617
1629962774000,0.31588444686548994
1629962804000,0.3140610703612982
1629962834000,0.3155810199505868
1629962864000,0.3164724843041079
1629962894000,0.3161284762020694
1629962924000,0.3193061624535316
1629962954000,0.3134158234718826
1629962984000,0.3167566624467438
1629963014000,0.31449139587628866
1629963044000,0.31224137661141804
1629963074000,0.32151554254143644
1629963104000,0.31669498664634144
1629963134000,0.31121988084848484
1629963164000,0.31326061897498475
1629963194000,0.31190129739866906
1629963224000,0.3112526283261803
1629963254000,0.3163486936196319
1629963284000,0.3146171260843005
1629963314000,0.3182157865816636
1629963344000,0.3137512264851485
1629963374000,0.31509045802089736
1629963404000,0.3188709460193004
1629963434000,0.3124496595679012
1629963464000,0.3172791009196812
1629963494000,0.3122795657317073
1629963524000,0.3117236603437692
1629963554000,0.3154647986762936
1629963584000,0.3193927376631448
1629963614000,0.3191530581280788
1629963644000,0.3136220550909091
1629963674000,0.32168511345100426
1629963704000,0.31873240049504953
1629963734000,0.3122807910357359
1629963764000,0.31459795805672897
1629963794000,0.31359565310769233
1629963824000,0.3164590407361963
1629963854000,0.3134522757099698
1629963884000,0.3113430447319778
1629963914000,0.3134127179658953
1629963944000,0.3180997057332529
1629963974000,0.3135437763480392
1629964004000,0.3177035929143561
1629964034000,0.31397239144777034
1629964064000,0.31828048933169834
1629964094000,0.311149956127451
1629964124000,0.32089046908536584
1629964154000,0.3128150457142857
1629964184000,0.316261020668693
1629964214000,0.3120428113663845
1629964244000,0.3142753266873065
1629964274000,0.31132260424499697
1629964304000,0.3197024190243902
1629964334000,0.31357156924471297
1629964364000,0.3227845766728054
1629964394000,0.3127528888478127
1629964424000,0.3176279551620648
1629964454000,0.3116874800611621
1629964484000,0.3072016340348767
1629964514000,0.3127502593957704
1629964544000,0.31604300036607685
1629964574000,0.32120846554054056
1629964604000,0.3127273194956949
1629964634000,0.31223822779456195
1629964664000,0.312742302657602
1629964694000,0.3148265786895285
1629964724000,0.3164193777433354
1629964754000,0.3171128248138958
1629964784000,0.3128467790342298
1629964814000,0.3162644575720417
1629964844000,0.31365641443425074
1629964874000,0.31429655171149146
1629964904000,0.3126478013237064
1629964934000,0.3107453418787879
1629964964000,0.313851766116208
1629964994000,0.3126338823312884
1629965024000,0.3139047343137255
1629965054000,0.3162938561262376
1629965084000,0.31144453735312305
1629965114000,0.3166717686769231
1629965144000,0.31903856735187425
1629965174000,0.31434260333127695
1629965204000,0.3183041608508015
1629965234000,0.3138643693915181
1629965264000,0.3134708224053724
1629965294000,0.3127654007361963
1629965324000,0.3124993089798412
1629965354000,0.3180425389634146
1629965384000,0.3149058922982132
1629965414000,0.31110370000000004
1629965444000,0.3143122351795496
1629965474000,0.31463379464174457
1629965504000,0.3105495223443224
1629965534000,0.3111541649294911
1629965564000,0.3171855841308298
1629965594000,0.31127498503030304
1629965624000,0.31983728103130754
1629965654000,0.3163029549815498
1629965684000,0.31571647586206897
1629965714000,0.3201785054153846
1629965744000,0.3176065619490999
1629965774000,0.3177614469015796
1629965804000,0.313623715484269
1629965834000,0.315494837607362
1629965864000,0.31486318859543816
1629965894000,0.3115134150366748
1629965924000,0.31550175624619137
1629965954000,0.3171430177018634
1629965984000,0.31311829915814793
1629966014000,0.3161307268620269
1629966044000,0.3121444875
1629966074000,0.31870526603543065
1629966104000,0.3117311125770654
1629966134000,0.31144458969072164
1629966164000,0.3132092212727273
1629966194000,0.3123837309025702
1629966224000,0.32177410587515304
1629966254000,0.3135839464615385
1629966284000,0.3179100862600123
1629966314000,0.3136607335388409
1629966344000,0.31715862842361536
1629966374000,0.32237128274173804
1629966404000,0.31835810465260544
1629966434000,0.3087776761239368
1629966464000,0.3181652912034209
1629966494000,0.3171137772222222
1629966524000,0.3119655070121951
1629966554000,0.31831117616968185
1629966584000,0.31572083477466506
1629966614000,0.31216481205412056
1629966644000,0.31219831389746755
1629966674000,0.31777774009603843
1629966704000,0.3129538440461725
1629966734000,0.31621129488286065
1629966764000,0.3119441236585366
1629966794000,0.3148394700801974
1629966824000,0.31045382386223863
1629966854000,0.3119268003059976
1629966884000,0.3133444283343577
1629966914000,0.31980441825445605
1629966944000,0.3163546993218249
1629966974000,0.3143908443298969
1629967004000,0.3134909895935961
1629967034000,0.3181150425182482
1629967064000,0.3127441710240964
1629967094000,0.312746697799511
1629967124000,0.3159291958692972
1629967154000,0.3174551359633028
1629967184000,0.31234672831804283
1629967214000,0.31772051920489297
1629967244000,0.31155926279503104
1629967274000,0.31967746822948795
1629967304000,0.3120158453276699
1629967334000,0.3136419678571429
1629967364000,0.3186229313533374
1629967394000,0.3147125401446655
1629967424000,0.3131736363245237
1629967454000,0.3137395828076685
1629967484000,0.3113692195031056
1629967514000,0.3156596040490798
1629967544000,0.3167781293611794
1629967574000,0.3169302023312883
1629967604000,0.31142047947141976
1629967634000,0.3148547743433109
1629967664000,0.3151529226263872
1629967694000,0.2493393872968092
1629967724000,0.2496246962410501
1629967754000,0.3165582049049663
1629967784000,0.3159932676470588
1629967814000,0.3132190267441861
1629967844000,0.3128031068986569
1629967874000,0.3130992262183837
1629967904000,0.3121916358420728
1629967934000,0.31296931099508596
1629967964000,0.3144558286062081
1629967994000,0.31933469901900674
1629968024000,0.3188847067408781
1629968054000,0.3131807990729296
1629968084000,0.3114336472004816
1629968114000,0.3142876366459627
1629968144000,0.3107451953530477
1629968174000,0.3162126437760572
1629968204000,0.31072106696914703
1629968234000,0.31792053620159805
1629968264000,0.31387901619631897
1629968294000,0.3162699537955768
1629968324000,0.32170389437577257
1629968354000,0.3147618881554596
1629968384000,0.3185843918604651
1629968414000,0.3131325001234568
1629968444000,0.3132381599755949
1629968474000,0.3121972875672445
1629968504000,0.31231159479103576
1629968534000,0.31204119950433706
1629968564000,0.3119779990243902
1629968594000,0.3215459762315271
1629968624000,0.3159198927960928
1629968654000,0.3135139107186358
1629968684000,0.3177735760882894
1629968714000,0.3144920966133005
1629968744000,0.31537766402921485
1629968774000,0.3184859376767056
1629968804000,0.3187418011111111
1629968834000,0.318308172632865
1629968864000,0.31379189846059113
1629968894000,0.3172944673218673
1629968924000,0.3128800118644068
1629968954000,0.31190025801572896
1629968984000,0.3145472181481481
1629969014000,0.3173928048347613
1629969044000,0.3202937343980344
1629969074000,0.3142653663808941
1629969104000,0.31112998815393866
1629969134000,0.3130231879876161
1629969164000,0.3198824762899263
1629969194000,0.32030320908532844
1629969224000,0.31710802863196125
1629969254000,0.31474210918428996
1629969284000,0.3140593678593461
1629969314000,0.3167469003594967
1629969344000,0.3169941248792271
1629969374000,0.3173691558139535
1629969404000,0.3115526765892421
1629969434000,0.31783380832826746
1629969464000,0.31488900701647343
1629969494000,0.3156770834963325
1629969524000,0.31293144385321103
1629969554000,0.3122555805435454
1629969584000,0.31271746045232274
1629969614000,0.31346291869618703
1629969644000,0.3177884449188214
1629969674000,0.3212709941389728
1629969704000,0.3135774150710315
1629969734000,0.32016916095641645
1629969764000,0.31179149262899264
1629969794000,0.312977881535649
1629969824000,0.31433077478368354
1629969854000,0.3180179629289216
1629969884000,0.3138292540123457
1629969914000,0.31261874884428226
1629969944000,0.3126210928965095
1629969974000,0.31160416248447204
1629970004000,0.312232588499385
1629970034000,0.3108801616229408
1629970064000,0.30979309123020704
1629970094000,0.31227898007268323
1629970124000,0.3127695402957486
1629970154000,0.3124448206561361
1629970184000,0.3196078586889301
1629970214000,0.31815842388613863
1629970244000,0.3148234270909091
1629970274000,0.31658666384947565
1629970304000,0.3123359303703704
1629970334000,0.309185948118932
1629970364000,0.3175991398523985
1629970394000,0.3259982086848635
1629970424000,0.31819927234567896
1629970454000,0.3170867222906404
1629970484000,0.3123439770642202
1629970514000,0.3177362243975904
1629970544000,0.3160822521981424
1629970574000,0.314032811232544
1629970604000,0.3111820516881522
1629970634000,0.31638093270745005
1629970664000,0.314207665398773
1629970694000,0.3185944080820265
1629970724000,0.31254853463653026
1629970754000,0.3102462386901152
1629970784000,0.31090625084745765
1629970814000,0.31471395852168604
1629970844000,0.31420832407966204
1629970874000,0.31779935612745097
1629970904000,0.3111334452625226
1629970934000,0.3118777618638872
1629970964000,0.3150500226937269
1629970994000,0.3113212873053892
1629971024000,0.3126250886433395
1629971054000,0.3119640391891892
1629971084000,0.31490853869407504
1629971114000,0.3133633123692308
1629971144000,0.31628531992687386
1629971174000,0.31140190642813825
1629971204000,0.3121218232774674
1629971234000,0.31720460012195123
1629971264000,0.3124470555961071
1629971294000,0.31680194591156874
1629971324000,0.3139741756674757
1629971354000,0.3126353120221948
1629971384000,0.3233538180437424
1629971414000,0.3110934704948076
1629971444000,0.3174165951462352
1629971474000,0.31607908293897885
1629971504000,0.3167080882352941
1629971534000,0.3124839502145923
1629971564000,0.31218390178351785
1629971594000,0.31491370542352226
1629971624000,0.31852101059683313
1629971654000,0.31250885357361025
1629971684000,0.31692644287446936
1629971714000,0.3122686522076372
1629971744000,0.31558567764127765
1629971774000,0.32282175015309245
1629971804000,0.31404673321055865
1629971834000,0.31140705379017586
1629971864000,0.3172137101726264
1629971894000,0.3172335433333333
1629971924000,0.3179177293827161
1629971954000,0.3131644062804878
1629971984000,0.31264646770642196
1629972014000,0.3132227609711125
1629972044000,0.3183181429530201
1629972074000,0.3168053509597523
1629972104000,0.3114324269325153
1629972134000,0.31117537163076925
1629972164000,0.3218439817676144
1629972194000,0.3215521196461257
1629972224000,0.3247603836352657
1629972254000,0.3199870738970588
1629972284000,0.3155535843673966
1629972314000,0.31853048955132146
1629972344000,0.3165266061050061
1629972374000,0.3140248476336816
1629972404000,0.311409774706971
1629972434000,0.3116470033027523
1629972464000,0.3207207501512402
1629972494000,0.3160282705740181
1629972524000,0.3214235121119903
1629972554000,0.3131113313341493
1629972584000,0.3147318489204195
1629972614000,0.3113029588127295
1629972644000,0.3190154855027761
1629972674000,0.31275885262836184
1629972704000,0.314298108358209
1629972734000,0.3123681773504273
1629972764000,0.3195871404059041
1629972794000,0.3108813710961421
1629972824000,0.3115148202711029
1629972854000,0.3172023605804111
1629972884000,0.3181601498491249
1629972914000,0.3161205706455542
1629972944000,0.31190949620795105
1629972974000,0.3136690474565757
1629973004000,0.3119232215985357
1629973034000,0.3186515502769231
1629973064000,0.3133789693063229
1629973094000,0.3202470502125076
1629973124000,0.31511186197530866
1629973154000,0.3134878987789988
1629973184000,0.31350174262195124
1629973214000,0.31914858892966363
1629973244000,0.3191900919561243
1629973274000,0.31802940024676124
1629973304000,0.31434276884753903
1629973334000,0.3113111665458937
1629973364000,0.31234865384615385
1629973394000,0.3186533598159509
1629973424000,0.31922189148284313
1629973454000,0.314283959623558
1629973484000,0.3147469816029144
1629973514000,0.3123564147076923
1629973544000,0.3115117972721637
1629973574000,0.3102494568567961
1629973604000,0.3136521674937965
1629973634000,0.3235475522222222
1629973664000,0.3137700546347452
1629973694000,0.3209854795868773
1629973724000,0.31892987959682345
1629973754000,0.3112644896969697
1629973784000,0.3171533275904353
1629973814000,0.3132668780457637
1629973844000,0.31036627321972005
1629973874000,0.3112467498145859
1629973904000,0.31159301937046
1629973934000,0.3165797873161765
1629973964000,0.3113684987827145
1629973994000,0.31087348365617434
1629974024000,0.3177873669354839
1629974054000,0.3166806607563546
1629974084000,0.3172499332515337
1629974114000,0.31177094879518075
1629974144000,0.3143070062157221
1629974174000,0.3138045371992597
1629974204000,0.3133732640634533
1629974234000,0.31406113457888496
1629974264000,0.3121911823565324
1629974294000,0.3153058357875679
1629974324000,0.3145876160073037
1629974354000,0.3113710612244898
1629974384000,0.3154528211879976
1629974414000,0.31374551157635466
1629974444000,0.30875396594333937
1629974474000,0.316624903318992
1629974504000,0.3172763254434251
1629974534000,0.3126758313369631
1629974564000,0.3161589372150339
1629974594000,0.31814206733454764
1629974624000,0.3127332450152905
1629974654000,0.317109011152648
1629974684000,0.3153130736682809
1629974714000,0.317376796
1629974744000,0.3123929144317498
1629974774000,0.3174726010545906
1629974804000,0.3146543200481637
1629974834000,0.3139610764378479
1629974864000,0.3236518093691443
1629974894000,0.31470634447174445
1629974924000,0.3138726819018405
1629974954000,0.30779573869011523
1629974984000,0.31492982072289155
1629975014000,0.3157171700617284
1629975044000,0.3143012346888478
1629975074000,0.31349626150031
1629975104000,0.3201349188379205
1629975134000,0.3164243460653753
1629975164000,0.3125031008588957
1629975194000,0.3125941341061623
1629975224000,0.3151720850791717
1629975254000,0.3124227966442953
1629975284000,0.31810301580882355
1629975314000,0.3142454660954712
1629975344000,0.31207545006195786
1629975374000,0.3138471535758323
1629975404000,0.3155677022727273
1629975434000,0.3152082278648975
1629975464000,0.3125217968599034
1629975494000,0.31215481221001223
1629975524000,0.317552624583076
1629975554000,0.3144545651263093
1629975584000,0.3171989678039702
1629975614000,0.3136393136752137
1629975644000,0.3126350057371993
1629975674000,0.3135433935329341
1629975704000,0.31163378159021404
1629975734000,0.31130099418534224
1629975764000,0.3177242061360875
1629975794000,0.3126514717979555
1629975824000,0.3119261876002468
1629975854000,0.3131047999388005
1629975884000,0.31163887357920195
1629975914000,0.3211883738643435
1629975944000,0.3139899330891331
1629975974000,0.3137846862576687
1629976004000,0.31392772722802703
1629976034000,0.3181349583383504
1629976064000,0.3175617768995098
1629976094000,0.3169927609365373
1629976124000,0.3109164791512915
1629976154000,0.3177380496987952
1629976184000,0.3137952379888268
1629976214000,0.31174343248019504
1629976244000,0.3140955164014688
1629976274000,0.3165925452554745
1629976304000,0.31150065633456336
1629976334000,0.3124983666463042
1629976364000,0.3125586236604455
1629976394000,0.3201160409956976
1629976424000,0.3130287119164619
1629976454000,0.31660784645239537
1629976484000,0.3129827180428135
1629976514000,0.31341534181483754
1629976544000,0.31431606150627617
1629976574000,0.3130163912195122
1629976604000,0.31322620723327305
1629976634000,0.31514894258809234
1629976664000,0.31091942678462475
1629976694000,0.31646056247678017
1629976724000,0.3113422166768107
1629976754000,0.31643332359133125
1629976784000,0.3157962689655173
1629976814000,0.3177239119565217
1629976844000,0.315714912454435
1629976874000,0.3177637484479611
1629976904000,0.3138873518115942
1629976934000,0.3199443289346247
1629976964000,0.3161707109471095
1629976994000,0.3143302075729361
1629977024000,0.31619157670901393
1629977054000,0.3161328714885954
1629977084000,0.31641262464114833
1629977114000,0.31989766353084914
1629977144000,0.31498680590717304
1629977174000,0.313278324100061
1629977204000,0.32136669957002456
1629977234000,0.3114740410348977
1629977264000,0.31583464791540783
1629977294000,0.3124352735779817
1629977324000,0.3165617688955224
1629977354000,0.31576622136279925
1629977384000,0.3168666181322013
1629977414000,0.3160505971303805
1629977444000,0.3172095046182266
1629977474000,0.31561015012330457
1629977504000,0.31259515719602976
1629977534000,0.31196209044703005
1629977564000,0.314731311786372
1629977594000,0.3139068125844076
1629977624000,0.31339715296273674
1629977654000,0.3116788902895054
1629977684000,0.25254520139902675
1629977714000,0.2511408583990297
1629977744000,0.2538709865634675
1629977774000,0.2548834743325243
1629977804000,0.3118638092703349
1629977834000,0.3145344128834356
1629977864000,0.31118275530759953
1629977894000,0.3136344934624697
1629977924000,0.3132262484996938
1629977954000,0.31239305960832314
1629977984000,0.3174464972956731
1629978014000,0.3162422984520124
1629978044000,0.3119036330126278
1629978074000,0.3166356006654568
1629978104000,0.3172822229870928
1629978134000,0.3164994950647748
1629978164000,0.3177562488357843
1629978194000,0.31609683130277444
1629978224000,0.3191976283609577
1629978254000,0.3129126217603912
1629978284000,0.3118267441860465
1629978314000,0.31476540349050824
1629978344000,0.2479536858974359
1629978374000,0.31330870079901657
1629978404000,0.3136346332524272
1629978434000,0.31456253029174425
1629978464000,0.3130698539880952
1629978494000,0.3109527272014475
1629978524000,0.3146196262864228
1629978554000,0.31412678437693736
1629978584000,0.3122852548229548
1629978614000,0.3164119446637878
1629978644000,0.3140980372655777
1629978674000,0.31992022016706445
1629978704000,0.3134737089696969
1629978734000,0.3226994663202934
1629978764000,0.3182238236474164
1629978794000,0.3149676388355342
1629978824000,0.3180581458006042
1629978854000,0.31203500887936314
1629978884000,0.3092658631188119
1629978914000,0.312197256196319
1629978944000,0.3158441106041924
1629978974000,0.31160286187845304
1629979004000,0.31377883968847353
1629979034000,0.3167030465630604
1629979064000,0.3139675594202899
1629979094000,0.3155470255033557
1629979124000,0.3140603108024692
1629979154000,0.31344554096676736
1629979184000,0.3206325589156627
1629979214000,0.3179169906519065
1629979244000,0.323603237461867
1629979274000,0.3167597790897909
1629979304000,0.32113137998779745
1629979334000,0.3186115494203783
1629979364000,0.31616074161073826
1629979394000,0.31457742832019403
1629979424000,0.31397968838905777
1629979454000,0.3160602427160494
1629979484000,0.3143337861344538
1629979514000,0.31963410891640864
1629979544000,0.3182226794386821
1629979574000,0.31538355290556896
1629979604000,0.315714233127699
1629979634000,0.317361985078219
1629979664000,0.3194670518495684
1629979694000,0.31486315076452603
1629979724000,0.3137097054153846
1629979754000,0.3143369382084095
1629979784000,0.31543179885679906
1629979814000,0.3145758358292079
1629979844000,0.3177157284392351
1629979874000,0.3170189520245399
1629979904000,0.3207396125618812
1629979934000,0.32128981410334345
1629979964000,0.31589486860395444
1629979994000,0.3164580886988393
1629980024000,0.31687123623100305
1629980054000,0.3128641644417476
1629980084000,0.3226162989051095
1629980114000,0.32353852933657945
1629980144000,0.32267686213592234
1629980174000,0.3126190363856883
1629980204000,0.31151445850340137
1629980234000,0.3162438585932722
1629980264000,0.31277349870609983
1629980294000,0.3221365533001245
1629980324000,0.31595982009864365
1629980354000,0.3137976762836186
1629980384000,0.31702575905413816
1629980414000,0.2542151959096459
1629980444000,0.3136895814747105
1629980474000,0.3179215461726883
1629980504000,0.3168913916564417
1629980534000,0.3192226022085889
1629980564000,0.31842621332525745
1629980594000,0.31343970414129113
1629980624000,0.31578324633110977
1629980654000,0.3119435290853659
1629980684000,0.3111996557939914
1629980714000,0.31173579344362745
1629980744000,0.3181193286783042
1629980774000,0.3128353022713321
1629980804000,0.3198306555349412
1629980834000,0.31620740672839504
1629980864000,0.3115285852905569
1629980894000,0.3158234226993865
1629980924000,0.31096440314232904
1629980954000,0.31165186825688074
1629980984000,0.31133870375615763
1629981014000,0.31481266299261085
1629981044000,0.3137913932448733
1629981074000,0.31464546315465186
1629981104000,0.31196839330055315
1629981134000,0.313880146101903
1629981164000,0.31255673790569505
1629981194000,0.3173766381330079
1629981224000,0.3178556998773006
1629981254000,0.3136479123685838
1629981284000,0.3180295861875
1629981314000,0.3175057365012107
1629981344000,0.3217720415467626
1629981374000,0.3204892152998776
1629981404000,0.3194634392288861
1629981434000,0.3155347205652435
1629981464000,0.3157860540973506
1629981494000,0.31209902037037035
1629981524000,0.31590747771010963
1629981554000,0.31447015092592595
1629981584000,0.3127641626231527
1629981614000,0.31374617886977885
1629981644000,0.3164381457742135
1629981674000,0.3108334839003645
1629981704000,0.3111905145299145
1629981734000,0.3144645220923077
1629981764000,0.3186044971709717
1629981794000,0.3111437960615385
1629981824000,0.3127145385286783
1629981854000,0.3132811908759124
1629981884000,0.3118583726883037
1629981914000,0.3161551026911315
1629981944000,0.3166555046210721
1629981974000,0.3197936651589242
1629982004000,0.3162078173507463
1629982034000,0.3068331194844125
1629982064000,0.3128087852328431
1629982094000,0.3157926606337599
1629982124000,0.3130736566095471
1629982154000,0.3154119674432863
1629982184000,0.314593013490099
1629982214000,0.3197702552503052
1629982244000,0.3137125811684276
1629982274000,0.31703469453551913
1629982304000,0.3140693697478992
1629982334000,0.3107854556026651
1629982364000,0.31186312387415177
1629982394000,0.3184941412453761
1629982424000,0.31308305952380955
1629982454000,0.31328635903465346
1629982484000,0.31225112545235223
1629982514000,0.3158423438905775
1629982544000,0.31676096524129504
1629982574000,0.3136018495145631
1629982604000,0.3127230754775108
1629982634000,0.31406953632425744
1629982664000,0.3111630580625383
1629982694000,0.31492058094944514
1629982724000,0.3160233402589396
1629982754000,0.3164299540657977
1629982784000,0.31251871221747096
1629982814000,0.3185246305970149
1629982844000,0.3185860942752741
1629982874000,0.31697924643288994
1629982904000,0.3147742380952381
1629982934000,0.3228701261465158
1629982964000,0.3104042280733945
1629982994000,0.31278844461538463
1629983024000,0.320548912901272
1629983054000,0.32184495862484924
1629983084000,0.31334077122955784
1629983114000,0.3147851079732197
1629983144000,0.31074481902106565
1629983174000,0.3119557513253012
1629983204000,0.3136029928484849
1629983234000,0.3190187632942628
1629983264000,0.3139769199877376
1629983294000,0.3124375364074744
1629983324000,0.3105430393120393
1629983354000,0.3133083363910682
1629983384000,0.3163062265529842
1629983414000,0.3112119043156597
1629983444000,0.3132016873939394
1629983474000,0.31414246709637816
1629983504000,0.3141886343539498
1629983534000,0.3160013370437956
1629983564000,0.3170667317043372
1629983594000,0.32087469619463505
1629983624000,0.3174789662097736
1629983654000,0.3155922776155718
1629983684000,0.31262348
1629983714000,0.3169757629514321
1629983744000,0.3128258616891065
1629983774000,0.3122378542857143
1629983804000,0.31756462475490194
1629983834000,0.3126640686999384
1629983864000,0.3136562060419236
1629983894000,0.3187137399267399
1629983924000,0.3115816927184466
1629983954000,0.3241284025974026
1629983984000,0.3086863838083687
1629984014000,0.3133195134872418
1629984044000,0.3142390801950031
1629984074000,0.3154916700854701
1629984104000,0.3159956253242742
1629984134000,0.3133585141104294
1629984164000,0.31852879836363635
1629984194000,0.31604860653753025
1629984224000,0.32114060617665224
1629984254000,0.3178761442236025
1629984284000,0.3159254406841784
1629984314000,0.3184487719114936
1629984344000,0.3169888487179487
1629984374000,0.3135951608931805
1629984404000,0.31875007469733657
1629984434000,0.3122737815018315
1629984464000,0.31311531289537714
1629984494000,0.3116707279510703
1629984524000,0.3140013570648878
1629984554000,0.3138319399878272
1629984584000,0.3116667534556575
1629984614000,0.3160580345610804
1629984644000,0.3169076227076923
1629984674000,0.3167581478128797
1629984704000,0.3194984936567164
1629984734000,0.3183554576637824
1629984764000,0.3147698035185185
1629984794000,0.3188727638665843
1629984824000,0.32071663485576923
1629984854000,0.3185934826517968
1629984884000,0.31520511542716656
1629984914000,0.3123625060386473
1629984944000,0.3091707844993969
1629984974000,0.3123793515776699
1629985004000,0.3219739897882939
1629985034000,0.31633073396341466
1629985064000,0.3160688456736712
1629985094000,0.3156934344019729
1629985124000,0.3165605966542751
1629985154000,0.3155529701282834
1629985184000,0.3163722384332925
1629985214000,0.3122719088943792
1629985244000,0.3127047869193154
1629985274000,0.31738558636363634
1629985304000,0.31509324492044066
1629985334000,0.3160084234567901
1629985364000,0.3150289518726592
1629985394000,0.31506718782556026
1629985424000,0.3194055292040694
1629985454000,0.31719773746943764
1629985484000,0.31170748547215504
1629985514000,0.31190152921960074
1629985544000,0.31428571341911765
1629985574000,0.3146263157255616
1629985604000,0.31305721149354643
1629985634000,0.3101934582976117
1629985664000,0.3157258
1629985694000,0.3117354801807229
1629985724000,0.3130204334153846
1629985754000,0.313212169273399
1629985784000,0.3154489365419988
1629985814000,0.3174370636806825
1629985844000,0.3132858644607843
1629985874000,0.3179011055386488
1629985904000,0.312663957266543
1629985934000,0.31616149665841586
1629985964000,0.3155430155980271
1629985994000,0.3174661585171569
1629986024000,0.31309581594827585
1629986054000,0.31466154119827056
1629986084000,0.32137677567901235
1629986114000,0.3177261520833333
1629986144000,0.3140445518064911
1629986174000,0.3143675787048568
1629986204000,0.31828307963076924
1629986234000,0.32001692182490754
1629986264000,0.31765739185274594
1629986294000,0.3135545587767584
1629986324000,0.31005492987171657
1629986354000,0.3124786623936817
1629986384000,0.3232270871244635
1629986414000,0.3115932216083487
1629986444000,0.31713631486650484
1629986474000,0.3158384696
1629986504000,0.3116948604694256
1629986534000,0.31271920202702697
1629986564000,0.3168508104141291
1629986594000,0.3115137070240296
1629986624000,0.3151636060382009
1629986654000,0.31691598186813186
1629986684000,0.31753235092707044
1629986714000,0.31790338405535495
1629986744000,0.3129276055796652
1629986774000,0.3131466148665049
1629986804000,0.3119443036024845
1629986834000,0.3118984661945813
1629986864000,0.3163492434993925
1629986894000,0.3115434520556227
1629986924000,0.3113996443413729
1629986954000,0.3123313146401985
1629986984000,0.3120004278426552
1629987014000,0.3118739546511628
1629987044000,0.3115372395334561
1629987074000,0.3122564417575758
1629987104000,0.31247510309023485
1629987134000,0.3192936987326493
1629987164000,0.31679737498444305
1629987194000,0.3179152414664202
1629987224000,0.31588400583179865
1629987254000,0.3126244443553362
1629987284000,0.31756070562422745
1629987314000,0.3175235020458773
1629987344000,0.3177205986802639
1629987374000,0.31635463106382977
1629987404000,0.3233292271725826
1629987434000,0.3149486928657799
1629987464000,0.3158812708101422
1629987494000,0.3111634357920193
1629987524000,0.31980876367547634
1629987554000,0.31597433463653024
1629987584000,0.31705048054020873
1629987614000,0.3173778635701275
1629987644000,0.3176163445592705
1629987674000,0.3162628888145897
1629987704000,0.3133030159006211
1629987734000,0.3148809777777778
1629987764000,0.3165347023284314
1629987794000,0.31083709866828085
1629987824000,0.3135992341508277
1629987854000,0.3151609952380953
1629987884000,0.31273954861878456
1629987914000,0.31227721513480394
1629987944000,0.3121638013463892
1629987974000,0.3143902580547113
1629988004000,0.3201529451100245
1629988034000,0.31615315738810545
1629988064000,0.3197862356088561
1629988094000,0.3129377472872996
1629988124000,0.3120922762669963
1629988154000,0.3214261767341928
1629988184000,0.31175119174816623
1629988214000,0.3145778606989577
1629988244000,0.3166997812655087
1629988274000,0.3176480193567961
1629988304000,0.3128336736128237
1629988334000,0.31844236519607844
1629988364000,0.31406202014563106
1629988394000,0.3133652713580247
1629988424000,0.3151309327746741
1629988454000,0.25399537327217125
1629988484000,0.31232039406420353
1629988514000,0.3115222039433149
1629988544000,0.31305997561425064
1629988574000,0.3181133480519481
1629988604000,0.31464256571774685
1629988634000,0.311148264
1629988664000,0.3118631965325077
1629988694000,0.3134517762917933
1629988724000,0.3113836626993865
1629988754000,0.3126227018050541
1629988784000,0.3142871337188071
1629988814000,0.3205940748953975
1629988844000,0.315541088127295
1629988874000,0.3199464263059701
1629988904000,0.3123253436923077
1629988934000,0.3179628956521739
1629988964000,0.3181698099815157
1629988994000,0.31247489480840546
1629989024000,0.3120939574074074
1629989054000,0.3113098361195851
1629989084000,0.3108765138014528
1629989114000,0.3141681701667696
1629989144000,0.3119408925354719
1629989174000,0.31884635291563274
1629989204000,0.31591087001216545
1629989234000,0.3173725718056389
1629989264000,0.3127661187915408
1629989294000,0.31312563715511954
1629989324000,0.31538019633251835
1629989354000,0.3124950841744548
1629989384000,0.3128205015299877
1629989414000,0.31189295659104843
1629989444000,0.3134780015394089
1629989474000,0.3205847993757803
1629989504000,0.31680710635910225
1629989534000,0.31471634234787954
1629989564000,0.31611336473812424
1629989594000,0.3183943934676435
1629989624000,0.317683843313253
1629989654000,0.3124049054413543
1629989684000,0.3115158396796057
1629989714000,0.3136034579204893
1629989744000,0.3150018010935601
1629989774000,0.31377226300434513
1629989804000,0.3129238933250156
1629989834000,0.3107465318708105
1629989864000,0.3126382158924205
1629989894000,0.3115285755856967
1629989924000,0.31202885614778925
1629989954000,0.31677707521631643
1629989984000,0.3135587653061224
1629990014000,0.31907199999999997
1629990044000,0.31715031752767525
1629990074000,0.3108499690533981
1629990104000,0.31246593407270484
1629990134000,0.3123892497584541
1629990164000,0.3155555580940745
1629990194000,0.3168661747584541
1629990224000,0.3157444573902288
1629990254000,0.3153863235582822
1629990284000,0.3164485475319927
1629990314000,0.3121539017769608
1629990344000,0.31372032484848483
1629990374000,0.3133545612980769
1629990404000,0.31190163695249845
1629990434000,0.31268903539119797
1629990464000,0.3178597309582309
1629990494000,0.3163461647203442
1629990524000,0.3152958445465686
1629990554000,0.3163616195451752
1629990584000,0.3201576431985294
1629990614000,0.31678598328304164
1629990644000,0.3171125081757169
1629990674000,0.3156798783505155
1629990704000,0.3169813988819876
1629990734000,0.3127977288520565
1629990764000,0.3140308324535093
1629990794000,0.31673286179012344
1629990824000,0.3147974678700361
1629990854000,0.3133986089543269
1629990884000,0.32123662149014776
1629990914000,0.31715295392097265
1629990944000,0.3223239394313968
1629990974000,0.3152817673832924
1629991004000,0.3115552511882998
1629991034000,0.3134906837622549
1629991064000,0.3114435118581907
1629991094000,0.3180554588779285
1629991124000,0.3129029055723804
1629991154000,0.30856765704656863
1629991184000,0.3125435323030303
1629991214000,0.3124434673206622
1629991244000,0.3146702141804788
1629991274000,0.31343231131611315
1629991304000,0.3148880561881188
1629991334000,0.3134367304321363
1629991364000,0.31426819890243896
1629991394000,0.3168581079462103
1629991424000,0.3185755221677893
1629991454000,0.3173409873230769
1629991484000,0.3182818162962963
1629991514000,0.318698880834341
1629991544000,0.3172032598153846
1629991574000,0.31828914565877353
1629991604000,0.31213942376237624
1629991634000,0.3168682535471931
1629991664000,0.316016741529052
1629991694000,0.3109149640634533
1629991724000,0.3126526651331719
1629991754000,0.3178897552860697
1629991784000,0.3207142578593272
1629991814000,0.3149871095711622
1629991844000,0.3126099849728425
1629991874000,0.3126679444987775
1629991904000,0.31643305713410896
1629991934000,0.3118959795217658
1629991964000,0.3159734842328684
1629991994000,0.3127167694376528
1629992024000,0.3132481533457249
1629992054000,0.31209511877702284
1629992084000,0.31271189516728626
1629992114000,0.3137648988393403
1629992144000,0.32239001244738424
1629992174000,0.31653559914320684
1629992204000,0.31186642012158056
1629992234000,0.31405170253399256
1629992264000,0.3187461439729397
1629992294000,0.3136941275030902
1629992324000,0.3168657404294479
1629992354000,0.31452141470951794
1629992384000,0.31144283734718825
1629992414000,0.3138354112684729
1629992444000,0.3139635428226779
1629992474000,0.3172213121415497
1629992504000,0.312972770464135
1629992534000,0.31211948251400123
1629992564000,0.3165427231707317
1629992594000,0.31144618046826866
1629992624000,0.3174998692870201
1629992654000,0.3120260472053463
1629992684000,0.3123306595076923
1629992714000,0.3115845424205379
1629992744000,0.3145599509852217
1629992774000,0.3167019386682957
1629992804000,0.3167257581795818
1629992834000,0.31798124476600986
1629992864000,0.31905776723716384
1629992894000,0.31485304206060605
1629992924000,0.320818226724138
1629992954000,0.31195988323057955
1629992984000,0.3149677941574416
1629993014000,0.3154067099816289
1629993044000,0.3184177826561552
1629993074000,0.3108778857407408
1629993104000,0.32166713998767715
1629993134000,0.3167951721230769
1629993164000,0.3121362017083588
1629993194000,0.320821767876588
1629993224000,0.3165453650030807
1629993254000,0.3250874240786241
1629993284000,0.3168674724708768
1629993314000,0.31200341406443616
1629993344000,0.3121738189772027
1629993374000,0.3166965658838072
1629993404000,0.3138562462445686
1629993434000,0.3128695859327217
1629993464000,0.3106471053243574
1629993494000,0.31510473264688066
1629993524000,0.3136023936
1629993554000,0.31442958149053146
1629993584000,0.31078099402439024
1629993614000,0.3170010720216607
1629993644000,0.3186116495098039
1629993674000,0.3164795164960867
1629993704000,0.32159509885817306
1629993734000,0.3182198197089145
1629993764000,0.3159322073755378
1629993794000,0.31905166205412056
1629993824000,0.3136674569495695
1629993854000,0.3104406255045872
1629993884000,0.3130307620689655
1629993914000,0.31356864375377186
1629993944000,0.31310194854897216
1629993974000,0.31274472013505217
1629994004000,0.3123863918114144
1629994034000,0.3120371516262567
1629994064000,0.31345675590405897
1629994094000,0.30981691061519906
1629994124000,0.31709774936014623
1629994154000,0.31083414552058114
1629994184000,0.31671924443768995
1629994214000,0.31313477688073393
1629994244000,0.3113907902008521
1629994274000,0.31191312381246145
1629994304000,0.31099577925211097
1629994334000,0.3138651207361963
1629994364000,0.3130224869164619
1629994394000,0.3109543853495441
1629994424000,0.3117705225865209
1629994454000,0.3124350896969697
1629994484000,0.3103381736391437
1629994514000,0.3133872223397635
1629994544000,0.3116982385321101
1629994574000,0.31417812976117576
1629994604000,0.3129252878806712
1629994634000,0.31282742541436465
1629994664000,0.3172798682127396
1629994694000,0.3137734769554753
1629994724000,0.31238053556100553
1629994754000,0.3123621092783505
1629994784000,0.31231441723076925
1629994814000,0.31155753965623084
1629994844000,0.31247462636476425
1629994874000,0.3122202269063856
1629994904000,0.3130476917647059
1629994934000,0.3136893765104809
1629994964000,0.3138606030769231
1629994994000,0.3109400455104551
1629995024000,0.3130373379117464
1629995054000,0.3126610479754601
1629995084000,0.3136690609181141
1629995114000,0.3116138199040767
1629995144000,0.31105396422466425
1629995174000,0.24884115088145894
1629995204000,0.3115859901242236
1629995234000,0.3127470295843521
1629995264000,0.3080226044205496
1629995294000,0.31815750744615384
1629995324000,0.31229412863247863
1629995354000,0.3129512361282367
1629995384000,0.3124883199011125
1629995414000,0.31211045405569005
1629995444000,0.31253768907510865
1629995474000,0.3124859312156384
1629995504000,0.3136320608343711
1629995534000,0.31165609378806336
1629995564000,0.31232323885114266
1629995594000,0.3144424951612903
1629995624000,0.3136805204573548
1629995654000,0.3116265185932722
1629995684000,0.3113355304825901
1629995714000,0.31242701351840674
1629995744000,0.3095552201829268
1629995774000,0.3091926550872968
1629995804000,0.3122528140415141
1629995834000,0.31504056383240914
1629995864000,0.31272087009063443
1629995894000,0.3122410381155015
1629995924000,0.3123661125912409
1629995954000,0.31249083488087964
1629995984000,0.3113028849137931
1629996014000,0.3130139638324091
1629996044000,0.31243049431887604
1629996074000,0.31126332342679125
1629996104000,0.3116774356350185
1629996134000,0.3113419188702669
1629996164000,0.3146617824290999
1629996194000,0.3119937976029502
1629996224000,0.31219002316109423
1629996254000,0.3117273477025393
1629996284000,0.31287557963302753
1629996314000,0.3118701055521283
1629996344000,0.313485749166152
1629996374000,0.3133097870789957
1629996404000,0.3125796250920245
1629996434000,0.31378903680943515
1629996464000,0.3120633100861009
1629996494000,0.3127845853448276
1629996524000,0.3120915838946724
1629996554000,0.3120447273390036
1629996584000,0.31491805231990233
1629996614000,0.31326228885486834
1629996644000,0.3137608694563225
1629996674000,0.31358324320000003
1629996704000,0.3125051165550822
1629996734000,0.3113649347239264
1629996764000,0.3118361591651543
1629996794000,0.3111387788171394
1629996824000,0.3123448095890411
1629996854000,0.31230337199754904
1629996884000,0.3123634372307692
1629996914000,0.312074766809553
1629996944000,0.31381479624384234
1629996974000,0.3125366004886989
1629997004000,0.3124896909597523
1629997034000,0.3111545396825397
1629997064000,0.3132514186160441
1629997094000,0.3126478841075795
1629997124000,0.3138025144336176
1629997154000,0.3120320796158612
1629997184000,0.32328849674698795
1629997214000,0.3115115180060423
1629997244000,0.3139315735930736
1629997274000,0.3130595283882784
1629997304000,0.30973887040878584
1629997334000,0.3114156883923029
1629997364000,0.31197762243276284
1629997394000,0.31117230918491484
1629997424000,0.312265716636528
1629997454000,0.3135826506203474
1629997484000,0.3112305763636364
1629997514000,0.31230472235948115
1629997544000,0.31314232852870816
1629997574000,0.3113754135118685
1629997604000,0.3122479804204204
1629997634000,0.3115397799263352
1629997664000,0.3133871840074673
1629997694000,0.31235718479318736
1629997724000,0.3121122684662577
1629997754000,0.3121177055040198
1629997784000,0.31367308356836304
1629997814000,0.31252512224969103
1629997844000,0.3125942417445483
1629997874000,0.3075887675316838
1629997904000,0.3155976029502151
1629997934000,0.3106377231946145
1629997964000,0.3162070661557327
1629997994000,0.3134168207067576
1629998024000,0.31198725507068226
1629998054000,0.3127255201100245
1629998084000,0.3128151003045067
1629998114000,0.31381919975170697
1629998144000,0.3245526680292862
1629998174000,0.31226290972644377
1629998204000,0.31012826722588377
1629998234000,0.3132033244622004
1629998264000,0.31251431243842365
1629998294000,0.3122910116605617
1629998324000,0.312358463980464
1629998354000,0.3113841760122699
1629998384000,0.3117587436319317
1629998414000,0.3117271687349398
1629998444000,0.31264231957055216
1629998474000,0.3135767093538461
1629998504000,0.3127076711678832
1629998534000,0.31267520278293137
1629998564000,0.3122074570985741
1629998594000,0.3130652384335155
1629998624000,0.3111837952554745
1629998654000,0.3113148018115942
1629998684000,0.3102954946395564
1629998714000,0.3119404607649599
1629998744000,0.3124745914776211
1629998774000,0.31285039259708736
1629998804000,0.31264488393501805
1629998834000,0.3124502888752305
1629998864000,0.31252644063057705
1629998894000,0.30874845
1629998924000,0.3123205909254808
1629998954000,0.3131711509328358
1629998984000,0.3094895980036297
1629999014000,0.31441386780072905
1629999044000,0.3128543669902913
1629999074000,0.3134265678239306
1629999104000,0.3138170687850467
1629999134000,0.3131187022988506
1629999164000,0.31624035161486896
1629999194000,0.3127978727771011
1629999224000,0.3162869215880893
1629999254000,0.3123459597792765
1629999284000,0.31395349088108443
1629999314000,0.314348581990232
1629999344000,0.3112742318265119
1629999374000,0.31165983833028643
1629999404000,0.3149109720731708
1629999434000,0.3132895844796105
1629999464000,0.3135806119430693
1629999494000,0.3098283967781155
1629999524000,0.3124347987878788
1629999554000,0.31312473865853657
1629999584000,0.3091497738733252
1629999614000,0.3158914099269184
1629999644000,0.31386514192166465
1629999674000,0.3112437536969697
1629999704000,0.3057090145770846
1629999734000,0.3120266075933864
1629999764000,0.3125090689570552
1629999794000,0.3156612054658385
1629999824000,0.31208605793018984
1629999854000,0.3133547217235189
1629999884000,0.3146983802687844
1629999914000,0.3122824742274413
1629999944000,0.31239237466422465
1629999974000,0.3126531066418374
1630000004000,0.31262965957055217
1630000034000,0.3133251818677987
1630000064000,0.31208109105939985
1630000094000,0.31137301243842364
1630000124000,0.31339295277608303
1630000154000,0.3114326485276074
1630000184000,0.3121685385276073
1630000214000,0.3181554748610253
1630000244000,0.31268192425712554
1630000274000,0.31251451490797544
1630000304000,0.311985429890644
1630000334000,0.3114627098974049
1630000364000,0.3111299714285714
1630000394000,0.3123617952176579
1630000424000,0.31610807219482123
1630000454000,0.31290746256880736
1630000484000,0.3124643463535229
1630000514000,0.3121527169846154
1630000544000,0.31223981290127195
1630000574000,0.315884804898959
1630000604000,0.31196456430732
1630000634000,0.3120564314758114
1630000664000,0.3166873752602572
1630000694000,0.31135841539855075
1630000724000,0.3128961160856269
1630000754000,0.3136198022769231
1630000784000,0.3116093178851964
1630000814000,0.31583056980781155
1630000844000,0.31323804597418564
1630000874000,0.31081647209443103
1630000904000,0.31250542474037873
1630000934000,0.31157235303867403
1630000964000,0.31212411481481483
1630000994000,0.3109716454766241
1630001024000,0.3103057866175568
1630001054000,0.3129617857920193
1630001084000,0.3109035223515003
1630001114000,0.313406267973462
1630001144000,0.3118087783007335
1630001174000,0.3136869589616811
1630001204000,0.3132838587116564
1630001234000,0.31117758663003664
1630001264000,0.3136119703907204
1630001294000,0.3110860210781345
1630001324000,0.3118294093498452
1630001354000,0.3146903626156693
1630001384000,0.3163416403669725
1630001414000,0.31360199286153845
1630001444000,0.3131892996363637
1630001474000,0.3125138289096573
1630001504000,0.31110132409713576
1630001534000,0.3117919988943489
1630001564000,0.3131816843292683
1630001594000,0.3122324926844389
1630001624000,0.3114161784168213
1630001654000,0.2563779113776138
1630001684000,0.31262409627179794
1630001714000,0.31231289841269844
1630001744000,0.25325981694189603
1630001774000,0.3126029317177914
1630001804000,0.3122930061780739
1630001834000,0.3130242558237779
1630001864000,0.31182589348894346
1630001894000,0.31176767074954304
1630001924000,0.3119816070552147
1630001954000,0.31625585916976456
1630001984000,0.3130423108470445
1630002014000,0.3120658250459277
1630002044000,0.30867169395604394
1630002074000,0.3129117781134402
1630002104000,0.3108433357142857
1630002134000,0.3115954295273174
1630002164000,0.3106853602040816
1630002194000,0.3115538476248477
1630002224000,0.30809212742718445
1630002254000,0.31232995202172603
1630002284000,0.3114692450488998
1630002314000,0.32145505100060645
1630002344000,0.3119902121268657
1630002374000,0.31158205821794105
1630002404000,0.31123595551492994
1630002434000,0.31221546041666665
1630002464000,0.3103371284582572
1630002494000,0.31232429676434675
1630002524000,0.31293347471054234
1630002554000,0.31236508791008505
1630002584000,0.312411395377129
1630002614000,0.3126688955730746
1630002644000,0.311704933088685
1630002674000,0.3125782498152709
1630002704000,0.31156532740147785
1630002734000,0.3120071280270436
1630002764000,0.31180661626506023
1630002794000,0.3120742736068585
1630002824000,0.31208750201342284
1630002854000,0.31330591332116786
1630002884000,0.31315680326678763
1630002914000,0.3128344038066465
1630002944000,0.3128959816789216
1630002974000,0.3118529302975106
1630003004000,0.3118712108892922
1630003034000,0.31631839871716555
1630003064000,0.3124957964050329
1630003094000,0.31212899581795817
1630003124000,0.3130271552825553
1630003154000,0.3129287959158416
1630003184000,0.3166164793897883
1630003214000,0.3133087881635143
1630003244000,0.31268974285714285
1630003274000,0.31374727672413794
1630003304000,0.31269508580134064
1630003334000,0.3123305582424242
1630003364000,0.3124348922746781
1630003394000,0.31106995089561457
1630003424000,0.31326318909981626
1630003454000,0.3125402483200977
1630003484000,0.3117515308968059
1630003514000,0.3117029036991369
1630003544000,0.3125503935723115
1630003574000,0.31244692993939394
1630003604000,0.3123183560398506
1630003634000,0.3127932481276857
1630003664000,0.3113629540640394
1630003694000,0.31223160500308833
1630003724000,0.31187065250773993
1630003754000,0.3112416802424243
1630003784000,0.31230639620253164
1630003814000,0.3063909307279236
1630003844000,0.3127914901863354
1630003874000,0.31090537882855396
1630003904000,0.3160929546511628
1630003934000,0.3122359167781155
1630003964000,0.3139844145654835
1630003994000,0.31251107880268786
1630004024000,0.31111145628448805
1630004054000,0.3131509326678766
1630004084000,0.3176259508971292
1630004114000,0.31582330198795183
1630004144000,0.3130211621084337
1630004174000,0.31366501464771324
1630004204000,0.3130982523867809
1630004234000,0.3165301220086795
1630004264000,0.3139786441337386
1630004294000,0.3121274197071385
1630004324000,0.313230167389994
1630004354000,0.3112115944377267
1630004384000,0.3126614516327788
1630004414000,0.31654102654813
1630004444000,0.3132028929043897
1630004474000,0.31701202916666665
1630004504000,0.3111423053954629
1630004534000,0.3151165430778739
1630004564000,0.3127490273227384
1630004594000,0.3155237993968637
1630004624000,0.3157003496898263
1630004654000,0.31244048151975684
1630004684000,0.3133298217097171
1630004714000,0.3126648761524278
1630004744000,0.3156562293040293
1630004774000,0.3211115218846869
1630004804000,0.3169193119237861
1630004834000,0.31302138421052633
1630004864000,0.3132243956280788
1630004894000,0.31291068657178217
1630004924000,0.3138073821859904
1630004954000,0.3186410183063512
1630004984000,0.31716162714904145
1630005014000,0.31880994905314597
1630005044000,0.3292996266787659
1630005074000,0.3249850665434381
1630005104000,0.3746257714371981
1630005134000,0.3672914425531915
1630005164000,0.37382434524248
1630005194000,0.3745254489143546
1630005224000,0.3738256150931677
1630005254000,0.3267595310679612
1630005284000,0.3123527073006135
1630005314000,0.3133616550945699
1630005344000,0.3169053743351886
1630005374000,0.3135303093220339
1630005404000,0.3215363347264905
1630005434000,0.3139187492601726
1630005464000,0.3189940630692452
1630005494000,0.3136282975390156
1630005524000,0.3134411723587224
1630005554000,0.3123981211526671
1630005584000,0.31569111747394235
1630005614000,0.3110372579736211
1630005644000,0.3133474564516129
1630005674000,0.3206444596996997
1630005704000,0.3128769968636912
1630005734000,0.3150021780797101
1630005764000,0.31858794315789474
1630005794000,0.3173568583536585
1630005824000,0.3129509183281734
1630005854000,0.3150048448192771
1630005884000,0.31587254751861044
1630005914000,0.3140622209375
1630005944000,0.3134483335942204
1630005974000,0.3164848243478261
1630006004000,0.3148193140255009
1630006034000,0.3158595416871921
1630006064000,0.3137411258024692
1630006094000,0.3156626281570997
1630006124000,0.31301701009287924
1630006154000,0.31900234390243903
1630006184000,0.3155076112063687
1630006214000,0.31904720634146344
1630006244000,0.32024856897404197
1630006274000,0.3129641698918269
1630006304000,0.3115226980664653
1630006334000,0.31580279075215784
1630006364000,0.3133769966040024
1630006394000,0.3170950072472594
1630006424000,0.3135450024213075
1630006454000,0.31560817528981083
1630006484000,0.3176142288271605
1630006514000,0.3127400812692545
1630006544000,0.3119414706822373
1630006574000,0.3112880497575757
1630006604000,0.3122655662377451
1630006634000,0.3106844158536585
1630006664000,0.3127273800124533
1630006694000,0.3106630190853659
1630006724000,0.3156357576376005
1630006754000,0.3162879127475248
1630006784000,0.31692452018461537
1630006814000,0.3123757078994614
1630006844000,0.3174043261300309
1630006874000,0.3122483642769608
1630006904000,0.31571484643944003
1630006934000,0.30803281029761903
1630006964000,0.31192012931776275
1630006994000,0.3155759493865031
1630007024000,0.3135862631935882
1630007054000,0.31378022208737866
1630007084000,0.3183713947598253
1630007114000,0.3185085226708074
1630007144000,0.31735983176761434
1630007174000,0.3187614985065339
1630007204000,0.3175453946374162
1630007234000,0.3212292925015366
1630007264000,0.31505564193154034
1630007294000,0.3125073854001222
1630007324000,0.3141192645141451
1630007354000,0.3134964328267477
1630007384000,0.31504154916096955
1630007414000,0.31225595444444443
1630007444000,0.3148314491852746
1630007474000,0.313910833801956
1630007504000,0.31320896170866624
1630007534000,0.3153190641429437
1630007564000,0.3137980684729064
1630007594000,0.3153891395744681
1630007624000,0.31973052297297305
1630007654000,0.31313817793484944
1630007684000,0.31320766021039603
1630007714000,0.318087162252846
1630007744000,0.31634830300798034
1630007774000,0.3129485154130703
1630007804000,0.3127842270807453
1630007834000,0.3152885005511329
1630007864000,0.3127156322127139
1630007894000,0.3113746992722862
1630007924000,0.311427742995755
1630007954000,0.3090550568768769
1630007984000,0.3121444055350553
1630008014000,0.3153167425557565
1630008044000,0.3124431264669927
1630008074000,0.3125742376141205
1630008104000,0.31266006955730746
1630008134000,0.3137101331521739
1630008164000,0.3130126273341524
1630008194000,0.3134502664202095
1630008224000,0.3123128310115082
1630008254000,0.3130156468307692
1630008284000,0.31535578947692305
1630008314000,0.31952870509287
1630008344000,0.31703517386716323
1630008374000,0.3133150505796217
1630008404000,0.31290095595757955
1630008434000,0.31388543706634203
1630008464000,0.3197313288496653
1630008494000,0.3155320577490775
1630008524000,0.3195761607470912
1630008554000,0.3121016580783354
1630008584000,0.317106966873065
1630008614000,0.3181968404059041
1630008644000,0.3155529588271228
1630008674000,0.3118915898366606
1630008704000,0.3153438911042945
1630008734000,0.3138386140186916
1630008764000,0.3151878972067039
1630008794000,0.3157932524360536
1630008824000,0.31700452018348624
1630008854000,0.3176840060136392
1630008884000,0.3162163385326757
1630008914000,0.31492203883735315
1630008944000,0.3147717805538832
1630008974000,0.3116187323943662
1630009004000,0.31831125608433736
1630009034000,0.3124821643685174
1630009064000,0.3164513932881773
1630009094000,0.315929112217471
1630009124000,0.3154963434913017
1630009154000,0.32162302160148976
1630009184000,0.3231210655768044
1630009214000,0.3169779672141119
1630009244000,0.3157730396854204
1630009274000,0.31601795
1630009304000,0.3102326800865801
1630009334000,0.3137446874541004
1630009364000,0.3159531811355311
1630009394000,0.3164873072649573
1630009424000,0.31798387042337506
1630009454000,0.3189673292029888
1630009484000,0.31652241100420925
1630009514000,0.3130875073600973
1630009544000,0.3162567603480423
1630009574000,0.3125061621137206
1630009604000,0.3197851126153846
1630009634000,0.31495085699386505
1630009664000,0.3176027218425869
1630009694000,0.3205083868151716
1630009724000,0.3138028359496705
1630009754000,0.31076117757125155
1630009784000,0.3125881000617284
1630009814000,0.31011627125603863
1630009844000,0.31896369758214504
1630009874000,0.3147339828923077
1630009904000,0.3110520051266213
1630009934000,0.3158099014714899
1630009964000,0.3148475808668731
1630009994000,0.3136558444848485
1630010024000,0.31307094584615386
1630010054000,0.31171939850029995
1630010084000,0.31124682086903305
1630010114000,0.3129676759133127
1630010144000,0.3133421497264437
1630010174000,0.30389143694996984
1630010204000,0.31704309243176176
1630010234000,0.3138338423572744
1630010264000,0.3192059490588949
1630010294000,0.3173770879127726
1630010324000,0.3177360513880321
1630010354000,0.3102974240295749
1630010384000,0.3194446606227106
1630010414000,0.3113333688311689
1630010444000,0.3108780914268218
1630010474000,0.3185332624309392
1630010504000,0.3151264730178242
1630010534000,0.31230607676098737
1630010564000,0.3106975695121951
1630010594000,0.3185472049658597
1630010624000,0.3109897952698605
1630010654000,0.3166943261818182
1630010684000,0.3180202033495737
1630010714000,0.3169570320708613
1630010744000,0.3164298415805471
1630010774000,0.3173631252599388
1630010804000,0.3198284776499091
1630010834000,0.3204168307692308
1630010864000,0.3169095565877353
1630010894000,0.3111549223030303
1630010924000,0.3202493732810615
1630010954000,0.31349989217391305
1630010984000,0.31250643121921184
1630011014000,0.32023882017114913
1630011044000,0.3172914210817455
1630011074000,0.3204706073067633
1630011104000,0.3148152302752293
1630011134000,0.3122022604064039
1630011164000,0.3139886723990208
1630011194000,0.3107155897761645
1630011224000,0.31225147450030283
1630011254000,0.3111610425135298
1630011284000,0.317248612291538
1630011314000,0.3113079135898978
1630011344000,0.31701481265586035
1630011374000,0.317021646496039
1630011404000,0.31510554842424243
1630011434000,0.3133103369259033
1630011464000,0.3116810214067278
1630011494000,0.3120626672222222
1630011524000,0.3127477426586103
1630011554000,0.3111443624464832
1630011584000,0.3102267327741162
1630011614000,0.3123675131076923
1630011644000,0.31098705009118544
1630011674000,0.3171703195402299
1630011704000,0.31959398879518075
1630011734000,0.3149471450909091
1630011764000,0.3155966232643118
1630011794000,0.3128178185410334
1630011824000,0.3189889554621849
1630011854000,0.3220635765287214
1630011884000,0.31347363825503355
1630011914000,0.3135465875381796
1630011944000,0.3130495050183599
1630011974000,0.3129520844417328
1630012004000,0.31301950225472275
1630012034000,0.31743190679012345
1630012064000,0.32118514975669105
1630012094000,0.3202926457555689
1630012124000,0.3177405252915899
1630012154000,0.3157900930864197
1630012184000,0.315193680206436
1630012214000,0.3229193880597015
1630012244000,0.31753659851668725
1630012274000,0.31683613868613136
1630012304000,0.3127166834567901
1630012334000,0.31664541142857144
1630012364000,0.3130871642594859
1630012394000,0.3117002669249106
1630012424000,0.3179885457868649
1630012454000,0.3131955578658537
1630012484000,0.3117742455210238
1630012514000,0.3167982455642728
1630012544000,0.3245326894447834
1630012574000,0.3147005742944785
1630012604000,0.3129366740945365
1630012634000,0.3154471286746988
1630012664000,0.3120371471393035
1630012694000,0.31645791841941506
1630012724000,0.3223573633187773
1630012754000,0.3129315830864198
1630012784000,0.3196212794778385
1630012814000,0.3113348425201738
1630012844000,0.3157684248179612
1630012874000,0.31104592395833336
1630012904000,0.3151067781716418
1630012934000,0.3122340186534898
1630012964000,0.3107216742682927
1630012994000,0.3115764511970534
1630013024000,0.3180676891521197
1630013054000,0.3114486149659864
1630013084000,0.31513933372524755
1630013114000,0.3227575671446384
1630013144000,0.3185157222564735
1630013174000,0.315719633030853
1630013204000,0.3124018372262773
1630013234000,0.3134307929143561
1630013264000,0.3122295003063725
1630013294000,0.31745330911300124
1630013324000,0.3135652980392157
1630013354000,0.3122750112980769
1630013384000,0.31423048806509946
1630013414000,0.31430801911764705
1630013444000,0.3207335549068323
1630013474000,0.31918284760191845
1630013504000,0.31545859743589744
1630013534000,0.31546515622317595
1630013564000,0.31610180766378243
1630013594000,0.31532714832506203
1630013624000,0.32061763503961
1630013654000,0.3178396015921617
1630013684000,0.3151588762224939
1630013714000,0.31282451881067963
1630013744000,0.31066238
1630013774000,0.3136331615902141
1630013804000,0.31846329640682103
1630013834000,0.3140998345057611
1630013864000,0.3165361916002453
1630013894000,0.31162491767955797
1630013924000,0.3186712252296387
1630013954000,0.3161220817354369
1630013984000,0.3157941142335766
1630014014000,0.31686520661006673
1630014044000,0.31023622049727106
1630014074000,0.3137986065391733
1630014104000,0.32297728010948906
1630014134000,0.3180758276007216
1630014164000,0.31384622263450834
1630014194000,0.3191971922794118
1630014224000,0.3123033918504902
1630014254000,0.3156961124012158
1630014284000,0.3124431301042305
1630014314000,0.3118576379685611
1630014344000,0.3167405249388753
1630014374000,0.31076055869829683
1630014404000,0.31204980262836185
1630014434000,0.3150460003103662
1630014464000,0.3172423701219512
1630014494000,0.3162852793776693
1630014524000,0.3169998073377805
1630014554000,0.3125412583032491
1630014584000,0.31342052128315856
1630014614000,0.3128483769704434
1630014644000,0.3097616763997592
1630014674000,0.31217183745387456
1630014704000,0.3195043678395062
1630014734000,0.3137204956261234
1630014764000,0.3160125105166052
1630014794000,0.3172731629584352
1630014824000,0.3124681538179597
1630014854000,0.3106470337446021
1630014884000,0.3139373345274861
1630014914000,0.3167102132716049
1630014944000,0.31359759864364983
1630014974000,0.3178946856272838
1630015004000,0.3167827413473424
1630015034000,0.3140547345619336
1630015064000,0.3123857097394541
1630015094000,0.31650150923076925
1630015124000,0.3130386122512438
1630015154000,0.3137890061097257
1630015184000,0.3196899367057372
1630015214000,0.3173129281117183
1630015244000,0.3164868545454545
1630015274000,0.324012752970297
1630015304000,0.31383083439218085
1630015334000,0.3121145630262355
1630015364000,0.3134164497223936
1630015394000,0.3124132938585608
1630015424000,0.313312981779661
1630015454000,0.3113276950180072
1630015484000,0.3168856275862069
1630015514000,0.3117150612232416
1630015544000,0.32240141463866584
1630015574000,0.3154969319188192
1630015604000,0.30771750286062083
1630015634000,0.3106757459592844
1630015664000,0.3180214775925926
1630015694000,0.3129015896658416
1630015724000,0.3180797645731707
1630015754000,0.3113613559178744
1630015784000,0.311433687244284
1630015814000,0.31560599116192833
1630015844000,0.312450300729927
1630015874000,0.3194360981818182
1630015904000,0.3122609344132029
1630015934000,0.3179749624617269
1630015964000,0.3216986184128952
1630015994000,0.3173264012804878
1630016024000,0.3149035216766467
1630016054000,0.3223146857142857
1630016084000,0.31203656342648844
1630016114000,0.3156263858616505
1630016144000,0.3124279033454988
1630016174000,0.3103195690030212
1630016204000,0.3136332574257425
1630016234000,0.3151588619639528
1630016264000,0.3163759907563025
1630016294000,0.3140742229963009
1630016324000,0.31627840495767834
1630016354000,0.3159417349090909
1630016384000,0.31677543216911763
1630016414000,0.31517639436964506
1630016444000,0.3123439137135922
1630016474000,0.3122073192666253
1630016504000,0.31637130712074296
1630016534000,0.31201403073110284
1630016564000,0.31064960875153
1630016594000,0.3125197745364648
1630016624000,0.3129799181874229
1630016654000,0.3150273305775076
1630016684000,0.3127438482779456
1630016714000,0.31683265627705626
1630016744000,0.31413586988393405
1630016774000,0.3126042614729154
1630016804000,0.3153514396446078
1630016834000,0.31706218925061425
1630016864000,0.31353126765776695
1630016894000,0.31685422027278365
1630016924000,0.3117154260628466
1630016954000,0.31820325300309604
1630016984000,0.32230542851941746
1630017014000,0.31317787779827805
1630017044000,0.3182807500618047
1630017074000,0.3129788893995098
1630017104000,0.3166099909820877
1630017134000,0.3173476146583851
1630017164000,0.31541065104679805
1630017194000,0.3136149129251701
1630017224000,0.3217043547826087
1630017254000,0.31612263395209583
1630017284000,0.3168195693975904
1630017314000,0.3195545622991348
1630017344000,0.31600763286153843
1630017374000,0.31260019691738594
1630017404000,0.3167166102595797
1630017434000,0.32037040228960395
1630017464000,0.3140486298224127
1630017494000,0.3152041179629629
1630017524000,0.31949648528678304
1630017554000,0.31028804389657244
1630017584000,0.31998476
1630017614000,0.3182577522129187
1630017644000,0.3142181404358353
1630017674000,0.3129644194020744
1630017704000,0.3157012042150275
1630017734000,0.3132778773713577
1630017764000,0.3215453490508267
1630017794000,0.32024190593220336
1630017824000,0.3186421546404425
1630017854000,0.3180403453481208
1630017884000,0.31232863957186546
1630017914000,0.3213996767824497
1630017944000,0.31532573042150275
1630017974000,0.3128855290963856
1630018004000,0.3176439198383085
1630018034000,0.30635937952380954
1630018064000,0.31221591862745096
1630018094000,0.31555487259852216
1630018124000,0.3145834161149282
1630018154000,0.3188742195665635
1630018184000,0.3152849765269461
1630018214000,0.3194246135675348
1630018244000,0.3124914743925233
1630018274000,0.3140008701037218
1630018304000,0.3108470377160494
1630018334000,0.3125731034862385
1630018364000,0.3164846391727494
1630018394000,0.31857464778325123
1630018424000,0.3181348024464832
1630018454000,0.3205931714285714
1630018484000,0.31765631898734176
1630018514000,0.31461644714371617
1630018544000,0.3130042759493671
1630018574000,0.3202634528440367
1630018604000,0.3165881097651422
1630018634000,0.3210231956280788
1630018664000,0.3180461227692308
1630018694000,0.3126522763317191
1630018724000,0.3139940752299203
1630018754000,0.317690165870098
1630018784000,0.30702390384615386
1630018814000,0.3114078758641601
1630018844000,0.3172763992583436
1630018874000,0.3129751864864865
1630018904000,0.3131751052727273
1630018934000,0.3195168010416667
1630018964000,0.3127082090573013
1630018994000,0.31259188268156424
1630019024000,0.3128281948638614
1630019054000,0.31133047080024434
1630019084000,0.31254100733048257
1630019114000,0.3134676480769231
1630019144000,0.3146298324012158
1630019174000,0.3231376198780488
1630019204000,0.31487923730350664
1630019234000,0.3132181100184389
1630019264000,0.3134102971899817
1630019294000,0.3161744377575757
1630019324000,0.3132367055147059
1630019354000,0.3151733135365853
1630019384000,0.3112257751686082
1630019414000,0.3130393331501832
1630019444000,0.3122995455219271
1630019474000,0.3162534175320709
1630019504000,0.3129315561064087
1630019534000,0.3134229058605799
1630019564000,0.312381951703163
1630019594000,0.3136558566221142
1630019624000,0.3217080422249539
1630019654000,0.3162902573366215
1630019684000,0.3133574192874693
1630019714000,0.317348982563791
1630019744000,0.3132152444103194
1630019774000,0.3125914929236499
1630019804000,0.3136735070379437
1630019834000,0.315283818727491
1630019864000,0.31331941499074645
1630019894000,0.3148071783866995
1630019924000,0.3119143860109957
1630019954000,0.319296554013277
1630019984000,0.31191384792682925
1630020014000,0.3141306167985393
1630020044000,0.31486529739776953
1630020074000,0.31341409855072466
1630020104000,0.3140490707673569
1630020134000,0.3167008825846154
1630020164000,0.3153546999379653
1630020194000,0.3147324911004209
1630020224000,0.3105630861179361
1630020254000,0.3135721803680981
1630020284000,0.31761476182495346
1630020314000,0.3134556060292327
1630020344000,0.3136856826946848
1630020374000,0.3187205615849969
1630020404000,0.3161347885295912
1630020434000,0.31612913394160586
1630020464000,0.3197441717258262
1630020494000,0.3143451951894167
1630020524000,0.3196514997547517
1630020554000,0.3148178980511571
1630020584000,0.3160324680564071
1630020614000,0.3124995377684964
1630020644000,0.317392523844732
1630020674000,0.3161187995755003
1630020704000,0.31761278090853284
1630020734000,0.3166800477092242
1630020764000,0.31743581642812696
1630020794000,0.3123627412302071
1630020824000,0.311715492540074
1630020854000,0.3198531314044605
1630020884000,0.3159681621489622
1630020914000,0.31743229632972325
1630020944000,0.31575912457420924
1630020974000,0.3123337227548544
1630021004000,0.3131481286859963
1630021034000,0.3206567559363525
1630021064000,0.3202195826113484
1630021094000,0.315951761182206
1630021124000,0.3117353248601616
1630021154000,0.3155509432282004
1630021184000,0.31349599210850804
1630021214000,0.3175959491921005
1630021244000,0.31234222990712074
1630021274000,0.3080993074938575
1630021304000,0.31343588653846155
1630021334000,0.31551006419374616
1630021364000,0.31152862902227724
1630021394000,0.3150367273677737
1630021424000,0.3221735877662812
1630021454000,0.31629539689969605
1630021484000,0.31976846389737323
1630021514000,0.3218579797515528
1630021544000,0.3148203098110908
1630021574000,0.3177645347316471
1630021604000,0.3114562146755609
1630021634000,0.318370984375
1630021664000,0.31224285193939394
1630021694000,0.3232854307930607
1630021724000,0.3146725295012165
1630021754000,0.3216326749241044
1630021784000,0.3153866530736458
1630021814000,0.3192998618839676
1630021844000,0.3220096680074257
1630021874000,0.3126311905380334
1630021904000,0.315921292685925
1630021934000,0.3127832248447205
1630021964000,0.3120906875987842
1630021994000,0.31976847399380803
1630022024000,0.31439517773700304
1630022054000,0.3173756920566502
1630022084000,0.3144460446210269
1630022114000,0.3154770750611247
1630022144000,0.3107950211895911
1630022174000,0.311018053920386
1630022204000,0.3148726659048796
1630022234000,0.314208229125
1630022264000,0.31307567882352944
1630022294000,0.31115335896969704
1630022324000,0.31672241412977564
1630022354000,0.31618823959731546
1630022384000,0.3153485391037446
1630022414000,0.31681137621091354
1630022444000,0.3130586253357753
1630022474000,0.3131551054103344
1630022504000,0.31968072744270204
1630022534000,0.3200129778388278
1630022564000,0.3165868291333743
1630022594000,0.3164865381707317
1630022624000,0.3138225788330229
1630022654000,0.3196083822878229
1630022684000,0.3180171488109393
1630022714000,0.31333597114216283
1630022744000,0.3123920045984059
1630022774000,0.31153475555555554
1630022804000,0.3087730426118945
1630022834000,0.3148402469387755
1630022864000,0.320197943133583
1630022894000,0.3158061552875696
1630022924000,0.3162520526221693
1630022954000,0.32054794978461537
1630022984000,0.32167770225609754
1630023014000,0.3144687238594328
1630023044000,0.3156418767935122
1630023074000,0.3116530806930693
1630023104000,0.3132983501818182
1630023134000,0.3137782828817734
1630023164000,0.3133793534730539
1630023194000,0.3124800321818182
1630023224000,0.3130623156133829
1630023254000,0.3211885268738574
1630023284000,0.3149465624227441
1630023314000,0.31409172261398177
1630023344000,0.312558579169212
1630023374000,0.316755143662826
1630023404000,0.3150775271945979
1630023434000,0.31232765402930396
1630023464000,0.3124786901138406
1630023494000,0.3176927104643963
1630023524000,0.31470639477838497
1630023554000,0.31642808461538463
1630023584000,0.3150863430239705
1630023614000,0.3195277342457421
1630023644000,0.31492654093637457
1630023674000,0.3190460713934929
1630023704000,0.3138030635753508
1630023734000,0.3108606517388652
1630023764000,0.31656348019559905
1630023794000,0.3124858693965517
1630023824000,0.3229352137631742
1630023854000,0.3206994865361077
1630023884000,0.3122344909315238
1630023914000,0.3134487647671569
1630023944000,0.3117423303699284
1630023974000,0.3107687115613826
1630024004000,0.32116097719729564
1630024034000,0.31265282121212123
1630024064000,0.3160986341959335
1630024094000,0.3126329129957291
1630024124000,0.3123573809466019
1630024154000,0.31466300718232043
1630024184000,0.3151408935168196
1630024214000,0.3144104644078144
1630024244000,0.3162990340024331
1630024274000,0.31677071117318434
1630024304000,0.31365876980319796
1630024334000,0.3134588121376812
1630024364000,0.3107206498780488
1630024394000,0.3230139648102815
1630024424000,0.3128778546691404
1630024454000,0.3126419828899637
1630024484000,0.3120789170461539
1630024514000,0.317334516031458
1630024544000,0.3194433339727723
1630024574000,0.3222163518203883
1630024604000,0.3144066692778458
1630024634000,0.3129832034734918
1630024664000,0.31623853349663195
1630024694000,0.3110583686131387
1630024724000,0.3149025114893617
1630024754000,0.31123070067985165
1630024784000,0.3152869532608696
1630024814000,0.31880750790441176
1630024844000,0.3117913060061919
1630024874000,0.3184835627046695
1630024904000,0.31418970733452595
1630024934000,0.3122671245421245
1630024964000,0.31524964984765386
1630024994000,0.3188380887116564
1630025024000,0.3178607504920049
1630025054000,0.31240637791970804
1630025084000,0.3134644052044609
1630025114000,0.3183227019619865
1630025144000,0.31199363774390243
1630025174000,0.3115356492298213
1630025204000,0.31167953871559634
1630025234000,0.3184427379434757
1630025264000,0.31562375208711435
1630025294000,0.3145454327746741
1630025324000,0.32063426261398176
1630025354000,0.3165367599500936
1630025384000,0.3126965613691932
1630025414000,0.31619293620159805
1630025444000,0.317470503546982
1630025474000,0.3176551319435929
1630025504000,0.3120416681652491
1630025534000,0.31295571689272506
1630025564000,0.31490427701219514
1630025594000,0.3119920190300798
1630025624000,0.31130012373493976
1630025654000,0.3114749262583384
1630025684000,0.32020467480362536
1630025714000,0.31580399335748793
1630025744000,0.3142143174129353
1630025774000,0.32138453882850243
1630025804000,0.3137121552567237
1630025834000,0.3150516646191646
1630025864000,0.3121254887730061
1630025894000,0.3184518995163241
1630025924000,0.3171710168704157
1630025954000,0.3152286111517367
1630025984000,0.3161278518518518
1630026014000,0.31415699408138104
1630026044000,0.3114911130488559
1630026074000,0.31690009406060604
1630026104000,0.3206453571604938
1630026134000,0.3174182114794352
1630026164000,0.3108954289424861
1630026194000,0.3134727368742369
1630026224000,0.31191944170731706
1630026254000,0.32155091193939395
1630026284000,0.31636948152439026
1630026314000,0.3129212109036145
1630026344000,0.3164096714025501
1630026374000,0.3117234702836005
1630026404000,0.31846336326405866
1630026434000,0.3121451110974862
1630026464000,0.3193261283882784
1630026494000,0.31195642043662825
1630026524000,0.31279527450617284
1630026554000,0.3119254744512195
1630026584000,0.3192469200241984
1630026614000,0.3119245991965389
1630026644000,0.31459483773006136
1630026674000,0.3141110666871166
1630026704000,0.3207683546788991
1630026734000,0.3179459633663366
1630026764000,0.31659064221136224
1630026794000,0.3215736309392265
1630026824000,0.3150741025516404
1630026854000,0.3183414739183425
1630026884000,0.3154091768803945
1630026914000,0.3149560386266094
1630026944000,0.31534996632468315
1630026974000,0.31167435562461154
1630027004000,0.3156903106552358
1630027034000,0.3119962787953288
1630027064000,0.3165693432498473
1630027094000,0.31183914268366725
1630027124000,0.3196054921921922
1630027154000,0.31791975709068776
1630027184000,0.3110866114163614
1630027214000,0.3120336799022602
1630027244000,0.3160075015892421
1630027274000,0.3162792532365396
1630027304000,0.3203465732593962
1630027334000,0.3160735666053921
1630027364000,0.3199107454655381
1630027394000,0.3146966499071208
1630027424000,0.3172967402200489
1630027454000,0.3122231101715686
1630027484000,0.3160237871143376
1630027514000,0.3146112393643032
1630027544000,0.3120493098676293
1630027574000,0.30677820878136197
1630027604000,0.3132265054945055
1630027634000,0.3175366948874011
1630027664000,0.3126008422604423
1630027694000,0.3121366789047915
1630027724000,0.3124378071735132
1630027754000,0.3145674896467722
1630027784000,0.31713021975903616
1630027814000,0.3170720764851485
1630027844000,0.3188901721534653
1630027874000,0.3156880564613527
1630027904000,0.3191583766625616
1630027934000,0.31311564606133496
1630027964000,0.31107251760000004
1630027994000,0.32214230924678505
1630028024000,0.31283414033613444
1630028054000,0.3129185390214067
1630028084000,0.3120524581663631
1630028114000,0.31533909767014096
1630028144000,0.31310871996314504
1630028174000,0.3164377960927961
1630028204000,0.3213163845682793
1630028234000,0.31264548444309925
1630028264000,0.3129643760172626
1630028294000,0.31457038542183624
1630028324000,0.3127651236809816
1630028354000,0.311207323410758
1630028384000,0.3129925583790372
1630028414000,0.3167764066914498
1630028444000,0.3164202599755202
1630028474000,0.31582766023284314
1630028504000,0.3188566347127857
1630028534000,0.31524879264255057
1630028564000,0.3131694839393939
1630028594000,0.312301073070018
1630028624000,0.3130052908433735
1630028654000,0.31663871871525634
1630028684000,0.316202493135436
1630028714000,0.31300432784653465
1630028744000,0.31769122611940304
1630028774000,0.3156163178615575
1630028804000,0.3149306067354369
1630028834000,0.3114567311782477
1630028864000,0.32037179882498457
1630028894000,0.3136338503636364
1630028924000,0.3127584595386534
1630028954000,0.3111942103406326
1630028984000,0.31817443996350364
1630029014000,0.31349862271062273
1630029044000,0.3188300482993197
1630029074000,0.3133624798329356
1630029104000,0.3098234512462006
1630029134000,0.32119458558110625
1630029164000,0.3140302878899083
1630029194000,0.3172105971945137
1630029224000,0.3120621833739342
1630029254000,0.3164612301167793
1630029284000,0.3162257607142857
1630029314000,0.3147825165644172
1630029344000,0.31229938381538463
1630029374000,0.3122372965391621
1630029404000,0.3156195950789793
1630029434000,0.3126482209476309
1630029464000,0.3155534930246914
1630029494000,0.3174529620902907
1630029524000,0.31258580212895376
1630029554000,0.31992520343558284
1630029584000,0.3182063788156288
1630029614000,0.31651926326405866
1630029644000,0.3133520189239332
1630029674000,0.31683926904191617
1630029704000,0.3165016302001213
1630029734000,0.3165402717271051
1630029764000,0.3153344150426309
1630029794000,0.3130786664169788
1630029824000,0.3163611841260037
1630029854000,0.3115607129305136
1630029884000,0.32075989547123623
1630029914000,0.32033670845498785
1630029944000,0.3156798881884945
1630029974000,0.3169588240751971
1630030004000,0.313738460291439
1630030034000,0.3161484477244773
1630030064000,0.3121026361077112
1630030094000,0.3206306116376725
1630030124000,0.31138134449848026
1630030154000,0.3135516922789539
1630030184000,0.3135329109124538
1630030214000,0.3160241568306011
1630030244000,0.31074741976600984
1630030274000,0.3159580885276074
1630030304000,0.3136148271446079
1630030334000,0.3175699794135614
1630030364000,0.3121815640586797
1630030394000,0.3134950378078818
1630030424000,0.3140761831405965
1630030454000,0.31461862849298355
1630030484000,0.3123310971076923
1630030514000,0.3122710928528165
1630030544000,0.31407559938537183
1630030574000,0.3171679523692308
1630030604000,0.3133097519559902
1630030634000,0.3129441684990735
1630030664000,0.3197603065176909
1630030694000,0.3165381131948687
1630030724000,0.313005598068799
1630030754000,0.31386649443099274
1630030784000,0.3130890797780518
1630030814000,0.3125041453538461
1630030844000,0.3122155036285363
1630030874000,0.3172045714111179
1630030904000,0.3135956672771673
1630030934000,0.3168143097135741
1630030964000,0.31080144038106944
1630030994000,0.32022268300370826
1630031024000,0.3147364359627329
1630031054000,0.3169376684923077
1630031084000,0.315473718983466
1630031114000,0.313114719378882
1630031144000,0.3118615129404617
1630031174000,0.31011892383004924
1630031204000,0.314539377289604
1630031234000,0.32278560341402857
1630031264000,0.3151838176792224
1630031294000,0.3124509116192831
1630031324000,0.3122297909313725
1630031354000,0.3207580400243309
1630031384000,0.3178402030321407
1630031414000,0.3149266991336634
1630031444000,0.3133168991426822
1630031474000,0.3172038204379562
1630031504000,0.3163842439281289
1630031534000,0.31180764847001224
1630031564000,0.313585954601227
1630031594000,0.3155397328304164
1630031624000,0.3178088391465677
1630031654000,0.3165409921544961
1630031684000,0.31699679814471243
1630031714000,0.3203851096597813
1630031744000,0.3117797758599509
1630031774000,0.3147591771876886
1630031804000,0.317272451992528
1630031834000,0.312927625452277
1630031864000,0.3191955627255756
1630031894000,0.3176619832733813
1630031924000,0.316513273126935
1630031954000,0.3157413343478261
1630031984000,0.315969822
1630032014000,0.3155878335188621
1630032044000,0.31570856388206386
1630032074000,0.3156604137802607
1630032104000,0.3137594854489164
1630032134000,0.3160610603658537
1630032164000,0.31318081928965097
1630032194000,0.3174096274557657
1630032224000,0.3137685323762981
1630032254000,0.31545873219094245
1630032284000,0.3173473052211302
1630032314000,0.3144099246737841
1630032344000,0.3132925503717472
1630032374000,0.3148647278869779
1630032404000,0.31586615830778664
1630032434000,0.31691575079462103
1630032464000,0.31579431040640393
1630032494000,0.3178652956521739
1630032524000,0.3166089343577136
1630032554000,0.3146801950998185
1630032584000,0.3137108971796444
1630032614000,0.3131977353799392
1630032644000,0.31213063288590603
1630032674000,0.3184193451652387
1630032704000,0.3180668761056511
1630032734000,0.31490204404617256
1630032764000,0.3135182191358025
1630032794000,0.31442801
1630032824000,0.3160359481234867
1630032854000,0.3118702938294011
1630032884000,0.3110911047531993
1630032914000,0.32296147894080995
1630032944000,0.3155835154511743
1630032974000,0.3149855462484625
1630033004000,0.3168008652039555
1630033034000,0.3124796458590853
1630033064000,0.3157471782689913
1630033094000,0.3167487345552885
1630033124000,0.3107964084652862
1630033154000,0.3126915624387255
1630033184000,0.31779407691373024
1630033214000,0.32103320698101656
1630033244000,0.3151177036019536
1630033274000,0.31445647672839505
1630033304000,0.3124359669099757
1630033334000,0.3110500468999386
1630033364000,0.31353257004297114
1630033394000,0.3130505314814815
1630033424000,0.3120125114002478
1630033454000,0.3161435027295285
1630033484000,0.3130119651176825
1630033514000,0.3120664804923077
1630033544000,0.31767591719233146
1630033574000,0.31603511150550795
1630033604000,0.3114019743558282
1630033634000,0.3167246134319162
1630033664000,0.31292150402193786
1630033694000,0.3168242429607251
1630033724000,0.3126127660012099
1630033754000,0.3184034145409735
1630033784000,0.3137247024154589
1630033814000,0.3141833842813456
1630033844000,0.3191657562115621
1630033874000,0.31822399299442033
1630033904000,0.32024741084411584
1630033934000,0.3173750405388855
1630033964000,0.3103592941176471
1630033994000,0.3158569816113161
1630034024000,0.3192030867798666
1630034054000,0.31566536007439555
1630034084000,0.3189020615573268
1630034114000,0.3150993596597813
1630034144000,0.3148885482882883
1630034174000,0.3142927357798165
1630034204000,0.3152999299938913
1630034234000,0.31536555320823245
1630034264000,0.31698682699088143
1630034294000,0.3127343980887793
1630034324000,0.310229243803681
1630034354000,0.3159935995148575
1630034384000,0.3192325976586568
1630034414000,0.31849009450213805
1630034444000,0.3126871115431349
1630034474000,0.3134290527965581
1630034504000,0.31252520467117395
1630034534000,0.3168562345939244
1630034564000,0.31433976454601603
1630034594000,0.3119532871966019
1630034624000,0.31195458871067244
1630034654000,0.3123132948107448
1630034684000,0.3107728338181818
1630034714000,0.3172735943279901
1630034744000,0.3155523832515337
1630034774000,0.3164247367601246
1630034804000,0.31916869826347305
1630034834000,0.3176943791817088
1630034864000,0.31232697679900745
1630034894000,0.31536385572380377
1630034924000,0.31539561334141897
1630034954000,0.3169701922982885
1630034984000,0.31348706268382354
1630035014000,0.3114497793814433
1630035044000,0.3103158109057301
1630035074000,0.3139774868644068
1630035104000,0.3140285037758831
1630035134000,0.3116937285450061
1630035164000,0.3157903526187576
1630035194000,0.31411621955069824
1630035224000,0.3166927921556517
1630035254000,0.3112636153982301
1630035284000,0.31672005966952266
1630035314000,0.31302592903614457
1630035344000,0.3122112665036675
1630035374000,0.3125844546798029
1630035404000,0.31552876280223185
1630035434000,0.3108046822800496
1630035464000,0.31193821647274955
1630035494000,0.3123709323476161
1630035524000,0.3147461548229548
1630035554000,0.3101548301411909
1630035584000,0.31615628406862745
1630035614000,0.3135098984975961
1630035644000,0.3175509127906977
1630035674000,0.31560630603864737
1630035704000,0.3168187981120585
1630035734000,0.31532383529765484
1630035764000,0.3125530987585351
1630035794000,0.31525351368680643
1630035824000,0.3153503995095034
1630035854000,0.31938216076732673
1630035884000,0.3111388303945746
1630035914000,0.3137859061605476
1630035944000,0.3120878314164649
1630035974000,0.3114927262832406
1630036004000,0.3228074915475451
1630036034000,0.31357248583638586
1630036064000,0.31313398457802066
1630036094000,0.3168814473716381
1630036124000,0.31467197768240346
1630036154000,0.3121774923404255
1630036184000,0.3145968789702233
1630036214000,0.31306108582043346
1630036244000,0.3105975431818182
1630036274000,0.312897135519802
1630036304000,0.31624073894289184
1630036334000,0.31063820297510625
1630036364000,0.317311696076027
1630036394000,0.31256574156327543
1630036424000,0.31903866874236875
1630036454000,0.31429678103030295
1630036484000,0.31770579816063765
1630036514000,0.31528897495373226
1630036544000,0.3127357204559458
1630036574000,0.3123948832202344
1630036604000,0.3149674485448916
1630036634000,0.31617066359756096
1630036664000,0.31675863280584304
1630036694000,0.31903084401709403
1630036724000,0.31641986448655257
1630036754000,0.31774246660447764
1630036784000,0.3150461265382225
1630036814000,0.3152332147186147
1630036844000,0.31176131218616043
1630036874000,0.3164151509609424
1630036904000,0.317310012987013
1630036934000,0.31512575193003617
1630036964000,0.31395879888129274
1630036994000,0.3198799708923077
1630037024000,0.32010836555285543
1630037054000,0.3177769982758621
1630037084000,0.3136987700729927
1630037114000,0.3161042381595092
1630037144000,0.31245672701043586
1630037174000,0.3176812446821516
1630037204000,0.31213702851089586
1630037234000,0.31710276737674986
1630037264000,0.32028055665844635
1630037294000,0.3154294414514145
1630037324000,0.3139911583636364
1630037354000,0.3152784553979025
1630037384000,0.3128910163914373
1630037414000,0.3123456302109181
1630037444000,0.3155349144083384
1630037474000,0.3108662589049338
1630037504000,0.3135054150710315
1630037534000,0.31271931900977995
1630037564000,0.3132179185617701
1630037594000,0.3155360901159243
1630037624000,0.3116682940461725
1630037654000,0.31261245372860635
1630037684000,0.3130589678398058
1630037714000,0.3190768474565757
1630037744000,0.3104774439755352
1630037774000,0.3149557160501193
1630037804000,0.3186725119904077
1630037834000,0.31597673158867
1630037864000,0.3123812465393795
1630037894000,0.3143086498787879
1630037924000,0.3139525201330109
1630037954000,0.3184062744342508
1630037984000,0.31337086796296304
1630038014000,0.31094987933130697
1630038044000,0.316718041682243
1630038074000,0.3221804308484849
1630038104000,0.3222011463848039
1630038134000,0.31741218833535845
1630038164000,0.3141267918478261
1630038194000,0.31725225192546586
1630038224000,0.3185685758830694
1630038254000,0.3172808149909693
1630038284000,0.3158036630636195
1630038314000,0.31410051615853657
1630038344000,0.31264333572732805
1630038374000,0.3118667435128519
1630038404000,0.3172924962158809
1630038434000,0.31266735470879803
1630038464000,0.3156454344806392
1630038494000,0.3135298901699029
1630038524000,0.3153930214901478
1630038554000,0.31614767000607163
1630038584000,0.3122411057540884
1630038614000,0.31387277538651825
1630038644000,0.3142956779754601
1630038674000,0.31418424684082624
1630038704000,0.3176469634555625
1630038734000,0.3142346085433313
1630038764000,0.3124835333939394
1630038794000,0.3120288194275274
1630038824000,0.3130107457616708
1630038854000,0.3255185118389423
1630038884000,0.3120300527250459
1630038914000,0.31278676761329305
1630038944000,0.3128688232415902
1630038974000,0.31051297032101755
1630039004000,0.3157217070293398
1630039034000,0.31329910342927125
1630039064000,0.3119207040391677
1630039094000,0.3112821127672572
1630039124000,0.31429422979242977
1630039154000,0.31665650461538464
1630039184000,0.3122004428571429
1630039214000,0.31390086045934196
1630039244000,0.3164471252302026
1630039274000,0.3230853105459057
1630039304000,0.31950481023766
1630039334000,0.3207358943602183
1630039364000,0.3204904092896175
1630039394000,0.3149247533697632
1630039424000,0.31591577383685804
1630039454000,0.3208255335980452
1630039484000,0.3126015295220811
1630039514000,0.3167778920644391
1630039544000,0.3121057561155501
1630039574000,0.3109319010856453
1630039604000,0.312206419415703
1630039634000,0.31608326354740063
1630039664000,0.3129959176034589
1630039694000,0.31991683280584304
1630039724000,0.31680046250760807
1630039754000,0.3132588634697618
1630039784000,0.31022410719512195
1630039814000,0.31390271675943104
1630039844000,0.31408578098122353
1630039874000,0.3124215049049663
1630039904000,0.3168900135151515
1630039934000,0.3174117552567237
1630039964000,0.313684382447466
1630039994000,0.3126272942909761
1630040024000,0.31291391021039605
1630040054000,0.3137914993309002
1630040084000,0.3125393738066096
1630040114000,0.3112210781497261
1630040144000,0.31249203325092706
1630040174000,0.3126119584
1630040204000,0.3147690367017979
1630040234000,0.3163239263354037
1630040264000,0.3116773369259033
1630040294000,0.31165268557692305
1630040324000,0.31788310785149115
1630040354000,0.3126368238503985
1630040384000,0.31053846717049577
1630040414000,0.3128732906559406
1630040444000,0.3177328358595194
1630040474000,0.3117614784159613
1630040504000,0.3126500266221953
1630040534000,0.3146150569667078
1630040564000,0.3171373316425121
1630040594000,0.3115651520564764
1630040624000,0.32095781764705883
1630040654000,0.315862040135635
1630040684000,0.31702737714109674
1630040714000,0.3158594971445929
1630040744000,0.3204522753424657
1630040774000,0.3243829376969697
1630040804000,0.3125141380716934
1630040834000,0.3155907903834449
1630040864000,0.3138918471341464
1630040894000,0.31344975254445123
1630040924000,0.3176523373860182
1630040954000,0.3165859142942943
1630040984000,0.3209050710144927
1630041014000,0.31558730898533005
1630041044000,0.3181438056063376
1630041074000,0.31616720189718484
1630041104000,0.3114776423029557
1630041134000,0.3104116253640777
1630041164000,0.3158388468940317
1630041194000,0.3128601752427184
1630041224000,0.3162146221886336
1630041254000,0.3112299795289855
1630041284000,0.3177353205318491
1630041314000,0.31785780942598185
1630041344000,0.3161195790569504
1630041374000,0.31265862152133583
1630041404000,0.3155964039156626
1630041434000,0.31276949083541145
1630041464000,0.31667512924297925
1630041494000,0.3124419239684466
1630041524000,0.3174134502132846
1630041554000,0.3122199728844966
1630041584000,0.31264065856524426
1630041614000,0.3156763670035672
1630041644000,0.31196895377942996
1630041674000,0.3140751
1630041704000,0.3116895028360049
1630041734000,0.3180941273947529
1630041764000,0.3133932811576355
1630041794000,0.3136457957472661
1630041824000,0.31308462600000003
1630041854000,0.31698080061538464
1630041884000,0.3193985096534653
1630041914000,0.3171016729241877
1630041944000,0.31332524552647595
1630041974000,0.313042729130967
1630042004000,0.31682784199999997
1630042034000,0.3144155771411339
1630042064000,0.3187164698898409
1630042094000,0.3160246922093731
1630042124000,0.3205975680682511
1630042154000,0.31689170403669725
1630042184000,0.31730244170761673
1630042214000,0.3203354314984709
1630042244000,0.3117305827234553
1630042274000,0.3113201607425441
1630042304000,0.3151668590133983
1630042334000,0.31229699655808235
1630042364000,0.32315905713414633
1630042394000,0.3177977221484611
1630042424000,0.31862804920049204
1630042454000,0.31267419500601684
1630042484000,0.31313352830994506
1630042514000,0.318312128021978
1630042544000,0.3146355710206561
1630042574000,0.31281286792569657
1630042604000,0.3133095812007277
1630042634000,0.3193523813839559
1630042664000,0.3134230258524489
1630042694000,0.3135444603900061
1630042724000,0.3099086730350665
1630042754000,0.3137629063530849
1630042784000,0.3186794468557337
1630042814000,0.31608229380368097
1630042844000,0.32036608072727274
1630042874000,0.3221592514251061
1630042904000,0.31524081223602485
1630042934000,0.3137164661202186
1630042964000,0.3203591232645404
1630042994000,0.3136249843388178
1630043024000,0.31401403770186337
1630043054000,0.3120435608695652
1630043084000,0.3119869992009834
1630043114000,0.3149183967344424
1630043144000,0.32149785169857936
1630043174000,0.31756806427255985
1630043204000,0.316898149235474
1630043234000,0.3162915182037372
1630043264000,0.31324102111111113
1630043294000,0.3119169579268293
1630043324000,0.3165491255828221
1630043354000,0.3152320213510253
1630043384000,0.30619367872340425
1630043414000,0.3149843751665657
1630043444000,0.31257419643073203
1630043474000,0.31168759964007203
1630043504000,0.3117084982673267
1630043534000,0.31713169084204057
1630043564000,0.3122236482009926
1630043594000,0.311206682035561
1630043624000,0.3116502022811344
1630043654000,0.3117012581381011
1630043684000,0.3132076124618204
1630043714000,0.3137333755201958
1630043744000,0.32053632542682925
1630043774000,0.3090665500611247
1630043804000,0.31745838443893365
1630043834000,0.3178210198073449
1630043864000,0.3230575059153176
1630043894000,0.3154863379901961
1630043924000,0.31433765852031537
1630043954000,0.31761937186335404
1630043984000,0.3141213360098826
1630044014000,0.3128421439039409
1630044044000,0.3121827933051869
1630044074000,0.3126727073984233
1630044104000,0.3132237359449761
1630044134000,0.3166361851102941
1630044164000,0.3161216839087546
1630044194000,0.3140249632092739
1630044224000,0.3124417114143921
1630044254000,0.3133848488929889
1630044284000,0.32006511222627737
1630044314000,0.3126901182151589
1630044344000,0.3155671291970803
1630044374000,0.31473840151975685
1630044404000,0.3134125619163129
1630044434000,0.31543298054711244
1630044464000,0.3115804934405941
1630044494000,0.2479175441789216
1630044524000,0.3139973625
1630044554000,0.3119856026022305
1630044584000,0.3106807125153374
1630044614000,0.3130501059891107
1630044644000,0.317409667973462
1630044674000,0.3197407807344973
1630044704000,0.3133265623947052
1630044734000,0.3168504373573573
1630044764000,0.3225906273619632
1630044794000,0.3170763176613885
1630044824000,0.3158141359223301
1630044854000,0.3116753756323257
1630044884000,0.3151998394688079
1630044914000,0.3123804347692308
1630044944000,0.3154625828021648
1630044974000,0.3165066347153465
1630045004000,0.3120566521498772
1630045034000,0.31251973557632395
1630045064000,0.31523603614678897
1630045094000,0.3123556203589109
1630045124000,0.3150040765803733
1630045154000,0.31470743152039554
1630045184000,0.3183059862697448
1630045214000,0.31958118137676705
1630045244000,0.31841457667478684
1630045274000,0.31727071720098643
1630045304000,0.3240611785321101
1630045334000,0.31328356799037305
1630045364000,0.31439157542892154
1630045394000,0.3171558082007344
1630045424000,0.3145622578915663
1630045454000,0.31578733600244496
1630045484000,0.31468236566153845
1630045514000,0.3167897533704391
1630045544000,0.3129774928659287
1630045574000,0.3144228961212121
1630045604000,0.3112880762370189
1630045634000,0.3143823379692308
1630045664000,0.32042997808716706
1630045694000,0.3137494688303735
1630045724000,0.3140346359176257
1630045754000,0.31320878635525506
1630045784000,0.3150540369184289
1630045814000,0.3118111543451653
1630045844000,0.3152099645259939
1630045874000,0.3080308603174603
1630045904000,0.3152712323038913
1630045934000,0.31355761282360023
1630045964000,0.3166478878078818
1630045994000,0.313091130726601
1630046024000,0.3161935690260133
1630046054000,0.3127712609045849
1630046084000,0.3118399786777844
1630046114000,0.31603310989486705
1630046144000,0.3124605067985167
1630046174000,0.3100270059876543
1630046204000,0.3148617531173594
1630046234000,0.3169552469633193
1630046264000,0.31234459594185343
1630046294000,0.3102259787286064
1630046324000,0.316094152755418
1630046354000,0.3135263954572986
1630046384000,0.31396896279635256
1630046414000,0.3116285395948435
1630046444000,0.31560825185873603
1630046474000,0.31607626857142856
1630046504000,0.30897176509661833
1630046534000,0.3105903101157831
1630046564000,0.3134685845348121
1630046594000,0.3195961144704433
1630046624000,0.32121135380499405
1630046654000,0.3161829611721612
1630046684000,0.31747827614960145
1630046714000,0.3213384354779412
1630046744000,0.3129022056097561
1630046774000,0.31268381418960245
1630046804000,0.3163469973365617
1630046834000,0.3172975791053921
1630046864000,0.31635209927754365
1630046894000,0.31056095512820514
1630046924000,0.3174710002398082
1630046954000,0.31225177510809143
1630046984000,0.31534300255164033
1630047014000,0.31091259205175603
1630047044000,0.3182795837507636
1630047074000,0.3150250426551936
1630047104000,0.3124632291718171
1630047134000,0.3191468952905199
1630047164000,0.31300164517704515
1630047194000,0.3114686077303649
1630047224000,0.3149227995803357
1630047254000,0.3140321009213759
1630047284000,0.31705708001211386
1630047314000,0.3133454395604396
1630047344000,0.3156268521765788
1630047374000,0.31317615711656444
1630047404000,0.3131665194085028
1630047434000,0.3215113082474227
1630047464000,0.3168809172036474
1630047494000,0.3143371736552567
1630047524000,0.313176175862069
1630047554000,0.3134678836431227
1630047584000,0.3194016666463042
1630047614000,0.3156971985898222
1630047644000,0.31755331540841586
1630047674000,0.3154428686153846
1630047704000,0.3133805643685174
1630047734000,0.3125102423913044
1630047764000,0.3107549112195122
1630047794000,0.3160170207800122
1630047824000,0.3150114396009673
1630047854000,0.3136780977314531
1630047884000,0.3134356987068965
1630047914000,0.31283468216482163
1630047944000,0.3137048244143033
1630047974000,0.311620654617737
1630048004000,0.31153621367837336
1630048034000,0.3133802687198068
1630048064000,0.31670353099631
1630048094000,0.31850232224242425
1630048124000,0.3134847575956938
1630048154000,0.3131763617574257
1630048184000,0.3093315965538462
1630048214000,0.3153224037538462
1630048244000,0.31386941671695834
1630048274000,0.3160532830498177
1630048304000,0.3122843122522522
1630048334000,0.3119769823637477
1630048364000,0.31927184334554337
1630048394000,0.313473858539604
1630048424000,0.31142287538651825
1630048454000,0.3171363600370599
1630048484000,0.317124388210399
1630048514000,0.31543424082007343
1630048544000,0.3188160103022825
1630048574000,0.3145660457453229
1630048604000,0.3157937118008605
1630048634000,0.31199092853673344
1630048664000,0.3151968971218616
1630048694000,0.3174100236284289
1630048724000,0.31989785341959337
1630048754000,0.3140215237888199
1630048784000,0.3133788474351237
1630048814000,0.3169831500309215
1630048844000,0.3148790952205882
1630048874000,0.3097802330699088
1630048904000,0.31610359239263797
1630048934000,0.31501823865853656
1630048964000,0.31469347185592184
1630048994000,0.3160692862888483
1630049024000,0.3145706606428138
1630049054000,0.3111354960784314
1630049084000,0.3165249782555283
1630049114000,0.3157528675577157
1630049144000,0.3186367035824583
1630049174000,0.31271956878862794
1630049204000,0.3145366838171711
1630049234000,0.3142618352328431
1630049264000,0.3134759883807169
1630049294000,0.3177884460510328
1630049324000,0.3124493718258767
1630049354000,0.3127820641404806
1630049384000,0.3158516396203307
1630049414000,0.31153757898952555
1630049444000,0.31039284412128715
1630049474000,0.3159466692961165
1630049504000,0.3123764873015873
1630049534000,0.3196737308859223
1630049564000,0.3152105456388206
1630049594000,0.3113999521472393
1630049624000,0.319876515933044
1630049654000,0.320313163781461
1630049684000,0.3211978748777506
1630049714000,0.3126880485591661
1630049744000,0.3122077692496925
1630049774000,0.31567145102040817
1630049804000,0.3171595347230865
1630049834000,0.3114628167077682
1630049864000,0.3189599486682809
1630049894000,0.3126686678527608
1630049924000,0.3192507144840073
1630049954000,0.3130115984774665
1630049984000,0.32146842410604193
1630050014000,0.3180174999378496
1630050044000,0.3171932652820831
1630050074000,0.3162622847706422
1630050104000,0.31587574336609336
1630050134000,0.3122625726600985
1630050164000,0.3131917237195122
1630050194000,0.3159322168087698
1630050224000,0.3124187975339088
1630050254000,0.3131034806134969
1630050284000,0.3119488488414634
1630050314000,0.3125587257668712
1630050344000,0.31265142789569433
1630050374000,0.3128623574455206
1630050404000,0.3222121507380073
1630050434000,0.31876832458410354
1630050464000,0.31186287023882425
1630050494000,0.3115142125301205
1630050524000,0.3132300671875
1630050554000,0.31668796952789696
1630050584000,0.3130321316401469
1630050614000,0.31363702112068964
1630050644000,0.3179133249539029
1630050674000,0.3116314759101942
1630050704000,0.316112129161529
1630050734000,0.31363965237515223
1630050764000,0.31745959631675874
1630050794000,0.3189285788473329
1630050824000,0.3158318422936893
1630050854000,0.3180409950495049
1630050884000,0.3165670996947497
1630050914000,0.31446485015160697
1630050944000,0.32055472162661736
1630050974000,0.31771915206153845
1630051004000,0.3196287706495098
1630051034000,0.3164980093137255
1630051064000,0.3173687061425061
1630051094000,0.3152068711327649
1630051124000,0.31584766496039
1630051154000,0.3143724240898058
1630051184000,0.31955856788592685
1630051214000,0.3166178036652413
1630051244000,0.3104205845917741
1630051274000,0.3130551904528764
1630051304000,0.3194593615337423
1630051334000,0.3162187776420281
1630051364000,0.32221543345454545
1630051394000,0.3130267116923077
1630051424000,0.3232022626081582
1630051454000,0.31231873235653235
1630051484000,0.3202344643776824
1630051514000,0.3158677805369128
1630051544000,0.3149266041205412
1630051574000,0.3129685377209019
1630051604000,0.3210912946593002
1630051634000,0.3114993216882317
1630051664000,0.31259544423312885
1630051694000,0.31276888114602586
1630051724000,0.3134488288902666
1630051754000,0.31356225590214065
1630051784000,0.3118760570536829
1630051814000,0.3149298336391437
1630051844000,0.315651489854192
1630051874000,0.3161584512774807
1630051904000,0.3112407174739424
1630051934000,0.3176920215818516
1630051964000,0.3160453687727825
1630051994000,0.3123607158671587
1630052024000,0.3168320319852941
1630052054000,0.3110305123404256
1630052084000,0.317541586329588
1630052114000,0.3162001097859327
1630052144000,0.31722533802211306
1630052174000,0.31822217070645553
1630052204000,0.31627669602689484
1630052234000,0.31616820829721365
1630052264000,0.3159230927205429
1630052294000,0.3180433705049261
1630052324000,0.3212707131840796
1630052354000,0.31290220595382745
1630052384000,0.3211205382807669
1630052414000,0.3181800876611418
1630052444000,0.3133810855727554
1630052474000,0.3185486652173913
1630052504000,0.3160851141370869
1630052534000,0.3161184532110092
1630052564000,0.3172446136725935
1630052594000,0.3174639694290976
1630052624000,0.3135135985347985
1630052654000,0.31205482546468394
1630052684000,0.3122917632352941
1630052714000,0.3144230511854103
1630052744000,0.3135878710640946
1630052774000,0.310367572520908
1630052804000,0.31779722807125305
1630052834000,0.3153762766423357
1630052864000,0.3199523855369336
1630052894000,0.31388850035671817
1630052924000,0.3140296228694053
1630052954000,0.3157578095907147
1630052984000,0.31393693435394976
1630053014000,0.3152104813868613
1630053044000,0.3198481166965889
1630053074000,0.31922493285979
1630053104000,0.31503689884287456
1630053134000,0.31517926059295864
1630053164000,0.3223872873703478
1630053194000,0.31189587561425064
1630053224000,0.31587342226993864
1630053254000,0.31552867815741303
1630053284000,0.3129958929586164
1630053314000,0.3130017319756839
1630053344000,0.31737745497543
1630053374000,0.312378441242236
1630053404000,0.3178245768715764
1630053434000,0.31495244352300245
1630053464000,0.31616138734718824
1630053494000,0.3132036996930632
1630053524000,0.31678203892251816
1630053554000,0.3172524441158721
1630053584000,0.31411535224159404
1630053614000,0.3119793369363805
1630053644000,0.31329723263546805
1630053674000,0.3157227525139665
1630053704000,0.31557003555967844
1630053734000,0.31108841174661744
1630053764000,0.3175760275585697
1630053794000,0.3140924247422681
1630053824000,0.3154927626400996
1630053854000,0.319318545845786
1630053884000,0.31899652941896023
1630053914000,0.3145683847478475
1630053944000,0.3176971705198777
1630053974000,0.31428102191697194
1630054004000,0.3222542247108947
1630054034000,0.3128574034585569
1630054064000,0.3105850444987775
1630054094000,0.3140351312652068
1630054124000,0.3127703547826087
1630054154000,0.3135979589774802
1630054184000,0.3089201466183575
1630054214000,0.3122575324274243
1630054244000,0.3124153533534743
1630054274000,0.31190550951219514
1630054304000,0.3161642870324189
1630054334000,0.31718029999999997
1630054364000,0.31121950653869224
1630054394000,0.31958587381392484
1630054424000,0.3148772531326781
1630054454000,0.32003374573690624
1630054484000,0.32140790861127955
1630054514000,0.31347959457978075
1630054544000,0.3164201584963325
1630054574000,0.3170725404176904
1630054604000,0.31303612663438257
1630054634000,0.3188602364756624
1630054664000,0.3134580773333333
1630054694000,0.3122009793544458
1630054724000,0.31097443236539624
1630054754000,0.3172461938106796
1630054784000,0.3111495849230769
1630054814000,0.32031067860234996
1630054844000,0.32247494750911304
1630054874000,0.3207112555149299
1630054904000,0.3127891272449603
1630054934000,0.3124852958308157
1630054964000,0.31138965926605505
1630054994000,0.31749125294840297
1630055024000,0.3148298920481928
1630055054000,0.3142860155057541
1630055084000,0.31516905151702784
1630055114000,0.3148045193668529
1630055144000,0.32339075023837904
1630055174000,0.31449571873074555
1630055204000,0.31463078610086104
1630055234000,0.31741421905648665
1630055264000,0.3158201385556916
1630055294000,0.3135908456322541
1630055324000,0.31224071053936764
1630055354000,0.3106704557623049
1630055384000,0.3157146037104623
1630055414000,0.3145052095238095
1630055444000,0.3117190485257985
1630055474000,0.31597383916256155
1630055504000,0.31488961270136306
1630055534000,0.3138413534610631
1630055564000,0.3132119173939394
1630055594000,0.3139369997557997
1630055624000,0.3124127177615572
1630055654000,0.3147785504004929
1630055684000,0.31214479919604204
1630055714000,0.3182721381212121
1630055744000,0.3125760519302615
1630055774000,0.3150662433916717
1630055804000,0.3157958120805369
1630055834000,0.31764634553243576
1630055864000,0.313101538037553
1630055894000,0.3126650494238933
1630055924000,0.3124059129798903
1630055954000,0.3130969164656212
1630055984000,0.3127002020782396
1630056014000,0.31555359519172244
1630056044000,0.3175482129426129
1630056074000,0.31792814553349874
1630056104000,0.3121007643685174
1630056134000,0.3208614707926829
1630056164000,0.3116181839651957
1630056194000,0.3143075979791794
1630056224000,0.31344480198388097
1630056254000,0.3100156227602905
1630056284000,0.3113781039877301
1630056314000,0.3141421543098252
1630056344000,0.31877155866998136
1630056374000,0.31636247679758306
1630056404000,0.3126842739987677
1630056434000,0.3152931495762712
1630056464000,0.31623694044253225
1630056494000,0.3166768784194529
1630056524000,0.31799776668726826
1630056554000,0.3105185389396709
1630056584000,0.31438724556803993
1630056614000,0.31293521470408786
1630056644000,0.31704319060945274
1630056674000,0.31331781308411216
1630056704000,0.3185358934405941
1630056734000,0.3122362336639802
1630056764000,0.3115898933701657
1630056794000,0.31335503027863776
1630056824000,0.3120016164449819
1630056854000,0.3129919829476249
1630056884000,0.3140662573939394
1630056914000,0.3162542115783059
1630056944000,0.3170280617163725
1630056974000,0.3137789276323798
1630057004000,0.319549929397294
1630057034000,0.3148203072761194
1630057064000,0.32286470243597754
1630057094000,0.3171541971892567
1630057124000,0.3131691392073171
1630057154000,0.3108490278250304
1630057184000,0.3143537597546012
1630057214000,0.3175447199004975
1630057244000,0.3206203400123686
1630057274000,0.3149249432083589
1630057304000,0.3166396983323039
1630057334000,0.31407608516923075
1630057364000,0.3113417777777778
1630057394000,0.3173061972019465
1630057424000,0.3116928706280788
1630057454000,0.3216038985102421
1630057484000,0.3150806457264957
1630057514000,0.3130179989621489
1630057544000,0.3117859528869779
1630057574000,0.31398715153186274
1630057604000,0.31734568676196395
1630057634000,0.3128275750466708
1630057664000,0.3170418450643777
1630057694000,0.3139385340979541
1630057724000,0.3122929683076923
1630057754000,0.3176388740696279
1630057784000,0.30982625434650457
1630057814000,0.3161581718108276
1630057844000,0.3186162926335175
1630057874000,0.3130141419605499
1630057904000,0.3123577433698297
1630057934000,0.3106124037644202
1630057964000,0.3149428136672851
1630057994000,0.3124451258004926
1630058024000,0.31386957108801955
1630058054000,0.3126992235257604
1630058084000,0.3153336135582822
1630058114000,0.3131528678960097
1630058144000,0.3132542356521739
1630058174000,0.3169484367096378
1630058204000,0.3198866910168434
1630058234000,0.31686732601086304
1630058264000,0.3198392047936893
1630058294000,0.3167346307173513
1630058324000,0.3126591969072165
1630058354000,0.31354380193821924
1630058384000,0.3175412941646192
1630058414000,0.31558111954517515
1630058444000,0.31705287675276755
1630058474000,0.3168386180825243
1630058504000,0.3122857647486372
1630058534000,0.31186799535603715
1630058564000,0.31661850960620525
1630058594000,0.319388653789731
1630058624000,0.31583109119266056
1630058654000,0.3137374987767584
1630058684000,0.3130563996878901
1630058714000,0.3134998178308824
1630058744000,0.3122689568869673
1630058774000,0.31307714428833233
1630058804000,0.30966510789636026
1630058834000,0.3137536017391304
1630058864000,0.3140055911818739
1630058894000,0.3136246787916153
1630058924000,0.32063466058394163
1630058954000,0.31356585474452553
1630058984000,0.3148249156611822
1630059014000,0.31291797599758164
1630059044000,0.3193285956468424
1630059074000,0.3108026745389649
1630059104000,0.31611778096400245
1630059134000,0.31969148133498143
1630059164000,0.31850298617737005
1630059194000,0.3153805123104912
1630059224000,0.3190059316440049
1630059254000,0.3167789516737675
1630059284000,0.3116966970167806
1630059314000,0.31205852172839504
1630059344000,0.3189737897094431
1630059374000,0.3114487640415141
1630059404000,0.3156229143118149
1630059434000,0.3135864203067485
1630059464000,0.3123716755692308
1630059494000,0.3127364998808815
1630059524000,0.3135336261670761
1630059554000,0.31582593482526056
1630059584000,0.3169620232009925
1630059614000,0.31765106129032256
1630059644000,0.3165169423216445
1630059674000,0.3160543805724726
1630059704000,0.3176254401223241
1630059734000,0.3202206745866503
1630059764000,0.3168402904732254
1630059794000,0.3116359406553398
1630059824000,0.3212115355271176
1630059854000,0.3187479325917017
1630059884000,0.31815012263322884
1630059914000,0.315039991198044
1630059944000,0.30994232313846154
1630059974000,0.3144664106498195
1630060004000,0.31347144022988505
1630060034000,0.31450139200968524
1630060064000,0.3123348705450092
1630060094000,0.3115418054984894
1630060124000,0.31422004658119657
1630060154000,0.3151705648897059
1630060184000,0.3133496861585366
1630060214000,0.31902433899138993
1630060244000,0.3180067706939281
1630060274000,0.3173982764599639
1630060304000,0.312009869927096
1630060334000,0.3197692570383912
1630060364000,0.31611896424167696
1630060394000,0.3220789296610169
1630060424000,0.3155829765710799
1630060454000,0.3188710732360097
1630060484000,0.3108525251684017
1630060514000,0.3121522155582672
1630060544000,0.31147188314129776
1630060574000,0.3139400897357099
1630060604000,0.31227801121212123
1630060634000,0.3123927687913409
1630060664000,0.31334149585652443
1630060694000,0.3150625567749847
1630060724000,0.31455709402613563
1630060754000,0.3159533879612825
1630060784000,0.3160437678724709
1630060814000,0.30974650427350425
1630060844000,0.3128424286592866
1630060874000,0.3198392396435157
1630060904000,0.31326175357361025
1630060934000,0.3158616656269113
1630060964000,0.3133233838729383
1630060994000,0.31569011685870224
1630061024000,0.31508610591861896
1630061054000,0.3158275207872079
1630061084000,0.31088758802687844
1630061114000,0.3154287311314985
1630061144000,0.3240102608722359
1630061174000,0.3167737035228677
1630061204000,0.3178931981515712
1630061234000,0.3135280200854701
1630061264000,0.3183550162045595
1630061294000,0.3104751952063107
1630061324000,0.31328596085080146
1630061354000,0.32156649083129585
1630061384000,0.3142093491065927
1630061414000,0.3092743968058968
1630061444000,0.3114827216034272
1630061474000,0.3111996661557327
1630061504000,0.3122179341641337
1630061534000,0.3131840794028032
1630061564000,0.3170930703749232
1630061594000,0.311765523132969
1630061624000,0.31104622417582417
1630061654000,0.3115395679012345
1630061684000,0.3110739199756395
1630061714000,0.3145106537554314
1630061744000,0.3173020183363692
1630061774000,0.31449472839805825
1630061804000,0.3175011701030928
1630061834000,0.3152452029073289
1630061864000,0.31278828403614456
1630061894000,0.31172770309981396
1630061924000,0.3127911812198068
1630061954000,0.31212183734290844
1630061984000,0.31483244422604423
1630062014000,0.31833679209558824
1630062044000,0.31562544188034186
1630062074000,0.3156062393791844
1630062104000,0.3174039601935874
1630062134000,0.3131089824799507
1630062164000,0.3075323392921416
1630062194000,0.3156226753640777
1630062224000,0.31202006194852944
1630062254000,0.3134512401348039
1630062284000,0.3216088097725876
1630062314000,0.3124151227963526
1630062344000,0.3168713984232868
1630062374000,0.31496638438818564
1630062404000,0.3146294621572212
1630062434000,0.3163144797498511
1630062464000,0.31724898457802064
1630062494000,0.3152277591163659
1630062524000,0.3123680569478908
1630062554000,0.3180221844743276
1630062584000,0.3117836022643819
1630062614000,0.31398695906862745
1630062644000,0.3127600523573201
1630062674000,0.3175726481280193
1630062704000,0.3187403778875849
1630062734000,0.3155110042527339
1630062764000,0.3208873171093267
1630062794000,0.3125068074165637
1630062824000,0.3145943749694749
1630062854000,0.3172352805012225
1630062884000,0.3171932653869592
1630062914000,0.31222557854103344
1630062944000,0.3136517881667689
1630062974000,0.31984943512522906
1630063004000,0.3153502814769231
1630063034000,0.3115146972205438
1630063064000,0.31140939981447124
1630063094000,0.3106267269512195
1630063124000,0.31073750682237244
1630063154000,0.319016388
1630063184000,0.3180921446756426
1630063214000,0.3162790675139492
1630063244000,0.31159822093446604
1630063274000,0.31357764
1630063304000,0.3134856035294117
1630063334000,0.3104504088092345
1630063364000,0.3140086051407589
1630063394000,0.3166241414769231
1630063424000,0.3157764498450093
1630063454000,0.3133971963512678
1630063484000,0.3140329248924401
1630063514000,0.3192496688819876
1630063544000,0.315947321529052
1630063574000,0.32131547888349515
1630063604000,0.31625411116534474
1630063634000,0.31450453600988265
1630063664000,0.3231827337181045
1630063694000,0.3088816239196592
1630063724000,0.3266097606842737
1630063754000,0.3182317094454601
1630063784000,0.3197018447288239
1630063814000,0.3206850338554217
1630063844000,0.30963100442804425
1630063874000,0.31470692832512315
1630063904000,0.3182937453760789
1630063934000,0.3156295762406948
1630063964000,0.31683693406593405
1630063994000,0.31711926281655345
1630064024000,0.3153901501206273
1630064054000,0.3142765385230769
1630064084000,0.31366346817899315
1630064114000,0.3166918518541409
1630064144000,0.3187027512804497
1630064174000,0.3167279975728156
1630064204000,0.31706751826511914
1630064234000,0.3167209958050586
1630064264000,0.31283014508495144
1630064294000,0.3125392062073246
1630064324000,0.31426723219602976
1630064354000,0.32212933315051795
1630064384000,0.3111022656288157
1630064414000,0.3114647261613692
1630064444000,0.3155838804833837
1630064474000,0.31307215556915546
1630064504000,0.31966736754118363
1630064534000,0.31746096987218503
1630064564000,0.31699873482252144
1630064594000,0.3133511704044117
1630064624000,0.3141813281114551
1630064654000,0.3110209675480769
1630064684000,0.31186487181818184
1630064714000,0.3135603147621989
1630064744000,0.31351426001221
1630064774000,0.3157880271135265
1630064804000,0.3174926201812689
1630064834000,0.31409953610771113
1630064864000,0.3128604300426569
1630064894000,0.31236312546213474
1630064924000,0.3156244556644213
1630064954000,0.3111528545565749
1630064984000,0.3115885998756992
1630065014000,0.3126550820121951
1630065044000,0.3149273719756839
1630065074000,0.3134173396156231
1630065104000,0.316317791208134
1630065134000,0.31656118462940463
1630065164000,0.3223654589774802
1630065194000,0.31528089906716417
1630065224000,0.3197839799382716
1630065254000,0.3138151870668317
1630065284000,0.31308516775956285
1630065314000,0.3176997576126675
1630065344000,0.31462701861445785
1630065374000,0.3157406069522036
1630065404000,0.31297398995633186
1630065434000,0.3116830718902439
1630065464000,0.3131477833333333
1630065494000,0.31666200943861816
1630065524000,0.315397695357361
1630065554000,0.31312140109024833
1630065584000,0.3155100099938688
1630065614000,0.3124147454882571
1630065644000,0.3115703752131547
1630065674000,0.3155283233861145
1630065704000,0.3192555261732852
1630065734000,0.3155713749537323
1630065764000,0.3163241022492401
1630065794000,0.3175310889296636
1630065824000,0.31297669103573594
1630065854000,0.3126424862888483
1630065884000,0.311631475814234
1630065914000,0.3163999109243697
1630065944000,0.3181675990808824
1630065974000,0.3193297122071517
1630066004000,0.31709168415003025
1630066034000,0.3188013531683766
1630066064000,0.3192167372525495
1630066094000,0.31336781001199043
1630066124000,0.3130825411151961
1630066154000,0.3221266568054693
1630066184000,0.31352134049079755
1630066214000,0.3109395845917741
1630066244000,0.3146685158739963
1630066274000,0.316025838028169
1630066304000,0.3172364528700906
1630066334000,0.3140404326347305
1630066364000,0.31540651792336216
1630066394000,0.3157062494416873
1630066424000,0.31715160487053023
1630066454000,0.3116423369434416
1630066484000,0.3171126701330109
1630066514000,0.3229349262522631
1630066544000,0.31105500957381105
1630066574000,0.31565883158536584
1630066604000,0.3100550663030303
1630066634000,0.3169211738283628
1630066664000,0.31342018706315145
1630066694000,0.3127548029232643
1630066724000,0.3123646313027744
1630066754000,0.3168144758194187
1630066784000,0.31402685928439233
1630066814000,0.3120311897357099
1630066844000,0.3162080864167179
1630066874000,0.3126095102251978
1630066904000,0.3172968636754763
1630066934000,0.3161880109823063
1630066964000,0.3242189173619632
1630066994000,0.3122542955882353
1630067024000,0.31670406925880923
1630067054000,0.3170524478795329
1630067084000,0.3117774633150518
1630067114000,0.31226244332107844
1630067144000,0.317606808974359
1630067174000,0.3127807840392879
1630067204000,0.3154285425467713
1630067234000,0.3129516655360388
1630067264000,0.31473208592321755
1630067294000,0.3130837201346389
1630067324000,0.31432277333740083
1630067354000,0.3134598949010198
1630067384000,0.3202195506016847
1630067414000,0.3171569818072289
1630067444000,0.3163347861179361
1630067474000,0.3143961888004896
1630067504000,0.31615741177547285
1630067534000,0.3149263114197531
1630067564000,0.3158967455891425
1630067594000,0.3121500210526316
1630067624000,0.3164178111247695
1630067654000,0.31097718040917544
1630067684000,0.3119720429534314
1630067714000,0.3157741907701712
1630067744000,0.3132271737674985
1630067774000,0.3122748608400247
1630067804000,0.3120703621230398
1630067834000,0.3166168238361266
1630067864000,0.3117859627607362
1630067894000,0.31673762284667073
1630067924000,0.3177683516923077
1630067954000,0.31653985338719703
1630067984000,0.3191731485221675
1630068014000,0.31939278940149624
1630068044000,0.31224621975757577
1630068074000,0.3148225480864197
1630068104000,0.3251712933292905
1630068134000,0.31839466438106795
1630068164000,0.3153306256097561
1630068194000,0.3136858685935638
1630068224000,0.31145980623441394
1630068254000,0.3136277387730061
1630068284000,0.3149104765508685
1630068314000,0.3138084975975976
1630068344000,0.3164577358190709
1630068374000,0.3141069193588163
1630068404000,0.31306692558139537
1630068434000,0.3139431089853301
1630068464000,0.3167591514911747
1630068494000,0.3153555473006135
1630068524000,0.3160579832004905
1630068554000,0.3123551969584109
1630068584000,0.3199997294691885
1630068614000,0.3178441286769231
1630068644000,0.3166279804320988
1630068674000,0.3171041391116595
1630068704000,0.3107602636754763
1630068734000,0.3146675389354067
1630068764000,0.3128880545454545
1630068794000,0.3119853757221881
1630068824000,0.31584768856269113
1630068854000,0.3157698916312917
1630068884000,0.3155048649724433
1630068914000,0.31701797634803924
1630068944000,0.3183013280766852
1630068974000,0.3148386876745598
1630069004000,0.3232620412383901
1630069034000,0.31524705150769233
1630069064000,0.3185687836784409
1630069094000,0.3131666559436275
1630069124000,0.3178793212545676
1630069154000,0.3120731524818402
1630069184000,0.3115188483910891
1630069214000,0.3164348325609756
1630069244000,0.3172500726432532
1630069274000,0.3114364120072771
1630069304000,0.3133535806015961
1630069334000,0.3144996877784467
1630069364000,0.31438190495110024
1630069394000,0.3174740175642595
1630069424000,0.3220447205378973
1630069454000,0.3107691060233559
1630069484000,0.31760657337821296
1630069514000,0.31315117475609755
1630069544000,0.3166855251058681
1630069574000,0.3203714148514851
1630069604000,0.313883256424581
1630069634000,0.3177613532926829
1630069664000,0.31495026124460873
1630069694000,0.3192397091982598
1630069724000,0.3187038089607965
1630069754000,0.3168888071686747
1630069784000,0.31488945009208097
1630069814000,0.3123546224739743
1630069844000,0.3146054576039727
1630069874000,0.3206661562039312
1630069904000,0.3152355522631261
1630069934000,0.3169381895846249
1630069964000,0.3104980630702836
1630069994000,0.31609388527035426
1630070024000,0.3160774370977535
1630070054000,0.31851062355473553
1630070084000,0.3163466809051457
1630070114000,0.3163161307503075
1630070144000,0.3127218167679222
1630070174000,0.3195789408459215
1630070204000,0.3116988300546448
1630070234000,0.3109723171601209
1630070264000,0.3143251576993305
1630070294000,0.31253539738760633
1630070324000,0.31427660583896744
1630070354000,0.31374611679853925
1630070384000,0.3119836564605021
1630070414000,0.3117161535758323
1630070444000,0.3116834315533981
1630070474000,0.3156579897594078
1630070504000,0.3207327729878049
1630070534000,0.31763708897058823
1630070564000,0.31417607654171703
1630070594000,0.31808740644578315
1630070624000,0.31678776151477833
1630070654000,0.31549462495344505
1630070684000,0.3218178813559322
1630070714000,0.3148592574572127
1630070744000,0.312200182447466
1630070774000,0.3161793548347613
1630070804000,0.31553247352762603
1630070834000,0.31268306990407674
1630070864000,0.3114351573074591
1630070894000,0.3151190592137592
1630070924000,0.311346435591133
1630070954000,0.31148092260869564
1630070984000,0.3157276108140948
1630071014000,0.3175417063267813
1630071044000,0.3131974884544899
1630071074000,0.3133358851168512
1630071104000,0.3130898475168608
1630071134000,0.3134144745334136
1630071164000,0.3160531949183303
1630071194000,0.3144059322065151
1630071224000,0.3161468249699157
1630071254000,0.3166340943533697
1630071284000,0.3156834027658267
1630071314000,0.3111776971031985
1630071344000,0.3166042301094891
1630071374000,0.3136962925675676
1630071404000,0.3199791006097561
1630071434000,0.3189300060938452
1630071464000,0.3142984592073171
1630071494000,0.30990228923076923
1630071524000,0.3091927960438223
1630071554000,0.3134539732230392
1630071584000,0.31479682957055216
1630071614000,0.3176445523839009
1630071644000,0.31694148233514824
1630071674000,0.3175385295454545
1630071704000,0.3149455926755448
1630071734000,0.3118051256756757
1630071764000,0.3108412680437424
1630071794000,0.3136388061312079
1630071824000,0.3204648241421569
1630071854000,0.3106300128658537
1630071884000,0.3122238693014706
1630071914000,0.3107598540110227
1630071944000,0.3148678104651163
1630071974000,0.3122414642945545
1630072004000,0.31875175935796485
1630072034000,0.3190176900791236
1630072064000,0.31684613610262674
1630072094000,0.3122175786018237
1630072124000,0.3101777081431215
1630072154000,0.3128426765596608
1630072184000,0.3133314834963325
1630072214000,0.3174524957842529
1630072244000,0.31614669549878344
1630072274000,0.3187380950859951
1630072304000,0.311743803808948
1630072334000,0.3155192788895668
1630072364000,0.3156810474648748
1630072394000,0.3137906769183548
1630072424000,0.31578873954489545
1630072454000,0.3131862330518697
1630072484000,0.3178146243707796
1630072514000,0.31464605666266504
1630072544000,0.31796018294334977
1630072574000,0.32379766689314393
1630072604000,0.31703638013245034
1630072634000,0.3110581538415003
1630072664000,0.3175371163658992
1630072694000,0.315749674984672
1630072724000,0.31494909433497537
1630072754000,0.3126073958662614
1630072784000,0.3131439403454658
1630072814000,0.315033752690167
1630072844000,0.3171606785272277
1630072874000,0.3173146792913867
1630072904000,0.3145061686322189
1630072934000,0.3182619193026152
1630072964000,0.31198590289330924
1630072994000,0.3134858444715944
1630073024000,0.3165710687956204
1630073054000,0.3206599551171393
1630073084000,0.315011505106383
1630073114000,0.3134246520910209
1630073144000,0.3217815970352069
1630073174000,0.3130051193846154
1630073204000,0.3179040992687386
1630073234000,0.3155464888821014
1630073264000,0.3120402252302026
1630073294000,0.31901526987218504
1630073324000,0.3109111561212121
1630073354000,0.3121910352583587
1630073384000,0.31276951819875776
1630073414000,0.2920217765394089
1630073444000,0.2516992881733746
1630073474000,0.31378819347290643
1630073504000,0.3184801653869969
1630073534000,0.3131053787065284
1630073564000,0.31198872244022074
1630073594000,0.31473472144622994
1630073624000,0.31391604144696506
1630073654000,0.31237577092592594
1630073684000,0.32225918175797713
1630073714000,0.3232140180469716
1630073744000,0.31601393239263803
1630073774000,0.3163845520171149
1630073804000,0.317226295357361
1630073834000,0.3154069233333333
1630073864000,0.3139851907701712
1630073894000,0.3159595013341419
1630073924000,0.3107417318292683
1630073954000,0.3145539298969072
1630073984000,0.3124977778325123
1630074014000,0.31257949059987633
1630074044000,0.3114491449458484
1630074074000,0.3172370022248948
1630074104000,0.3162911283882784
1630074134000,0.3159336430054979
1630074164000,0.31616388027912623
1630074194000,0.31149024008489995
1630074224000,0.3197021976
1630074254000,0.31610731359756106
1630074284000,0.31685765837937385
1630074314000,0.3130042195744681
1630074344000,0.32077792710733777
1630074374000,0.3123677019183168
1630074404000,0.31440981354605657
1630074434000,0.3141952936117936
1630074464000,0.3128318201732673
1630074494000,0.31097536942098913
1630074524000,0.3133843660757946
1630074554000,0.3186448003685504
1630074584000,0.3121338545229244
1630074614000,0.3198710130806846
1630074644000,0.31494352224276034
1630074674000,0.31237993795217656
1630074704000,0.3112803646915089
1630074734000,0.3080686497892836
1630074764000,0.31911084097350584
1630074794000,0.3198487078686493
1630074824000,0.31349050958819913
1630074854000,0.3124071862996942
1630074884000,0.3178036176542456
1630074914000,0.3131674528062764
1630074944000,0.3173083127396413
1630074974000,0.32181406841463417
1630075004000,0.3160802900485437
1630075034000,0.3171121473970944
1630075064000,0.3132678557997558
1630075094000,0.3146280536867764
1630075124000,0.3114897704156479
1630075154000,0.31625957467968274
1630075184000,0.3211170135749385
1630075214000,0.3204037620206939
1630075244000,0.31641541047849786
1630075274000,0.3126049284844796
1630075304000,0.3170244352173913
1630075334000,0.32032390976205005
1630075364000,0.312594850931677
1630075394000,0.3191537339013999
1630075424000,0.316829250509898
1630075454000,0.3137427787416005
1630075484000,0.3129748233271946
1630075514000,0.31368756705665024
1630075544000,0.3132961852189781
1630075574000,0.311702507706422
1630075604000,0.3103645376899696
1630075634000,0.3065635455427532
1630075664000,0.31313167581739665
1630075694000,0.313910581077771
1630075724000,0.3163086783632982
1630075754000,0.3165376226539151
1630075784000,0.3147043678398058
1630075814000,0.31570936831501833
1630075844000,0.3184450192993239
1630075874000,0.3116225477764423
1630075904000,0.31705267844827584
1630075934000,0.3117697968312005
1630075964000,0.3132873933210784
1630075994000,0.3123497251222494
1630076024000,0.3133498031862745
1630076054000,0.2505906705991353
1630076084000,0.31271373679706604
1630076114000,0.3191512067278288
1630076144000,0.31406352557560674
1630076174000,0.3122212858648481
1630076204000,0.3141654036107711
1630076234000,0.3154124977231875
1630076264000,0.3124379777845405
1630076294000,0.31252185846059866
1630076324000,0.3173138725835866
1630076354000,0.3149900394409938
1630076384000,0.3131183568880689
1630076414000,0.31180500078313256
1630076444000,0.3143177168988492
1630076474000,0.3176966591470952
1630076504000,0.3116311686548996
1630076534000,0.3124111376291793
1630076564000,0.31856827299448864
1630076594000,0.31328830324324325
1630076624000,0.3176988212779157
1630076654000,0.32374010115924345
1630076684000,0.3114943433778858
1630076714000,0.32038619762917936
1630076744000,0.31223083672211954
1630076774000,0.3160154352796558
1630076804000,0.3141748767682927
1630076834000,0.3110913701998789
1630076864000,0.3179153235913313
1630076894000,0.3171759889434889
1630076924000,0.3181456760762608
1630076954000,0.31658874066135945
1630076984000,0.32091128462929475
1630077014000,0.3171951246800731
1630077044000,0.312776465351418
1630077074000,0.31602380234375
1630077104000,0.3072771840146431
1630077134000,0.3120184885749386
1630077164000,0.31249409490713004
1630077194000,0.31226360566978195
1630077224000,0.3130676803506651
1630077254000,0.3189814776
1630077284000,0.31659881391784184
1630077314000,0.321562129253366
1630077344000,0.31397337595166164
1630077374000,0.3167871476219512
1630077404000,0.3139055578849721
1630077434000,0.31560434691588785
1630077464000,0.3129903868437307
1630077494000,0.31274640280146165
1630077524000,0.3128946538837921
1630077554000,0.30980624978723403
1630077584000,0.3180411995055624
1630077614000,0.3130979501236094
1630077644000,0.3133427268248175
1630077674000,0.3167779461107654
1630077704000,0.3120754523923445
1630077734000,0.3136637024570025
1630077764000,0.3129112855214724
1630077794000,0.3165787184956844
1630077824000,0.31602845611995106
1630077854000,0.31167415350665056
1630077884000,0.3113171274698795
1630077914000,0.3177737175137783
1630077944000,0.31453258706896553
1630077974000,0.32210909890643985
1630078004000,0.3132103648859544
1630078034000,0.3166642360805861
1630078064000,0.31377495036719705
1630078094000,0.3135014076026977
1630078124000,0.3153875261294261
1630078154000,0.3175509227667494
1630078184000,0.3115934729895641
1630078214000,0.3132944715432099
1630078244000,0.3194183069839308
1630078274000,0.317859122080292
1630078304000,0.31369636837554044
1630078334000,0.3130837156133829
1630078364000,0.3152358117027864
1630078394000,0.31544575705596106
1630078424000,0.3226657450522434
1630078454000,0.3165497012789281
1630078484000,0.3173880283292978
1630078514000,0.3142240536151961
1630078544000,0.31117742986618
1630078574000,0.3183165597378277
1630078604000,0.3191418121212121
1630078634000,0.3156616325382263
1630078664000,0.3139101474908201
1630078694000,0.3210135282834453
1630078724000,0.31629550037151705
1630078754000,0.311513616047088
1630078784000,0.30961089379144063
1630078814000,0.3168531172056132
1630078844000,0.31362686014805674
1630078874000,0.31276444087816946
1630078904000,0.3176621280966767
1630078934000,0.3126628645338209
1630078964000,0.3170360340320592
1630078994000,0.3148105170096852
1630079024000,0.3122521536391437
1630079054000,0.3176548347587049
1630079084000,0.3176257576126675
1630079114000,0.31281146438106794
1630079144000,0.31108957554479416
1630079174000,0.3175353616862988
1630079204000,0.3163600646077826
1630079234000,0.317523693250774
1630079264000,0.3130855957894737
1630079294000,0.31265894714459297
1630079324000,0.3151960790998767
1630079354000,0.3196344943636364
1630079384000,0.3122230667073916
1630079414000,0.31315270152439023
1630079444000,0.31361974272503085
1630079474000,0.32240313363363365
1630079504000,0.31749022903422985
1630079534000,0.3182587717791411
1630079564000,0.3132748687807882
1630079594000,0.3137759546511628
1630079624000,0.31210780883634104
1630079654000,0.3131803036691542
1630079684000,0.3127450649068323
1630079714000,0.3164717615760538
1630079744000,0.32132240961182995
1630079774000,0.31381044796104685
1630079804000,0.3180249235037407
1630079834000,0.313003126472374
1630079864000,0.3151926108041743
1630079894000,0.31882123714285715
1630079924000,0.3149411105137395
1630079954000,0.3124616044848485
1630079984000,0.3125786911746805
1630080014000,0.3138225880819367
1630080044000,0.3118196346987952
1630080074000,0.3129589603900061
1630080104000,0.313348617283202
1630080134000,0.32487770523780857
1630080164000,0.3120036502765827
1630080194000,0.3209779197106691
1630080224000,0.31296181197097944
1630080254000,0.31701545078076204
1630080284000,0.3130520475932611
1630080314000,0.3178543242387333
1630080344000,0.31415896719609043
1630080374000,0.3134204697473814
1630080404000,0.3118463385549484
1630080434000,0.31408142097264435
1630080464000,0.3167181768765133
1630080494000,0.31726646184935703
1630080524000,0.3176187785846154
1630080554000,0.31870425960951804
1630080584000,0.3130167113761468
1630080614000,0.3124879637592138
1630080644000,0.3191848736905479
1630080674000,0.3165493320411872
1630080704000,0.3150740507673419
1630080734000,0.3135259305454545
1630080764000,0.31803056081582204
1630080794000,0.314408237363305
1630080824000,0.3161437871086556
1630080854000,0.3128326046654389
1630080884000,0.31636558922229024
1630080914000,0.31346288289554064
1630080944000,0.31708955489721885
1630080974000,0.31185153027863777
1630081004000,0.31738549114391146
1630081034000,0.31429275305875226
1630081064000,0.3150148913200723
1630081094000,0.31539905213094505
1630081124000,0.3131871066748316
1630081154000,0.31134473031040777
1630081184000,0.31874416925446697
1630081214000,0.3180398956414979
1630081244000,0.3138059956601467
1630081274000,0.31174097389192473
1630081304000,0.31169649062885324
1630081334000,0.31398128961514965
1630081364000,0.31544921728772146
1630081394000,0.3143438016443362
1630081424000,0.3177306958827199
1630081454000,0.3126446557692308
1630081484000,0.3159337689463956
1630081514000,0.3158825787767584
1630081544000,0.3142344435740514
1630081574000,0.314482421023766
1630081604000,0.3143378510116493
1630081634000,0.31587144948075746
1630081664000,0.3094884519732848
1630081694000,0.312588682149475
1630081724000,0.3195276082923833
1630081754000,0.31894253657492355
1630081784000,0.318285930946602
1630081814000,0.3146464077804584
1630081844000,0.31338277695573075
1630081874000,0.31179816070991434
1630081904000,0.3137541436341162
1630081934000,0.3144035287446937
1630081964000,0.3150038415347138
1630081994000,0.3141561804726368
1630082024000,0.3076214819129369
1630082054000,0.3167627913122722
1630082084000,0.31356078415536376
1630082114000,0.3172107012353305
1630082144000,0.3171944348484849
1630082174000,0.3118283364627498
1630082204000,0.3096655048765432
1630082234000,0.3162030128063725
1630082264000,0.3178575121084337
1630082294000,0.3185744547368421
1630082324000,0.3193817917027864
1630082354000,0.3140828769757312
1630082384000,0.316288904014824
1630082414000,0.3174544670128284
1630082444000,0.3153271497223936
1630082474000,0.32018552611940304
1630082504000,0.3153780993280391
1630082534000,0.3146608438297872
1630082564000,0.3166931943533698
1630082594000,0.31833924975669103
1630082624000,0.318484034315531
1630082654000,0.3202294607926829
1630082684000,0.3160540297515528
1630082714000,0.31675226785494776
1630082744000,0.31918941004932183
1630082774000,0.31136566201690824
1630082804000,0.31599241431181485
1630082834000,0.3135481063713592
1630082864000,0.31187636656662665
1630082894000,0.31378438824969396
1630082924000,0.3129373594282239
1630082954000,0.315638425982801
1630082984000,0.3122902459893048
1630083014000,0.3127385900972053
1630083044000,0.3157134270386266
1630083074000,0.3169620951917225
1630083104000,0.3188376054794521
1630083134000,0.3170382667472793
1630083164000,0.3160868268053856
1630083194000,0.3135374126003706
1630083224000,0.31154710392879065
1630083254000,0.3103714287020109
1630083284000,0.31524355136778115
1630083314000,0.3167172574107683
1630083344000,0.31324250423880595
1630083374000,0.3214328314849045
1630083404000,0.31376591997563946
1630083434000,0.31115110134638924
1630083464000,0.3137563228360958
1630083494000,0.3199015646452396
1630083524000,0.3144137892769608
1630083554000,0.31502453865291263
1630083584000,0.3128156304587156
1630083614000,0.31990844305896804
1630083644000,0.3158956132764921
1630083674000,0.3195978086174829
1630083704000,0.31807401687917425
1630083734000,0.3230577265519361
1630083764000,0.31781583624694376
1630083794000,0.3164416518631643
1630083824000,0.3169283724012158
1630083854000,0.31179980485257985
1630083884000,0.31261735456716416
1630083914000,0.3157831399631676
1630083944000,0.3108248159270517
1630083974000,0.3158451993263932
1630084004000,0.3157558008069522
1630084034000,0.3191985528440367
1630084064000,0.310977723015873
1630084094000,0.3112969724496029
1630084124000,0.3117306997030879
1630084154000,0.3108726919167177
1630084184000,0.3124347981039755
1630084214000,0.31289596388022456
1630084244000,0.3163975801084991
1630084274000,0.31700402516636417
1630084304000,0.3133245102752293
1630084334000,0.3169516517575758
1630084364000,0.3154877880414887
1630084394000,0.312837838269348
1630084424000,0.3158896471384615
1630084454000,0.3120427050805452
1630084484000,0.31518778890221955
1630084514000,0.3207386214987715
1630084544000,0.3127427188142771
1630084574000,0.3198015288823529
1630084604000,0.3184033745962733
1630084634000,0.3161261863970588
1630084664000,0.31372771966122204
1630084694000,0.31281368774271845
1630084724000,0.31750493480662983
1630084754000,0.3134912175783651
1630084784000,0.3215848340592862
1630084814000,0.3115603222155328
1630084844000,0.31583054972477065
1630084874000,0.3215460026013309
1630084904000,0.3118501128518972
1630084934000,0.3144292586419753
1630084964000,0.3171224267441861
1630084994000,0.31775592597162244
1630085024000,0.31742702216150576
1630085054000,0.3126569394195889
1630085084000,0.3141862460012399
1630085114000,0.31109454910659273
1630085144000,0.31781640255629945
1630085174000,0.3123813837468983
1630085204000,0.3178926796932515
1630085234000,0.3168295530275229
1630085264000,0.3235942964640198
1630085294000,0.3163541625461255
1630085324000,0.31088590869040433
1630085354000,0.3133075721712538
1630085384000,0.3155040893432466
1630085414000,0.31624083737745096
1630085444000,0.3120878363580247
1630085474000,0.3118466171358629
1630085504000,0.3175778664396285
1630085534000,0.3159966686621869
1630085564000,0.3171809136083744
1630085594000,0.3159419557336621
1630085624000,0.3139065457212714
1630085654000,0.3192784308769793
1630085684000,0.3160077926949049
1630085714000,0.3125652953077392
1630085744000,0.3156418719489982
1630085774000,0.3223172056685151
1630085804000,0.3119390115129596
1630085834000,0.3214584600863664
1630085864000,0.3166637570388349
1630085894000,0.3156099070812808
1630085924000,0.3124321883157241
1630085954000,0.3236840619865113
1630085984000,0.3166950627892814
1630086014000,0.3141903050030506
1630086044000,0.3120103265799257
1630086074000,0.31466067595092023
1630086104000,0.32222093385447986
1630086134000,0.3166020075980392
1630086164000,0.31903849328859063
1630086194000,0.3189115242647059
1630086224000,0.3130160422814631
1630086254000,0.31212893011823273
1630086284000,0.3167952645974186
1630086314000,0.31619676534954405
1630086344000,0.3125173818514007
1630086374000,0.3114669708308065
1630086404000,0.3188996954601227
1630086434000,0.3122730666060606
1630086464000,0.3179067863080685
1630086494000,0.3122694305919003
1630086524000,0.31401934456721914
1630086554000,0.31561702001216546
1630086584000,0.3156583907222914
1630086614000,0.3185262901688782
1630086644000,0.31259256122202056
1630086674000,0.3106265588308458
1630086704000,0.3136296364197531
1630086734000,0.31487728431253786
1630086764000,0.3141186761294261
1630086794000,0.3132054244065733
1630086824000,0.31674952676829266
1630086854000,0.3152558810018326
1630086884000,0.3171811699017199
1630086914000,0.3207248095296273
1630086944000,0.3163850393995098
1630086974000,0.3127724769277108
1630087004000,0.316765110712112
1630087034000,0.3143549540048544
1630087064000,0.314388699204893
1630087094000,0.3136376035250464
1630087124000,0.3110953503918023
1630087154000,0.32389143719059404
1630087184000,0.3222611131868132
1630087214000,0.31341327944785274
1630087244000,0.3135118100667071
1630087274000,0.3144309608272506
1630087304000,0.318531543537415
1630087334000,0.3114517456668716
1630087364000,0.31974050836949786
1630087394000,0.3152377314442413
1630087424000,0.3132191215033888
1630087454000,0.31174418042001234
1630087484000,0.3211043328201971
1630087514000,0.315681410633067
1630087544000,0.3204999391143911
1630087574000,0.31140770625383196
1630087604000,0.312808139349294
1630087634000,0.3126921906906907
1630087664000,0.3133995331528279
1630087694000,0.3137261943064809
1630087724000,0.3230204616087751
1630087754000,0.31161073130227
1630087784000,0.314373793768905
1630087814000,0.3175252505754089
1630087844000,0.31752982381530986
1630087874000,0.31049336960784313
1630087904000,0.31043462188841203
1630087934000,0.3168592713765919
1630087964000,0.3160682917791411
1630087994000,0.31334196652146856
1630088024000,0.3143624811965812
1630088054000,0.31237891699029124
1630088084000,0.3126976926015767
1630088114000,0.3137413340937115
1630088144000,0.31468268029739777
1630088174000,0.3212788385454545
1630088204000,0.31117214491315137
1630088234000,0.3091112942143727
1630088264000,0.3191875678769231
1630088294000,0.3124497499379653
1630088324000,0.31625998497005986
1630088354000,0.3158687494538835
1630088384000,0.32190590198019803
1630088414000,0.30965277697489285
1630088444000,0.30866117696048634
1630088474000,0.3135180073260073
1630088504000,0.3182330737964656
1630088534000,0.31662373830694274
1630088564000,0.3140366457055215
1630088594000,0.31367676141538464
1630088624000,0.3169290825062035
1630088654000,0.3171164891777509
1630088684000,0.31183530916923075
1630088714000,0.31241194094292796
1630088744000,0.3134211400730816
1630088774000,0.3131695598647818
1630088804000,0.3158026064655172
1630088834000,0.31202023031591736
1630088864000,0.3129593279098111
1630088894000,0.316571267389994
1630088924000,0.31120469925834365
1630088954000,0.3169404964547677
1630088984000,0.31583555847665845
1630089014000,0.3179107037575757
1630089044000,0.3178601434491164
1630089074000,0.3207395263803681
1630089104000,0.3234527192355117
1630089134000,0.3109679209430496
1630089164000,0.3146384824257425
1630089194000,0.3109529795136778
1630089224000,0.3147703601996257
1630089254000,0.3215217430127042
1630089284000,0.31468793778580023
1630089314000,0.3180208788156288
1630089344000,0.3171463494538835
1630089374000,0.31264901196319017
1630089404000,0.3079379656194428
1630089434000,0.3141577586741016
1630089464000,0.3165588158476659
1630089494000,0.3138933624923641
1630089524000,0.3204918788263763
1630089554000,0.3164817925696595
1630089584000,0.31524691272727273
1630089614000,0.3170646600245248
1630089644000,0.3103668868274583
1630089674000,0.3167168108990148
1630089704000,0.31270931747279324
1630089734000,0.3109014292127921
1630089764000,0.31268417408781696
1630089794000,0.3125543044082126
1630089824000,0.31396854957780457
1630089854000,0.3115712226081658
1630089884000,0.31755695583538085
1630089914000,0.31250564333333336
1630089944000,0.31588864099939795
1630089974000,0.3120740707407407
1630090004000,0.31346681697303924
1630090034000,0.3125131890586797
1630090064000,0.3115851746749226
1630090094000,0.3179207114814815
1630090124000,0.3136215123479319
1630090154000,0.3181250023587834
1630090184000,0.31263731998758537
1630090214000,0.31144414135839904
1630090244000,0.3147838119875777
1630090274000,0.31454817367119897
1630090304000,0.3145662929856115
1630090334000,0.31328593185628745
1630090364000,0.31205265324274245
1630090394000,0.3140782281114551
1630090424000,0.32004958849938503
1630090454000,0.3160344001201201
1630090484000,0.3131933409735059
1630090514000,0.32096267437614123
1630090544000,0.3118429985139319
1630090574000,0.3175509901173564
1630090604000,0.3137196125307125
1630090634000,0.3226407475698663
1630090664000,0.3126329296798029
1630090694000,0.31963903660170523
1630090724000,0.3177978502447981
1630090754000,0.3128186716707021
1630090784000,0.3197965375375376
1630090814000,0.3188790204782342
1630090844000,0.3140060160969546
1630090874000,0.3211868404833837
1630090904000,0.31545067411907657
1630090934000,0.3201602964784457
1630090964000,0.3173352124466138
1630090994000,0.3123247134310134
1630091024000,0.3109564777433354
1630091054000,0.3128439452970297
1630091084000,0.31427111240963856
1630091114000,0.3172992989414695
1630091144000,0.31483360754950496
1630091174000,0.3157147586185819
1630091204000,0.3149299764381885
1630091234000,0.31661407001201924
1630091264000,0.3205599036832413
1630091294000,0.3114158106487148
1630091324000,0.31184292496940025
1630091354000,0.3140664943902439
1630091384000,0.3170885103194103
1630091414000,0.323011868933177
1630091444000,0.3287385470552885
1630091474000,0.3753198703703704
1630091504000,0.3138490756379101
1630091534000,0.3734855906934307
1630091564000,0.3745095599022005
1630091594000,0.3355049718596059
1630091624000,0.3115525937880633
1630091654000,0.3147332136253041
1630091684000,0.3165349930759804
1630091714000,0.31808991880394577
1630091744000,0.3170979419454771
1630091774000,0.31584082828040744
1630091804000,0.3136534595953403
1630091834000,0.32041210885167465
1630091864000,0.3141937454938272
1630091894000,0.320269142333537
1630091924000,0.31593085544554456
1630091954000,0.3119587021857924
1630091984000,0.3126109639877301
1630092014000,0.3190833524077549
1630092044000,0.3134372375386518
1630092074000,0.3115116653727665
1630092104000,0.3166435159313726
1630092134000,0.31289961741504857
1630092164000,0.31214896998169617
1630092194000,0.3180315081607795
1630092224000,0.3151853605343048
1630092254000,0.31984168070283603
1630092284000,0.318058330591103
1630092314000,0.31737746031268793
1630092344000,0.3166996541947336
1630092374000,0.31331614225526644
1630092404000,0.3177069805555556
1630092434000,0.31675295240413875
1630092464000,0.3167334071776156
1630092494000,0.3177731845538462
1630092524000,0.31335705927070456
1630092554000,0.3221043027312229
1630092584000,0.31217672072570724
1630092614000,0.31517326785069233
1630092644000,0.3185714998166259
1630092674000,0.3174273127013631
1630092704000,0.31258806018292684
1630092734000,0.3137812089543269
1630092764000,0.31166849127078383
1630092794000,0.3154234412659769
1630092824000,0.3135130745565749
1630092854000,0.3141576060550459
1630092884000,0.3158645980673317
1630092914000,0.31183796086687304
1630092944000,0.3181255932844933
1630092974000,0.3163947956037152
1630093004000,0.3164837837492392
1630093034000,0.3123682063530849
1630093064000,0.32338750511860176
1630093094000,0.3130644195465686
1630093124000,0.3115858275015347
1630093154000,0.3169632371375694
1630093184000,0.3153746259692308
1630093214000,0.3118682807430341
1630093244000,0.3167900100182149
1630093274000,0.31922290419963484
1630093304000,0.3152751113855421
1630093334000,0.31272919622758194
1630093364000,0.31749165850673194
1630093394000,0.3130203053048781
1630093424000,0.3134692408953418
1630093454000,0.31224749025578563
1630093484000,0.315270346820109
1630093514000,0.31351175673846154
1630093544000,0.3125035007330483
1630093574000,0.3169873441285538
1630093604000,0.3126737861246944
1630093634000,0.3148788611043689
1630093664000,0.3124745975139838
1630093694000,0.3116030739717618
1630093724000,0.3217824007343941
1630093754000,0.31936561467556096
1630093784000,0.31751916813518405
1630093814000,0.3134243500900901
1630093844000,0.3136268901730532
1630093874000,0.3137127625524266
1630093904000,0.3148244480222497
1630093934000,0.3122144576565406
1630093964000,0.3188399952522255
1630093994000,0.31335685411042946
1630094024000,0.31716135688073394
1630094054000,0.31287092798530314
1630094084000,0.31875905894988066
1630094114000,0.3168009809729064
1630094144000,0.3157628581268882
1630094174000,0.3176320671559633
1630094204000,0.3120128902394107
1630094234000,0.31429043556231
1630094264000,0.31546778490566035
1630094294000,0.2897013269395235
1630094324000,0.31165897314074986
1630094354000,0.31207072100428657
1630094384000,0.3156011098942128
1630094414000,0.3138482406306853
1630094444000,0.31264004389027433
1630094474000,0.3112697635757576
1630094504000,0.3196266349696969
1630094534000,0.3154372116028708
1630094564000,0.3166761060643564
1630094594000,0.3191540496631965
1630094624000,0.3106731105490438
1630094654000,0.3125516630354957
1630094684000,0.3166919784252945
1630094714000,0.3180026823200993
1630094744000,0.3114240606679035
1630094774000,0.311739323783455
1630094804000,0.3178856505230769
1630094834000,0.31549976490473264
1630094864000,0.31923729052247873
1630094894000,0.31159745127427185
1630094924000,0.31863814559710496
1630094954000,0.3102912953558504
1630094984000,0.3124371683364255
1630095014000,0.3134158408711217
1630095044000,0.31466051896232244
1630095074000,0.3135955832506204
1630095104000,0.3126161968826406
1630095134000,0.3175175032878412
1630095164000,0.3165245198286414
1630095194000,0.32048178417177914
1630095224000,0.31439196451612905
1630095254000,0.31403490551558755
1630095284000,0.31274081280148425
1630095314000,0.3216532647678019
1630095344000,0.31503811703703705
1630095374000,0.3137408489808524
1630095404000,0.3143418574691358
1630095434000,0.3159319789248626
1630095464000,0.3130931573170732
1630095494000,0.3168938833333333
1630095524000,0.3146682993393393
1630095554000,0.3153273181873852
1630095584000,0.3162528743746187
1630095614000,0.3155648096987952
1630095644000,0.31682442712074305
1630095674000,0.3125365255189255
1630095704000,0.3170366380394575
1630095734000,0.31550062870090634
1630095764000,0.3161359759248029
1630095794000,0.3129399009068924
1630095824000,0.3146850819913952
1630095854000,0.3238905870907968
1630095884000,0.3170506415175817
1630095914000,0.3160483582672361
1630095944000,0.3146542556720099
1630095974000,0.3157063323312884
1630096004000,0.31057898393623545
1630096034000,0.3192081298480243
1630096064000,0.31864808655717763
1630096094000,0.3172591563849476
1630096124000,0.315402616287646
1630096154000,0.313957603347535
1630096184000,0.31122854690373997
1630096214000,0.31987454378478664
1630096244000,0.3150774457369062
1630096274000,0.3156203087301587
1630096304000,0.3155006993389423
1630096334000,0.3159398893341553
1630096364000,0.31213583092592595
1630096394000,0.3182892612393682
1630096424000,0.31159907402912623
1630096454000,0.31710981779141106
1630096484000,0.3127559378146102
1630096514000,0.31511857854966485
1630096544000,0.31341026051032805
1630096574000,0.31184751138310896
1630096604000,0.3174279302184466
1630096634000,0.31217973991389913
1630096664000,0.3113254448297213
1630096694000,0.3206491408323281
1630096724000,0.3205369580882353
1630096754000,0.3146118519313305
1630096784000,0.3158931793187348
1630096814000,0.3214606645909646
1630096844000,0.31908858987492555
1630096874000,0.3228645022235948
1630096904000,0.31652674205721243
1630096934000,0.31288936844036697
1630096964000,0.31210452761377616
1630096994000,0.3131622034734918
1630097024000,0.31182950825743777
1630097054000,0.2788482131868132
1630097084000,0.3119537800245851
1630097114000,0.311184775781729
1630097144000,0.3156010550339716
1630097174000,0.3176684672873991
1630097204000,0.30997677894417475
1630097234000,0.3151240386723508
1630097264000,0.3219904160224439
1630097294000,0.31614572275561104
1630097324000,0.3119747826981246
1630097354000,0.3115063854399009
1630097384000,0.3172500411656441
1630097414000,0.3185963465846154
1630097444000,0.3141123701492537
1630097474000,0.3161134148755313
1630097504000,0.31530962007411983
1630097534000,0.3154892744485294
1630097564000,0.3186307254247573
1630097594000,0.3159045233782129
1630097624000,0.31830305766646305
1630097654000,0.3165804779189353
1630097684000,0.3130347590223295
1630097714000,0.31174607737725296
1630097744000,0.3177162185669782
1630097774000,0.3131153431572629
1630097804000,0.3187937655384616
1630097834000,0.3226349175470553
1630097864000,0.31050921331689274
1630097894000,0.32105592369380315
1630097924000,0.3113466707512315
1630097954000,0.3181950674164133
1630097984000,0.31732465
1630098014000,0.3111332489621489
1630098044000,0.31679849311414393
1630098074000,0.3181909487658037
1630098104000,0.3169245309419838
1630098134000,0.3170245118469016
1630098164000,0.3111645096615385
1630098194000,0.31367192224242424
1630098224000,0.3118405860109957
1630098254000,0.3136694245742093
1630098284000,0.3136996219041693
1630098314000,0.3123131045177045
1630098344000,0.3147784662740236
1630098374000,0.3158035304981774
1630098404000,0.3112483846060606
1630098434000,0.3124036734299517
1630098464000,0.3129303346082665
1630098494000,0.31574526425557564
1630098524000,0.3117367942260442
1630098554000,0.31031541410967345
1630098584000,0.3172868843575419
1630098614000,0.3185742353121175
1630098644000,0.3111661633794348
1630098674000,0.3120414352300242
1630098704000,0.31972598946716235
1630098734000,0.3115839884075656
1630098764000,0.31210222969135804
1630098794000,0.3179315552776083
1630098824000,0.3160732547169811
1630098854000,0.312261550586782
1630098884000,0.3169172250310559
1630098914000,0.3165966230395137
1630098944000,0.3141956899503722
1630098974000,0.3124174244738425
1630099004000,0.31530765401594113
1630099034000,0.3241445274292743
1630099064000,0.31775027859756105
1630099094000,0.31307585231143553
1630099124000,0.3164963355869699
1630099154000,0.31101240897129184
1630099184000,0.3177255932193036
1630099214000,0.3148603776137761
1630099244000,0.3176042487980769
1630099274000,0.31657110065986804
1630099304000,0.3209099159756097
1630099334000,0.31776693396572825
1630099364000,0.31817093539393937
1630099394000,0.31303328432563793
1630099424000,0.3147602309392265
1630099454000,0.3162708105263158
1630099484000,0.31219806031457953
1630099514000,0.3159866478099938
1630099544000,0.31501055425597063
1630099574000,0.3136584994481913
1630099604000,0.3134501157116451
1630099634000,0.3129535955963303
1630099664000,0.3127503053081147
1630099694000,0.3157318170263789
1630099724000,0.3140492698898409
1630099754000,0.31596781644578315
1630099784000,0.3158156333943834
1630099814000,0.31368916112484546
1630099844000,0.3195576606415793
1630099874000,0.31315728207317073
1630099904000,0.3134329553648069
1630099934000,0.3148142054777845
1630099964000,0.31566329517923364
1630099994000,0.3126603829721362
1630100024000,0.31246257706928265
1630100054000,0.3211886417575758
1630100084000,0.31645289439083235
1630100114000,0.31446025781440784
1630100144000,0.3153617874541004
1630100174000,0.31589756056685153
1630100204000,0.319318380148423
1630100234000,0.31337667337386016
1630100264000,0.3137042977805179
1630100294000,0.3195992405236908
1630100324000,0.3196097044209216
1630100354000,0.3168058629719854
1630100384000,0.31701948016019715
1630100414000,0.3165437416167665
1630100444000,0.3180847561510353
1630100474000,0.31530674405339804
1630100504000,0.3120525097051597
1630100534000,0.31271471015815083
1630100564000,0.3147404552211302
1630100594000,0.3113435653453453
1630100624000,0.3134033946706587
1630100654000,0.3130284105132962
1630100684000,0.31158659662369553
1630100714000,0.3157764047849788
1630100744000,0.3201189282004831
1630100774000,0.3104241144945189
1630100804000,0.3112760514355528
1630100834000,0.31761463398773004
1630100864000,0.3111360534769231
1630100894000,0.3164193877899878
1630100924000,0.3158887305693069
1630100954000,0.31774745155772754
1630100984000,0.31674018952205885
1630101014000,0.3147277112650602
1630101044000,0.31824376339341204
1630101074000,0.3141603606637984
1630101104000,0.31327519505494505
1630101134000,0.3177549414755115
1630101164000,0.3118454925948592
1630101194000,0.31630433756038645
1630101224000,0.3114751709102091
1630101254000,0.3124395817348809
1630101284000,0.32130110120481925
1630101314000,0.31251231256067963
1630101344000,0.31224539678398056
1630101374000,0.31677740889701395
1630101404000,0.3182913090018371
1630101434000,0.3167029919285274
1630101464000,0.3122002298589822
1630101494000,0.3158204743030303
1630101524000,0.31234529405700423
1630101554000,0.31726734476248475
1630101584000,0.3141127848708487
1630101614000,0.3135697609251369
1630101644000,0.31280396526508225
1630101674000,0.31390971738601825
1630101704000,0.31260571150334754
1630101734000,0.3128060575350824
1630101764000,0.3131831700680272
1630101794000,0.3168953148081535
1630101824000,0.3201384039759036
1630101854000,0.3128647449017199
1630101884000,0.3124525266951741
1630101914000,0.31279355316770185
1630101944000,0.31315326106088004
1630101974000,0.3150018872839506
1630102004000,0.31390302974644396
1630102034000,0.3115440211801242
1630102064000,0.3134722618204032
1630102094000,0.3181772407090465
1630102124000,0.3137272746359223
1630102154000,0.31284880680313065
1630102184000,0.3168973756658596
1630102214000,0.31236608284493284
1630102244000,0.3154642559311617
1630102274000,0.3108888730557257
1630102304000,0.3124013710153846
1630102334000,0.31397266344743274
1630102364000,0.31824338146101905
1630102394000,0.3183562290381125
1630102424000,0.3203220209090909
1630102454000,0.31690481111111113
1630102484000,0.3144518260147601
1630102514000,0.2596492103194103
1630102544000,0.3174786895485467
1630102574000,0.3184194339645693
1630102604000,0.3181713017575757
1630102634000,0.3156050042383292
1630102664000,0.31598028267813266
1630102694000,0.31266340123915737
1630102724000,0.31194764449818624
1630102754000,0.3163120148080439
1630102784000,0.31996274609756103
1630102814000,0.316486022180917
1630102844000,0.3199238008378217
1630102874000,0.31231125137952176
1630102904000,0.3185115230863442
1630102934000,0.3148376210942249
1630102964000,0.31527377839657283
1630102994000,0.3144592607540173
1630103024000,0.31758941587878786
1630103054000,0.316156178729963
1630103084000,0.3160438889705882
1630103114000,0.3208962233925291
1630103144000,0.312660636201598
1630103174000,0.3164281682452945
1630103204000,0.31289647925790753
1630103234000,0.3188824616915423
1630103264000,0.310508625014997
1630103294000,0.3242133053243574
1630103324000,0.3128987446200608
1630103354000,0.3102898433033033
1630103384000,0.3138298658188586
1630103414000,0.31717095414091473
1630103444000,0.313921242994012
1630103474000,0.3211524854140915
1630103504000,0.3204018536764706
1630103534000,0.31786198588308456
1630103564000,0.314866359569378
1630103594000,0.31206196629766303
1630103624000,0.3185147423478795
1630103654000,0.31259981871921183
1630103684000,0.31238314109589044
1630103714000,0.3116187890169903
1630103744000,0.31358556217833633
1630103774000,0.31142155120147874
1630103804000,0.31171059216533004
1630103834000,0.3129255992687386
1630103864000,0.3102920700906344
1630103894000,0.3109389445393533
1630103924000,0.3201425605183846
1630103954000,0.319305954708798
1630103984000,0.31063445318892896
1630104014000,0.3128518519417476
1630104044000,0.31398590166358603
1630104074000,0.3133133155867971
1630104104000,0.3189477992063492
1630104134000,0.3120342909541512
1630104164000,0.3161587182926829
1630104194000,0.3164183817230769
1630104224000,0.3147433953601953
1630104254000,0.31141393306748466
1630104284000,0.31436778236386137
1630104314000,0.3199610038106945
1630104344000,0.31311838943792464
1630104374000,0.3172723356447689
1630104404000,0.31243460938074796
1630104434000,0.3187743392373924
1630104464000,0.3175617910168434
1630104494000,0.31180068572289155
1630104524000,0.3124582146805897
1630104554000,0.31039454818907297
1630104584000,0.3120153404791155
1630104614000,0.312273659129902
1630104644000,0.31601387396156233
1630104674000,0.31592158988833746
1630104704000,0.3120952697489284
1630104734000,0.3147882343483557
1630104764000,0.3172910885276073
1630104794000,0.3125587131276467
1630104824000,0.3153328105167173
1630104854000,0.31625024660252554
1630104884000,0.3132416896363636
1630104914000,0.3170230805364941
1630104944000,0.31419598112522684
1630104974000,0.3132028218902439
1630105004000,0.3130042944579781
1630105034000,0.31583281578298394
1630105064000,0.3189006408953418
1630105094000,0.31468690573012936
1630105124000,0.31760303947206875
1630105154000,0.3132239392705167
1630105184000,0.31104596476715685
1630105214000,0.3134136335538184
1630105244000,0.3139652021341464
1630105274000,0.3130761272613849
1630105304000,0.3167777813146683
1630105334000,0.3147317570127505
1630105364000,0.31354791174680463
1630105394000,0.3167715009803921
1630105424000,0.3111846250764526
1630105454000,0.3184634049969531
1630105484000,0.3125662191113816
1630105514000,0.32046511090133983
1630105544000,0.3150474634086744
1630105574000,0.3093608714200832
1630105604000,0.3180377688564477
1630105634000,0.31655448904615385
1630105664000,0.31369277102977666
1630105694000,0.3170084305334151
1630105724000,0.31720598938547484
1630105754000,0.3179782543795621
1630105784000,0.31737154191763983
1630105814000,0.3122447736746988
1630105844000,0.31301725927518426
1630105874000,0.30991407533577536
1630105904000,0.3206373850909091
1630105934000,0.31393556495412844
1630105964000,0.31384771433846154
1630105994000,0.3141107421341464
1630106024000,0.3172018103448276
1630106054000,0.3160222790825688
1630106084000,0.31678968458715595
1630106114000,0.3176987695731707
1630106144000,0.31783392504581554
1630106174000,0.3150921027556644
1630106204000,0.3166552475958612
1630106234000,0.319036421997549
1630106264000,0.3186896999380037
1630106294000,0.3130564352762599
1630106324000,0.3131814794403893
1630106354000,0.3132493537214886
1630106384000,0.3109762622208811
1630106414000,0.31894944956467663
1630106444000,0.31767676736068584
1630106474000,0.3180127093673966
1630106504000,0.31126561784181483
1630106534000,0.3175937670343137
1630106564000,0.3239775093389933
1630106594000,0.3156683428307692
1630106624000,0.316875297392359
1630106654000,0.31594146328267475
1630106684000,0.3174980414814815
1630106714000,0.3170116712414223
1630106744000,0.31358403217821784
1630106774000,0.3234960744014733
1630106804000,0.315866342709599
1630106834000,0.32092392204628495
1630106864000,0.31298496832718325
1630106894000,0.31255368264264266
1630106924000,0.31582183378295525
1630106954000,0.315178922228989
1630106984000,0.3123664175482265
1630107014000,0.31544338037553
1630107044000,0.3148446463880597
1630107074000,0.3134467805759804
1630107104000,0.31232487493811883
1630107134000,0.3130426331914893
1630107164000,0.3118611360172096
1630107194000,0.3149242222154964
1630107224000,0.3169421916820702
1630107254000,0.3168909559802713
1630107284000,0.3117224210397553
1630107314000,0.3146993111922141
1630107344000,0.3157491227493917
1630107374000,0.3215243086618877
1630107404000,0.32101973650401483
1630107434000,0.3133861134499397
1630107464000,0.3165201189708617
1630107494000,0.31205201537515376
1630107524000,0.3167137649439601
1630107554000,0.3178477034608379
1630107584000,0.31883527587908694
1630107614000,0.3156898182320442
1630107644000,0.3124567713500305
1630107674000,0.3120118805147059
1630107704000,0.3110114579365079
1630107734000,0.3117887489883507
1630107764000,0.3127067943930992
1630107794000,0.32048904789505794
1630107824000,0.3185386718404908
1630107854000,0.3151998143292683
1630107884000,0.3183746864386072
1630107914000,0.3190604506336753
1630107944000,0.3135025368198307
1630107974000,0.3220091940134392
1630108004000,0.31463195122100124
1630108034000,0.311728457859734
1630108064000,0.3136377119829684
1630108094000,0.3126412351918465
1630108124000,0.3113746116564417
1630108154000,0.3140333746158574
1630108184000,0.3113339524014778
1630108214000,0.3174321418960245
1630108244000,0.3179810834969325
1630108274000,0.3209607601330913
1630108304000,0.31665774488428744
1630108334000,0.31531614056895485
1630108364000,0.31896525
1630108394000,0.3146510949266504
1630108424000,0.3147549316203144
1630108454000,0.3151312732273839
1630108484000,0.3191363891198044
1630108514000,0.31261121489757915
1630108544000,0.31636455905224786
1630108574000,0.3167971893341553
1630108604000,0.3114030358834244
1630108634000,0.3127826022045315
1630108664000,0.3181676656346749
1630108694000,0.31276298759926696
1630108724000,0.3260407498776009
1630108754000,0.3172345736971183
1630108784000,0.3117068518586228
1630108814000,0.3157862710575139
1630108844000,0.3141598388888889
1630108874000,0.3120217471419791
1630108904000,0.3173502143118149
1630108934000,0.31444010647168635
1630108964000,0.31111805885225885
1630108994000,0.3121786564713065
1630109024000,0.31155627501534683
1630109054000,0.3137025205864386
1630109084000,0.3174917676397516
1630109114000,0.3123375081437126
1630109144000,0.32006851357575755
1630109174000,0.3118727170134639
1630109204000,0.3152456103744629
1630109234000,0.3146102800985829
1630109264000,0.31330726120422103
1630109294000,0.3164681128501827
1630109324000,0.3169628263254113
1630109354000,0.3151663586018237
1630109384000,0.3222333482132041
1630109414000,0.31653984848116645
1630109444000,0.3222154022519781
1630109474000,0.31551892161997563
1630109504000,0.3177594960293219
1630109534000,0.3154834357753358
1630109564000,0.31219588557516736
1630109594000,0.312509212392638
1630109624000,0.31207078142509137
1630109654000,0.3159411038485034
1630109684000,0.31826339859413205
1630109714000,0.3152449551975684
1630109744000,0.3121516250155569
1630109774000,0.3169327567946374
1630109804000,0.3185953129854369
1630109834000,0.3133782205351587
1630109864000,0.3168602571514786
1630109894000,0.31408000285359805
1630109924000,0.31912398834355826
1630109954000,0.3131317004283965
1630109984000,0.3112538712727273
1630110014000,0.31663886095003085
1630110044000,0.3137484526699029
1630110074000,0.31865163544844416
1630110104000,0.3167946504014824
1630110134000,0.3165599250453721
1630110164000,0.3113233205665025
1630110194000,0.3102065844796105
1630110224000,0.3138513194679565
1630110254000,0.3146646033796017
1630110284000,0.3178037583590376
1630110314000,0.3209532256014805
1630110344000,0.3175172777437155
1630110374000,0.314723971863581
1630110404000,0.3113846317791411
1630110434000,0.3123044284764208
1630110464000,0.3125272164281269
1630110494000,0.3170889296662546
1630110524000,0.3170746949142157
1630110554000,0.31596673417023885
1630110584000,0.3141752624922505
1630110614000,0.3120787709497207
1630110644000,0.3153329288875231
1630110674000,0.3172307780517879
1630110704000,0.308415716827503
1630110734000,0.32136769044703
1630110764000,0.31372930625387
1630110794000,0.31299601767215113
1630110824000,0.31258855076359193
1630110854000,0.3170366727440148
1630110884000,0.3155351718712029
1630110914000,0.3154933294328358
1630110944000,0.3184131453076445
1630110974000,0.31523537322303924
1630111004000,0.31223809999999996
1630111034000,0.31018216409007915
1630111064000,0.31386505696821515
1630111094000,0.3088262214761041
1630111124000,0.3145675050480769
1630111154000,0.3138786853584447
1630111184000,0.31997667970570204
1630111214000,0.3181706475985221
1630111244000,0.31236984522332506
1630111274000,0.3126049264851485
1630111304000,0.3173160365243902
1630111334000,0.3105136768433881
1630111364000,0.31714519602446484
1630111394000,0.3156515787878788
1630111424000,0.3113998068838353
1630111454000,0.3132373376607471
1630111484000,0.3153152214936248
1630111514000,0.3181704748466257
1630111544000,0.3154036415640394
1630111574000,0.31764965673017825
1630111604000,0.3158533171565687
1630111634000,0.31826239810397555
1630111664000,0.32164515262832405
1630111694000,0.3182460642118077
1630111724000,0.3119810443902439
1630111754000,0.3143417740672783
1630111784000,0.3120980231990232
1630111814000,0.3165039280193237
1630111844000,0.3158475218599034
1630111874000,0.315753316565534
1630111904000,0.3175259951975684
1630111934000,0.3123454762824381
1630111964000,0.3194960536407767
1630111994000,0.3140659723990208
1630112024000,0.3173908536855037
1630112054000,0.3178879426594465
1630112084000,0.31393856678899085
1630112114000,0.3120435555900621
1630112144000,0.3168966874244256
1630112174000,0.3153229941141141
1630112204000,0.3172969415896488
1630112234000,0.3152422755391251
1630112264000,0.3159546677635588
1630112294000,0.3159250253416149
1630112324000,0.31235692845825713
1630112354000,0.3214162847852761
1630112384000,0.32006684240963856
1630112414000,0.3157890781750925
1630112444000,0.3229997785670545
1630112474000,0.3183526192638037
1630112504000,0.3144218501833741
1630112534000,0.3190549182096873
1630112564000,0.32340781107766403
1630112594000,0.3130640047358834
1630112624000,0.31157959975639465
1630112654000,0.3122154249848024
1630112684000,0.3125910432317073
1630112714000,0.3150804242201835
1630112744000,0.3177051098370549
1630112774000,0.3144565296363636
1630112804000,0.3214926631546894
1630112834000,0.3173595114602588
1630112864000,0.312409414040466
1630112894000,0.31930397871165644
1630112924000,0.3125353891277641
1630112954000,0.3184914966483851
1630112984000,0.3156060386856789
1630113014000,0.3132773303843807
1630113044000,0.3266881125759417
1630113074000,0.3113639059113301
1630113104000,0.31588161384233393
1630113134000,0.3125897770541692
1630113164000,0.31666176179012345
1630113194000,0.3172590311505508
1630113224000,0.31783894969512194
1630113254000,0.3169064726993865
1630113284000,0.3119332828518746
1630113314000,0.31179512156019656
1630113344000,0.31385077309612985
1630113374000,0.3225027737103791
1630113404000,0.3199834077628362
1630113434000,0.3142961350490196
1630113464000,0.3230492897921761
1630113494000,0.31709553692870196
1630113524000,0.322040752998776
1630113554000,0.3121670788957055
1630113584000,0.3140446780233272
1630113614000,0.3158009416868932
1630113644000,0.3128817929051988
1630113674000,0.3194699498465316
1630113704000,0.3183250988235294
1630113734000,0.31977086321559073
1630113764000,0.3133183039408867
1630113794000,0.31657168610253245
1630113824000,0.3182554646282973
1630113854000,0.3184574431610942
1630113884000,0.3150233129230769
1630113914000,0.31709010992779785
1630113944000,0.3151833174043062
1630113974000,0.3171225289554062
1630114004000,0.317610212300123
1630114034000,0.31252701354996937
1630114064000,0.3121080053081147
1630114094000,0.3199769182544561
1630114124000,0.3184669510067114
1630114154000,0.3191975762111801
1630114184000,0.3100927912808178
1630114214000,0.3143367757869249
1630114244000,0.3107236396668723
1630114274000,0.3112887455665025
1630114304000,0.3132169588983051
1630114334000,0.3164793778184034
1630114364000,0.3144368278121137
1630114394000,0.3141674189987937
1630114424000,0.31613749885954384
1630114454000,0.3142990314481044
1630114484000,0.31989401376591875
1630114514000,0.3172953183030303
1630114544000,0.31782784787552365
1630114574000,0.3175421627250901
1630114604000,0.3143391381784155
1630114634000,0.3190387422818792
1630114664000,0.31396023042394017
1630114694000,0.3178655117866005
1630114724000,0.31226181295961425
1630114754000,0.31331822950617283
1630114784000,0.3201539984156002
1630114814000,0.31775498848744643
1630114844000,0.3124411464745555
1630114874000,0.3133807616891065
1630114904000,0.3144928458100559
1630114934000,0.3175939618226601
1630114964000,0.3169060273780488
1630114994000,0.3160462671019901
1630115024000,0.3170671264868179
1630115054000,0.3126976202205882
1630115084000,0.3171610395768513
1630115114000,0.3137555404978749
1630115144000,0.31276067134109004
1630115174000,0.31174781352009745
1630115204000,0.3177735892769608
1630115234000,0.3176259617216117
1630115264000,0.3130724970260223
1630115294000,0.31926543655589124
1630115324000,0.3144053634176434
1630115354000,0.31308939052823315
1630115384000,0.31223117726995736
1630115414000,0.3169348717901235
1630115444000,0.31295881078610605
1630115474000,0.3164886867773678
1630115504000,0.3150313598635236
1630115534000,0.3111170514041514
1630115564000,0.3153409865928659
1630115594000,0.31574570847880296
1630115624000,0.3136242664179105
1630115654000,0.3136185526862027
1630115684000,0.31887856527350955
1630115714000,0.3169017465316145
1630115744000,0.317717732293578
1630115774000,0.31258579659160074
1630115804000,0.3199958964525994
1630115834000,0.3150937639364303
1630115864000,0.3159312639732685
1630115894000,0.31531548163636364
1630115924000,0.3120252429981493
1630115954000,0.32144250636749544
1630115984000,0.3183831893958076
1630116014000,0.3148512947240752
1630116044000,0.31527004534534536
1630116074000,0.3140762201460743
1630116104000,0.3150597923867069
1630116134000,0.3126349939168219
1630116164000,0.3105924554948391
1630116194000,0.3149918585054678
1630116224000,0.31159971715833834
1630116254000,0.3169083963122311
1630116284000,0.3129575831508516
1630116314000,0.3177290248932276
1630116344000,0.3173720535108959
1630116374000,0.31607732344786016
1630116404000,0.31079623047966
1630116434000,0.31671589213759216
1630116464000,0.3220158423006695
1630116494000,0.3114858199134199
1630116524000,0.3180524227667494
1630116554000,0.31490612345454544
1630116584000,0.3137112925123762
1630116614000,0.3123175167079208
1630116644000,0.3212809639263804
1630116674000,0.3181904293753865
1630116704000,0.3205664490752158
1630116734000,0.3211979449598021
1630116764000,0.3138744348093481
1630116794000,0.31281932022877784
1630116824000,0.3140747990220049
1630116854000,0.3181884616136919
1630116884000,0.3123907406155703
1630116914000,0.2529979064797508
1630116944000,0.31255427727832513
1630116974000,0.3139539960832313
1630117004000,0.3188512001835985
1630117034000,0.316152877202711
1630117064000,0.3076443980310263
1630117094000,0.3156469622860636
1630117124000,0.3214810314039409
1630117154000,0.3136055977534912
1630117184000,0.3139481283502085
1630117214000,0.3156473503426791
1630117244000,0.3159276562576687
1630117274000,0.31522542889963723
1630117304000,0.3155479749844817
1630117334000,0.3186232962852007
1630117364000,0.322064750621118
1630117394000,0.3222877629294756
1630117424000,0.3183753114457831
1630117454000,0.31446619244256346
1630117484000,0.3150798354954955
1630117514000,0.3168046992039192
1630117544000,0.3167072468479604
1630117574000,0.3181790727767695
1630117604000,0.3149941919504644
1630117634000,0.3121241303067485
1630117664000,0.3152433678111588
1630117694000,0.3153348086404834
1630117724000,0.31726802646699265
1630117754000,0.3225842118042814
1630117784000,0.3196900174153846
1630117814000,0.3203983251807229
1630117844000,0.3162918446637878
1630117874000,0.3129712986060606
1630117904000,0.3121670625531915
1630117934000,0.31613217470841004
1630117964000,0.3114949174816626
1630117994000,0.3172430563345633
1630118024000,0.317083592540074
1630118054000,0.3134862858478803
1630118084000,0.3113601945812808
1630118114000,0.3156607063298844
1630118144000,0.31350534056831925
1630118174000,0.31763884147381244
1630118204000,0.31324233481756336
1630118234000,0.32109768484662576
1630118264000,0.3129260318459658
1630118294000,0.3121425312995729
1630118324000,0.314423223123856
1630118354000,0.3129531158506732
1630118384000,0.3188731177668106
1630118414000,0.31134428076692633
1630118444000,0.3115887649541285
1630118474000,0.31579039675608234
1630118504000,0.3167726726322263
1630118534000,0.3177887030543677
1630118564000,0.3150816672211953
1630118594000,0.31060957704918035
1630118624000,0.3121299837408313
1630118654000,0.31688354366893146
1630118684000,0.310241061256864
1630118714000,0.31603391531477
1630118744000,0.3169194085593731
1630118774000,0.3199522061643836
1630118804000,0.3117662131868132
1630118834000,0.3147509747709224
1630118864000,0.3180092170251997
1630118894000,0.3160299693776956
1630118924000,0.3187930912
1630118954000,0.31543545120892746
1630118984000,0.3160512169398907
1630119014000,0.3149002789090909
1630119044000,0.3154166442891859
1630119074000,0.3176747623853211
1630119104000,0.28380780724725946
1630119134000,0.3209012117283951
1630119164000,0.3173913666052793
1630119194000,0.3129518125151149
1630119224000,0.3140249468864469
1630119254000,0.3120701900613497
1630119284000,0.31800050542352226
1630119314000,0.31363615918114146
1630119344000,0.3142414483536585
1630119374000,0.3208103974058061
1630119404000,0.3171321998165137
1630119434000,0.32063959752116084
1630119464000,0.31898263011152417
1630119494000,0.3150772708821715
1630119524000,0.3168405390776699
1630119554000,0.31922118163265306
1630119584000,0.31176862063971034
1630119614000,0.3155440146371464
1630119644000,0.3175078000613497
1630119674000,0.3135959964923077
1630119704000,0.3117352148689823
1630119734000,0.3135797808497537
1630119764000,0.3128088729309272
1630119794000,0.32101010998174073
1630119824000,0.3156500507626602
1630119854000,0.31372181369193153
1630119884000,0.313459591003672
1630119914000,0.3171849144498186
1630119944000,0.3137911203955501
1630119974000,0.3133736188271605
1630120004000,0.31184449045012164
1630120034000,0.3141057781807007
1630120064000,0.31316448979217604
1630120094000,0.3148000024479804
1630120124000,0.31682955460012024
1630120154000,0.3127097639464068
1630120184000,0.3137876121042831
1630120214000,0.3175316949099938
1630120244000,0.3188253881693649
1630120274000,0.3153219354562156
1630120304000,0.31941619595588233
1630120334000,0.3199260385089341
1630120364000,0.3159952919708029
1630120394000,0.3117273645024272
1630120424000,0.3169908001226241
1630120454000,0.3122853553874092
1630120484000,0.3110049996428572
1630120514000,0.3143433314837153
1630120544000,0.3125769814277072
1630120574000,0.3188536746674728
1630120604000,0.31579956579764124
1630120634000,0.31412388727162
1630120664000,0.3183500895356037
1630120694000,0.31194905051421656
1630120724000,0.3161041636697248
1630120754000,0.3151096981640147
1630120784000,0.3169565275434243
1630120814000,0.31239667080246913
1630120844000,0.3144997582923833
1630120874000,0.3174306600739372
1630120904000,0.3163750879778052
1630120934000,0.31797286977032896
1630120964000,0.3114263027743526
1630120994000,0.31686609404176896
1630121024000,0.3151207495985176
1630121054000,0.3130988617239301
1630121084000,0.3136990728260869
1630121114000,0.3179240960486322
1630121144000,0.31620571918392204
1630121174000,0.31268504425427873
1630121204000,0.3169320099628713
1630121234000,0.3126629891727494
1630121264000,0.312702388757764
1630121294000,0.31732735699257425
1630121324000,0.3173511761933904
1630121354000,0.310102371523983
1630121384000,0.31593157270531397
1630121414000,0.3118367842724458
1630121444000,0.3229748579586877
1630121474000,0.3173951477777778
1630121504000,0.31463885490797544
1630121534000,0.3192668467162329
1630121564000,0.31500168367718445
1630121594000,0.3116993146732429
1630121624000,0.3168312317412334
1630121654000,0.3134393358318099
1630121684000,0.3180019070812808
1630121714000,0.3127832439127801
1630121744000,0.3178962357743097
1630121774000,0.31257123072693954
1630121804000,0.31231134476961403
1630121834000,0.3141275288710673
1630121864000,0.3216695631291692
1630121894000,0.31294540253929864
1630121924000,0.3164067888268157
1630121954000,0.31407632954264525
1630121984000,0.31632898534798537
1630122014000,0.3126976939486553
1630122044000,0.3152671004944376
1630122074000,0.3158377094362745
1630122104000,0.31657953973349484
1630122134000,0.3147446267356882
1630122164000,0.31281747667865706
1630122194000,0.3135705743176179
1630122224000,0.3125599006134969
1630122254000,0.3109164152827918
1630122284000,0.3111991855595668
1630122314000,0.3208048874384237
1630122344000,0.3115986000611621
1630122374000,0.31660039479553903
1630122404000,0.3129566311373524
1630122434000,0.3153411164929491
1630122464000,0.3131518529878049
1630122494000,0.3145142812538414
1630122524000,0.3128394958308157
1630122554000,0.31752645796217205
1630122584000,0.3135310137302552
1630122614000,0.3164579855222969
1630122644000,0.3173422506485485
1630122674000,0.3175445048532055
1630122704000,0.3213611666260658
1630122734000,0.3176096128468034
1630122764000,0.31828233638048176
1630122794000,0.3113355551831161
1630122824000,0.31873634756022234
1630122854000,0.3156516846294046
1630122884000,0.3136725582716049
1630122914000,0.3166128705772812
1630122944000,0.32165435098280104
1630122974000,0.32202580554885396
1630123004000,0.31348627008495145
1630123034000,0.31674158787143725
1630123064000,0.3129910944686141
1630123094000,0.3181391033047736
1630123124000,0.3156675515042118
1630123154000,0.31466251583737864
1630123184000,0.321422350881459
1630123214000,0.3135430723076923
1630123244000,0.3130184911641791
1630123274000,0.3121196464417178
1630123304000,0.3142871272125225
1630123334000,0.3156691692951015
1630123364000,0.31725438194020744
1630123394000,0.31327772716125074
1630123424000,0.3148427320073439
1630123454000,0.3142182795705521
1630123484000,0.3167962582216809
1630123514000,0.3136957137720902
1630123544000,0.31376156570197045
1630123574000,0.3209109271559633
1630123604000,0.3185206775362319
1630123634000,0.31728270389768576
1630123664000,0.3169130573185732
1630123694000,0.3213305271454656
1630123724000,0.3167183581807082
1630123754000,0.31319492222906403
1630123784000,0.3178918249542404
1630123814000,0.311637185064536
1630123844000,0.31903587829313546
1630123874000,0.3236353880124224
1630123904000,0.3113470550091075
1630123934000,0.317369228222358
1630123964000,0.31662256312849163
1630123994000,0.3130490426399027
1630124024000,0.3129697419550698
1630124054000,0.31605006660482377
1630124084000,0.3156965118404908
1630124114000,0.32214087777101097
1630124144000,0.32049497562461915
1630124174000,0.3135424071472205
1630124204000,0.3127290728280961
1630124234000,0.3196072969116739
1630124264000,0.3117053809523809
1630124294000,0.3116592492940454
1630124324000,0.31408573658235656
1630124354000,0.31721694324491057
1630124384000,0.3126598008658009
1630124414000,0.3116682899220156
1630124444000,0.3182341141081417
1630124474000,0.3126323186032511
1630124504000,0.3222981876190476
1630124534000,0.3130316185185185
1630124564000,0.3137885777236762
1630124594000,0.3127290431231231
1630124624000,0.31098036973039217
1630124654000,0.3115073745532964
1630124684000,0.3152855662613982
1630124714000,0.3224590053625838
1630124744000,0.3173790412415489
1630124774000,0.3126684871857756
1630124804000,0.31506222605804113
1630124834000,0.3109144534440345
1630124864000,0.3159209131055901
1630124894000,0.3125712292727273
1630124924000,0.3151317621654501
1630124954000,0.3145938545896657
1630124984000,0.31372699749541844
1630125014000,0.3203877140490797
1630125044000,0.3101183362522964
1630125074000,0.3170029656833233
1630125104000,0.31326692932193034
1630125134000,0.3112218813967861
1630125164000,0.3141426885981308
1630125194000,0.3140789639853748
1630125224000,0.31650920563816604
1630125254000,0.3166193743417024
1630125284000,0.315528068190128
1630125314000,0.3097664221142163
1630125344000,0.31318122238065715
1630125374000,0.31228047917181706
1630125404000,0.3164861378476421
1630125434000,0.3154664565588773
1630125464000,0.3133246291817088
1630125494000,0.3114184875930521
1630125524000,0.3160908257230769
1630125554000,0.3131684037792441
1630125584000,0.3124644979975728
1630125614000,0.31577014499389505
1630125644000,0.32038522597162244
1630125674000,0.3132968279827798
1630125704000,0.3174921935796487
1630125734000,0.3177260241846154
1630125764000,0.31675425704531346
1630125794000,0.31570248094362746
1630125824000,0.31763390423572746
1630125854000,0.3124404360515021
1630125884000,0.31729539745300184
1630125914000,0.31826795339925834
1630125944000,0.3138925469437653
1630125974000,0.31509018896969704
1630126004000,0.3142057408138101
1630126034000,0.31493705066909977
1630126064000,0.3149924976885645
1630126094000,0.3148035097651421
1630126124000,0.31356973756872325
1630126154000,0.3140998097470697
1630126184000,0.31295030509633315
1630126214000,0.3169462522699387
1630126244000,0.31610398703931203
1630126274000,0.32075387844827585
1630126304000,0.3127670121996303
1630126334000,0.3165197179789213
1630126364000,0.3184333596664608
1630126394000,0.3175151166366366
1630126424000,0.31516152014742016
1630126454000,0.3114008515577276
1630126484000,0.3127126752760736
1630126514000,0.3180231821276596
1630126544000,0.31276054262195124
1630126574000,0.3174364975947084
1630126604000,0.32026528930117504
1630126634000,0.3116651133495146
1630126664000,0.31218042434411225
1630126694000,0.3174576663995068
1630126724000,0.3131397898181818
1630126754000,0.31367663070283597
1630126784000,0.3122542295662798
1630126814000,0.3159181955473098
1630126844000,0.31205618799751245
1630126874000,0.3126129728280961
1630126904000,0.3116079287461774
1630126934000,0.31114110231990233
1630126964000,0.31479793285978996
1630126994000,0.3107985510353228
1630127024000,0.3182761379161529
1630127054000,0.3217696321450522
1630127084000,0.31239570364963504
1630127114000,0.31898545125844074
1630127144000,0.3145833714896215
1630127174000,0.3174256734029484
1630127204000,0.3145192255424675
1630127234000,0.31894009054054057
1630127264000,0.3180687053604436
1630127294000,0.3136915644704433
1630127324000,0.3143178283007335
1630127354000,0.31851492923264313
1630127384000,0.3130901698206555
1630127414000,0.3112948635813672
1630127444000,0.3151163526736325
1630127474000,0.3209365218137255
1630127504000,0.3128368969306323
1630127534000,0.3168263843711844
1630127564000,0.3163800636475662
1630127594000,0.31885533991442544
1630127624000,0.3113537252586732
1630127654000,0.31642160709876543
1630127684000,0.3176089704927885
1630127714000,0.32124570182481754
1630127744000,0.31468004861708665
1630127774000,0.3130713381995134
1630127804000,0.3159638
1630127834000,0.3164472278013325
1630127864000,0.3127419757501531
1630127894000,0.3155332672771673
1630127924000,0.3151648216367018
1630127954000,0.31715480413070285
1630127984000,0.3140100428920073
1630128014000,0.3159883704808277
1630128044000,0.3149555577413479
1630128074000,0.3124028119829684
1630128104000,0.3124361919904363
1630128134000,0.3120164459295261
1630128164000,0.3142717712
1630128194000,0.3089718738629472
1630128224000,0.3225770017704518
1630128254000,0.3140491274451689
1630128284000,0.3127133357855362
1630128314000,0.3161458290224651
1630128344000,0.3111874129368485
1630128374000,0.3186460900735294
1630128404000,0.313703838447544
1630128434000,0.31721752838669953
1630128464000,0.3186748284132841
1630128494000,0.3094479062537948
1630128524000,0.3156031460036608
1630128554000,0.3143038058465286
1630128584000,0.3129049561928005
1630128614000,0.3213510361094225
1630128644000,0.31524638205445543
1630128674000,0.3183950961349693
1630128704000,0.31247715500618045
1630128734000,0.3116692489908257
1630128764000,0.31213934509202457
1630128794000,0.31586334758409784
1630128824000,0.311753860502693
1630128854000,0.3142911375228798
1630128884000,0.3127403320568252
1630128914000,0.320301057738815
1630128944000,0.31329674
1630128974000,0.31391510766852193
1630129004000,0.3113611094017094
1630129034000,0.3177736835757576
1630129064000,0.32100247427184464
1630129094000,0.320337331019656
1630129124000,0.3181998861404599
1630129154000,0.3114823983020012
1630129184000,0.3169784258983891
1630129214000,0.3205610336982969
1630129244000,0.31728422938623685
1630129274000,0.3118028599517491
1630129304000,0.3115750793583535
1630129334000,0.3133261807050093
1630129364000,0.3179652116988177
1630129394000,0.3132430923791821
1630129424000,0.31814931283322995
1630129454000,0.31413263676742753
1630129484000,0.31307253628691983
1630129514000,0.31967199059466017
1630129544000,0.31618113203943315
1630129574000,0.31805257185230024
1630129604000,0.31263314042944784
1630129634000,0.3119896771358328
1630129664000,0.3177253023955774
1630129694000,0.3122904662153846
1630129724000,0.3151046385774563
1630129754000,0.31454750321185915
1630129784000,0.3154723585009141
1630129814000,0.316607634591961
1630129844000,0.3153687355500311
1630129874000,0.31533641779915816
1630129904000,0.3137843034650456
1630129934000,0.31447821024390243
1630129964000,0.3147876887461773
1630129994000,0.3143100023780488
1630130024000,0.3152150028994448
1630130054000,0.31589400341191065
1630130084000,0.3171671276752768
1630130114000,0.3193410616676665
1630130144000,0.31507493302469136
1630130174000,0.3219606831481481
1630130204000,0.3121307085485855
1630130234000,0.3213110952586207
1630130264000,0.3180113384375
1630130294000,0.3139970644638404
1630130324000,0.31031825991510004
1630130354000,0.3157529533001245
1630130384000,0.31164005746359225
1630130414000,0.31779483309134904
1630130444000,0.3131684125774473
1630130474000,0.3182860095327103
1630130504000,0.3178886057249533
1630130534000,0.3219769011370437
1630130564000,0.31249684467437616
1630130594000,0.3141361208588957
1630130624000,0.3118845172885572
1630130654000,0.3203771350216183
1630130684000,0.31711616519337016
1630130714000,0.3162377034441088
1630130744000,0.3161200376146789
1630130774000,0.3174179040515654
1630130804000,0.3121707931013431
1630130834000,0.3157393421307506
1630130864000,0.3151464427089689
1630130894000,0.3168687745169082
1630130924000,0.31211465629539953
1630130954000,0.3119099527525711
1630130984000,0.31500602832512314
1630131014000,0.31975846981366457
1630131044000,0.31621648785103784
1630131074000,0.31631594218559217
1630131104000,0.3219661291512915
1630131134000,0.3145611025950513
1630131164000,0.31403865694360217
1630131194000,0.3177097306060606
1630131224000,0.3147183745657568
1630131254000,0.3114655856438694
1630131284000,0.3160989420828258
1630131314000,0.3135435361858191
1630131344000,0.3153088917942437
1630131374000,0.3160655705049261
1630131404000,0.3153145605914303
1630131434000,0.3149144696450428
1630131464000,0.3174353620582765
1630131494000,0.3109319596341463
1630131524000,0.3122693962622549
1630131554000,0.31246819492974953
1630131584000,0.3114972214417745
1630131614000,0.3169668319368549
1630131644000,0.3126280416870416
1630131674000,0.31839402388419785
1630131704000,0.3165892897783251
1630131734000,0.3116354417737003
1630131764000,0.31447741651148353
1630131794000,0.3158802504331683
1630131824000,0.311650797595561
1630131854000,0.3119499627439025
1630131884000,0.3128208401451028
1630131914000,0.3126619591936469
1630131944000,0.3112274032786885
1630131974000,0.3212814296476306
1630132004000,0.3150006256331069
1630132034000,0.3163775213275968
1630132064000,0.31459149472068754
1630132094000,0.31706511206467664
1630132124000,0.3223237836544437
1630132154000,0.3134476761185006
1630132184000,0.31805657549261085
1630132214000,0.3167938523150932
1630132244000,0.3120563612369872
1630132274000,0.3139892576167076
1630132304000,0.3122922685645064
1630132334000,0.3137595362903226
1630132364000,0.31636963739184176
1630132394000,0.3195214059479554
1630132424000,0.3153300104179285
1630132454000,0.3134950976875
1630132484000,0.31273241109756106
1630132514000,0.3182913102484472
1630132544000,0.31771009391357274
1630132574000,0.3178080377209019
1630132604000,0.3249295227467811
1630132634000,0.3125508445937691
1630132664000,0.3114648045232274
1630132694000,0.3167080964879852
1630132724000,0.3201988394673124
1630132754000,0.3112222480195003
1630132784000,0.3158508176325524
1630132814000,0.31941821618814903
1630132844000,0.31818330579621723
1630132874000,0.31185779734731645
1630132904000,0.31985979628942485
1630132934000,0.3127920261875761
1630132964000,0.3222261593520782
1630132994000,0.31749126250757115
1630133024000,0.3165035686060606
1630133054000,0.3112390059429957
1630133084000,0.3155961794809897
1630133114000,0.3113128037575757
1630133144000,0.3158097669747381
1630133174000,0.3180072547705314
1630133204000,0.3174872663580247
1630133234000,0.3163638228886169
1630133264000,0.3165884600734844
1630133294000,0.31293315457280385
1630133324000,0.31186982558139537
1630133354000,0.3224811224624625
1630133384000,0.3156563674698795
1630133414000,0.3127173447124304
1630133444000,0.32163576157151624
1630133474000,0.3156320195863747
1630133504000,0.31169630604192355
1630133534000,0.31164795922330096
1630133564000,0.3129773542073171
1630133594000,0.3199283687041565
1630133624000,0.3125125760345893
1630133654000,0.3168980013888889
1630133684000,0.316759018
1630133714000,0.31698451787025705
1630133744000,0.31130634508956145
1630133774000,0.3124608343844754
1630133804000,0.31196159012195124
1630133834000,0.31564295679164106
1630133864000,0.31277861027027026
1630133894000,0.315257617675841
1630133924000,0.3188755880272953
1630133954000,0.3145948029714979
1630133984000,0.31301151849605824
1630134014000,0.31779505021224985
1630134044000,0.3125864044179105
1630134074000,0.31999286184863523
1630134104000,0.3122982328606658
1630134134000,0.3135891466340269
1630134164000,0.3178853539634146
1630134194000,0.3167684907720145
1630134224000,0.3156664408924205
1630134254000,0.3147699214589665
1630134284000,0.31962354267631105
1630134314000,0.30984240153846154
1630134344000,0.31267801208927465
1630134374000,0.3171828906976744
1630134404000,0.31251499343373496
1630134434000,0.3108633762962963
1630134464000,0.31684836743480893
1630134494000,0.3181889990774908
1630134524000,0.31922727463414635
1630134554000,0.3175097209687308
1630134584000,0.3125394411214953
1630134614000,0.3125773458128079
1630134644000,0.3186966446571958
1630134674000,0.3169105298892989
1630134704000,0.3115174807551766
1630134734000,0.3137700675824176
1630134764000,0.3126162298319328
1630134794000,0.3116885432038835
1630134824000,0.3126621009276438
1630134854000,0.3141553966747279
1630134884000,0.31537591573383084
1630134914000,0.3112253133660331
1630134944000,0.3180318850030732
1630134974000,0.3141922453316953
1630135004000,0.3163551091743119
1630135034000,0.3211089502782931
1630135064000,0.3225300396551724
1630135094000,0.3157234848148148
1630135124000,0.3127113029301746
1630135154000,0.3145853297794118
1630135184000,0.31187510706521737
1630135214000,0.3127502601971657
1630135244000,0.3131019631032376
1630135274000,0.32103906212484995
1630135304000,0.3164875774056029
1630135334000,0.3168831089607965
1630135364000,0.3132542693567961
1630135394000,0.3162529674786845
1630135424000,0.31540358705662724
1630135454000,0.3159705208128079
1630135484000,0.3161337941923775
1630135514000,0.3143836146074254
1630135544000,0.3153619954037267
1630135574000,0.3157496321428571
1630135604000,0.3125514795593635
1630135634000,0.3126222329723225
1630135664000,0.3174018998205741
1630135694000,0.3168474413479053
1630135724000,0.3155730363473054
1630135754000,0.3128441018057285
1630135784000,0.32256250133010883
1630135814000,0.3154428517538462
1630135844000,0.3171815994508847
1630135874000,0.3161511403166869
1630135904000,0.32310593194868664
1630135934000,0.3170261066707845
1630135964000,0.3131122801863354
1630135994000,0.3177332403787416
1630136024000,0.3159585603864734
1630136054000,0.3137502973505853
1630136084000,0.3131903417947142
1630136114000,0.3176133471674877
1630136144000,0.3123362453892216
1630136174000,0.3131549593902439
1630136204000,0.3119209115243902
1630136234000,0.3156475703384615
1630136264000,0.3131227415792721
1630136294000,0.31472517828746177
1630136324000,0.3166569204573548
1630136354000,0.3196409404216867
1630136384000,0.3185093612923077
1630136414000,0.3128874639143731
1630136444000,0.31841528641136496
1630136474000,0.31574898877236274
1630136504000,0.3152114493522517
1630136534000,0.3145810873646209
1630136564000,0.3123425832612724
1630136594000,0.31712684607297464
1630136624000,0.3167130864647713
1630136654000,0.3154841068349753
1630136684000,0.3125889714641745
1630136714000,0.3145156448466257
1630136744000,0.3131434600619195
1630136774000,0.3126474202979516
1630136804000,0.31638546283076924
1630136834000,0.3165800561050061
1630136864000,0.316722573091133
1630136894000,0.3191512186131387
1630136924000,0.3172025662804878
1630136954000,0.3192354942331289
1630136984000,0.3206919264472882
1630137014000,0.3176142314338235
1630137044000,0.3183805761433869
1630137074000,0.3203322623376623
1630137104000,0.3209406624309392
1630137134000,0.32114910285359805
1630137164000,0.31745146356350185
1630137194000,0.3113409965644172
1630137224000,0.3083514844512195
1630137254000,0.312503661746988
1630137284000,0.3108868460502143
1630137314000,0.3177910109191857
1630137344000,0.3179603112973309
1630137374000,0.31318957618159204
1630137404000,0.3113488225108225
1630137434000,0.3113518824507389
1630137464000,0.3177561729913473
1630137494000,0.3123620235692308
1630137524000,0.31303843956442834
1630137554000,0.31637592383578433
1630137584000,0.3137110958333333
1630137614000,0.3161206974892835
1630137644000,0.3198508950729927
1630137674000,0.3132986403508772
1630137704000,0.3169161476923077
1630137734000,0.3126939982885086
1630137764000,0.3113072986666667
1630137794000,0.31257909582089555
1630137824000,0.3177705265356265
1630137854000,0.31105771125382264
1630137884000,0.3147839749393204
1630137914000,0.31578317571690057
1630137944000,0.319057491973446
1630137974000,0.3224370454212454
1630138004000,0.3219640551367781
1630138034000,0.3157038709717097
1630138064000,0.3112587872340425
1630138094000,0.3116624774154589
1630138124000,0.3183153021341463
1630138154000,0.317023680816078
1630138184000,0.3102503225981873
1630138214000,0.31402011442424244
1630138244000,0.31292116636085626
1630138274000,0.3114118586122946
1630138304000,0.32153210454266423
1630138334000,0.3192993919664269
1630138364000,0.3202207793353474
1630138394000,0.3231155320606061
1630138424000,0.32421094044740023
1630138454000,0.31654297914634144
1630138484000,0.3186787716399507
1630138514000,0.3130843532970357
1630138544000,0.31629710669144984
1630138574000,0.3134885057282145
1630138604000,0.3137729836474164
1630138634000,0.3209205083333333
1630138664000,0.3182651904672897
1630138694000,0.3159910929047908
1630138724000,0.3141779376078915
1630138754000,0.3137821196878752
1630138784000,0.3110797405585914
1630138814000,0.3201397853898097
1630138844000,0.3124240629061925
1630138874000,0.3120675297846154
1630138904000,0.3163711073185732
1630138934000,0.3120513790123457
1630138964000,0.3081687686548996
1630138994000,0.3201591047990402
1630139024000,0.3203981048780488
1630139054000,0.3137690930418719
1630139084000,0.3141787939172749
1630139114000,0.31554515172413794
1630139144000,0.3184607657142857
1630139174000,0.3157770431192661
1630139204000,0.3117931827710844
1630139234000,0.3118241221886336
1630139264000,0.31277090864799023
1630139294000,0.3149866427623643
1630139324000,0.3128750295232274
1630139354000,0.3172978609771181
1630139384000,0.3191047900124069
1630139414000,0.3173331735639284
1630139444000,0.3211537557238038
1630139474000,0.31991754209245743
1630139504000,0.3164476992665037
1630139534000,0.3150749892393321
1630139564000,0.3204114919404836
1630139594000,0.3127736888888889
1630139624000,0.317560146107056
1630139654000,0.3132969559902201
1630139684000,0.3137148285189719
1630139714000,0.3117747941387561
1630139744000,0.3113839137847642
1630139774000,0.3129160291895186
1630139804000,0.3134913617253949
1630139834000,0.3170434181265207
1630139864000,0.31317097266055044
1630139894000,0.3167097038670695
1630139924000,0.31960966538222496
1630139954000,0.3153712811023622
1630139984000,0.3108498585425597
1630140014000,0.3182173586122946
1630140044000,0.3161244907160194
1630140074000,0.3136299485160509
1630140104000,0.3127718525792418
1630140134000,0.3187405869352869
1630140164000,0.3179344077395577
1630140194000,0.3167827016157989
1630140224000,0.31183941959951456
1630140254000,0.3167571823100304
1630140284000,0.31270134362089913
1630140314000,0.3126370663652803
1630140344000,0.31704260240592225
1630140374000,0.3131467858998145
1630140404000,0.3183230041770573
1630140434000,0.3166541883171913
1630140464000,0.3121699404863222
1630140494000,0.3169815098914355
1630140524000,0.3159156937114673
1630140554000,0.3215165445672192
1630140584000,0.3125589622930717
1630140614000,0.31172809643289
1630140644000,0.31774307137569396
1630140674000,0.31576656381011103
1630140704000,0.3127930930572473
1630140734000,0.3138527954490291
1630140764000,0.3162034536822885
1630140794000,0.3180463420634921
1630140824000,0.3196650714808044
1630140854000,0.3141276257194245
1630140884000,0.3143965271826625
1630140914000,0.3124441926380368
1630140944000,0.3134676037439614
1630140974000,0.31585882154861944
1630141004000,0.3128705730697961
1630141034000,0.3145417411512554
1630141064000,0.3152366209046455
1630141094000,0.3149436593731164
1630141124000,0.31586023914354644
1630141154000,0.3121452751951952
1630141184000,0.3176152138161899
1630141214000,0.3130399457160343
1630141244000,0.3124797357405141
1630141274000,0.31572727220873786
1630141304000,0.3122778218137255
1630141334000,0.3121675455481526
1630141364000,0.31290587036577805
1630141394000,0.3062354350696548
1630141424000,0.31805264950980394
1630141454000,0.3145923185932722
1630141484000,0.3165063448547216
1630141514000,0.3113644915356711
1630141544000,0.31368139532595324
1630141574000,0.31671240944444445
1630141604000,0.3141585713765919
1630141634000,0.3196251961038961
1630141664000,0.31537370012135924
1630141694000,0.3096441088377724
1630141724000,0.3165367223651961
1630141754000,0.31350953235653234
1630141784000,0.3121180993800372
1630141814000,0.3154805019452888
1630141844000,0.3133710315068493
1630141874000,0.3166888187041565
1630141904000,0.3171732443765281
1630141934000,0.3169357772923077
1630141964000,0.3122352010506799
1630141994000,0.3193055108776267
1630142024000,0.31338537193528315
1630142054000,0.31654715646341464
1630142084000,0.3171934788063337
1630142114000,0.3123534508307692
1630142144000,0.31868347450980394
1630142174000,0.3209968785139319
1630142204000,0.3194791155363749
1630142234000,0.3176623319018405
1630142264000,0.3153694075437537
1630142294000,0.3170494869801085
1630142324000,0.3194630000612745
1630142354000,0.3143856450814725
1630142384000,0.3137864538936959
1630142414000,0.3150410542978208
1630142444000,0.31276362378640776
1630142474000,0.3175817747204969
1630142504000,0.31804071909146714
1630142534000,0.3155956721441662
1630142564000,0.31150751614100186
1630142594000,0.3130250981527093
1630142624000,0.3153718192427064
1630142654000,0.3193227888137677
1630142684000,0.3137710543719212
1630142714000,0.3123658401215805
1630142744000,0.3145573
1630142774000,0.31282989643515674
1630142804000,0.317976918980344
1630142834000,0.3214366369212267
1630142864000,0.3125597226357535
1630142894000,0.3136680381740196
1630142924000,0.3141413408562691
1630142954000,0.3116453998776759
1630142984000,0.3178544076312576
1630143014000,0.31066681908536586
1630143044000,0.3165701845731707
1630143074000,0.3214436720073665
1630143104000,0.3172160370049505
1630143134000,0.31738663081986834
1630143164000,0.3182685180818571
1630143194000,0.3165127150862069
1630143224000,0.3131475777911165
1630143254000,0.3188376447878788
1630143284000,0.31645194226485146
1630143314000,0.3148634340036563
1630143344000,0.31726380506634494
1630143374000,0.3108692284325638
1630143404000,0.3206841923172243
1630143434000,0.3114483709815951
1630143464000,0.3147494678287462
1630143494000,0.3116794983435583
1630143524000,0.3248988674676525
1630143554000,0.3135000203115638
1630143584000,0.3167623076923077
1630143614000,0.3128384250748055
1630143644000,0.3172417119605425
1630143674000,0.3156062106577345
1630143704000,0.3210200980259099
1630143734000,0.3149458639364303
1630143764000,0.3168197150803461
1630143794000,0.3126964327449787
1630143824000,0.3165334901547988
1630143854000,0.31145438180715584
1630143884000,0.3133305599022005
1630143914000,0.3118415122600619
1630143944000,0.3184395521765788
1630143974000,0.3171615296999388
1630144004000,0.3104854809141445
1630144034000,0.3119926082720588
1630144064000,0.3223509601726264
1630144094000,0.3167838656893325
1630144124000,0.3191252154601227
1630144154000,0.3170618488300493
1630144184000,0.3192539230675593
1630144214000,0.31263359331288343
1630144244000,0.31645934486945965
1630144274000,0.31420642974759616
1630144304000,0.31656706733698964
1630144334000,0.31449762086638194
1630144364000,0.3132231931330472
1630144394000,0.3147864521551724
1630144424000,0.3127379993222428
1630144454000,0.3126129019018405
1630144484000,0.3128446041871921
1630144514000,0.3169697266133989
1630144544000,0.3129318437920489
1630144574000,0.3163964152057245
1630144604000,0.31862352503059976
1630144634000,0.3170766931325301
1630144664000,0.3138765073619632
1630144694000,0.3164879471084337
1630144724000,0.3192927143034056
1630144754000,0.3119608004917025
1630144784000,0.3102886850244499
1630144814000,0.31438794242236023
1630144844000,0.317401250990099
1630144874000,0.3161708766343826
1630144904000,0.3104657587252475
1630144934000,0.3226702872650091
1630144964000,0.31583201929716403
1630144994000,0.3151200587724737
1630145024000,0.3123412729028365
1630145054000,0.3151279973121564
1630145084000,0.3152099188387893
1630145114000,0.32048031515151515
1630145144000,0.3159532591214155
1630145174000,0.31134675283816426
1630145204000,0.31548672973308506
1630145234000,0.31007165763636363
1630145264000,0.31227910232843137
1630145294000,0.3121706017114915
1630145324000,0.31777281303288674
1630145354000,0.31827516238361264
1630145384000,0.3172938303658537
1630145414000,0.31536923347639484
1630145444000,0.3207669625231911
1630145474000,0.3082029304216867
1630145504000,0.3189704125386041
1630145534000,0.31348698195033314
1630145564000,0.31272397111935685
1630145594000,0.3131422353227771
1630145624000,0.317802295631068
1630145654000,0.3136640001838235
1630145684000,0.3127368182382134
1630145714000,0.31766792417177914
1630145744000,0.3153678309378806
1630145774000,0.3183025811684276
1630145804000,0.3129795686322188
1630145834000,0.316705082101405
1630145864000,0.31609140872162483
1630145894000,0.31022351070998805
1630145924000,0.3115596666459241
1630145954000,0.3136420252859723
1630145984000,0.3120059728960396
1630146014000,0.3111887549270073
1630146044000,0.3172720379186603
1630146074000,0.31910194791288565
1630146104000,0.3127096917748918
1630146134000,0.32270275378881985
1630146164000,0.31513635247831473
1630146194000,0.3134746540097205
1630146224000,0.3127125288484848
1630146254000,0.31967561094710945
1630146284000,0.31416157457524274
1630146314000,0.3146181484774665
1630146344000,0.289408525473427
1630146374000,0.3121453370957901
1630146404000,0.31282516886227546
1630146434000,0.3103675843462247
1630146464000,0.3150026413855422
1630146494000,0.3114650299938157
1630146524000,0.3188095018039687
1630146554000,0.3131350629789864
1630146584000,0.3141231091566265
1630146614000,0.3141680632888349
1630146644000,0.3150765683950617
1630146674000,0.3128206209981741
1630146704000,0.3195028260923077
1630146734000,0.3209569198388097
1630146764000,0.3122809489010989
1630146794000,0.3170410176689399
1630146824000,0.3130764493522517
1630146854000,0.3159854866093366
1630146884000,0.3167824747368421
1630146914000,0.3116275336170213
1630146944000,0.3160470126213592
1630146974000,0.3122018214896215
1630147004000,0.3155987188034188
1630147034000,0.31347472434570905
1630147064000,0.3174739888145897
1630147094000,0.31110109554334553
1630147124000,0.3127865497515528
1630147154000,0.31478311274752474
1630147184000,0.3114635302881668
1630147214000,0.31942682609500306
1630147244000,0.31756073658235656
1630147274000,0.32231382112932605
1630147304000,0.3102943146642021
1630147334000,0.3137220487461774
1630147364000,0.3127433976772616
1630147394000,0.3156929841620626
1630147424000,0.32013866852976913
1630147454000,0.3169958998135488
1630147484000,0.31253343806571604
1630147514000,0.3172295746060606
1630147544000,0.31597918831405963
1630147574000,0.3114178858895705
1630147604000,0.3125406445197044
1630147634000,0.3177715897810219
1630147664000,0.3173065028220859
1630147694000,0.31249342977190875
1630147724000,0.3143757780517138
1630147754000,0.3124936315270936
1630147784000,0.31135587806060605
1630147814000,0.31287143796296296
1630147844000,0.32288871389563106
1630147874000,0.3198455444444445
1630147904000,0.3126470960914011
1630147934000,0.3156089942752741
1630147964000,0.3146907719319563
1630147994000,0.31955467322738385
1630148024000,0.3210212341075795
1630148054000,0.3193868161672909
1630148084000,0.3126573052760736
1630148114000,0.32144922375930524
1630148144000,0.3200816104154124
1630148174000,0.31791986425970875
1630148204000,0.31768991125304136
1630148234000,0.3156622721686747
1630148264000,0.3120084328230251
1630148294000,0.3171573822168088
1630148324000,0.3183321943548387
1630148354000,0.3168699818015825
1630148384000,0.3117654507308161
1630148414000,0.3176900137952177
1630148444000,0.3127886966459628
1630148474000,0.3166604087063151
1630148504000,0.31573805776128633
1630148534000,0.315666980349345
1630148564000,0.3139490500619579
1630148594000,0.3126521306220096
1630148624000,0.3193417367745877
1630148654000,0.3205318043848965
1630148684000,0.3135065178615575
1630148714000,0.3139716627066748
1630148744000,0.3130899235906863
1630148774000,0.3172023609946075
1630148804000,0.3112045048088779
1630148834000,0.3161106261585366
1630148864000,0.3121654023002421
1630148894000,0.31311055895883777
1630148924000,0.3133720857852266
1630148954000,0.3183402073377805
1630148984000,0.3106378718075262
1630149014000,0.3187722406800243
1630149044000,0.3126382049969155
1630149074000,0.31916437700797057
1630149104000,0.31878691200248754
1630149134000,0.31434729781021903
1630149164000,0.3187801820904645
1630149194000,0.31589741676904176
1630149224000,0.316515981577326
1630149254000,0.3156623583333333
1630149284000,0.3124992700061087
1630149314000,0.3160127489493201
1630149344000,0.3175506432399513
1630149374000,0.3142693388014528
1630149404000,0.3140486758683729
1630149434000,0.3149446523030303
1630149464000,0.3150610945599022
1630149494000,0.3106767529340593
1630149524000,0.31619770473263675
1630149554000,0.3204023214860681
1630149584000,0.3160851845866998
1630149614000,0.31572844763368163
1630149644000,0.3180408214199029
1630149674000,0.3211484377230769
1630149704000,0.3181466979951397
1630149734000,0.31265868625766874
1630149764000,0.3135907969512195
1630149794000,0.3148175955811138
1630149824000,0.3214333950738916
1630149854000,0.31192584195121953
1630149884000,0.3185553454002389
1630149914000,0.3183847437884379
1630149944000,0.318149894273399
1630149974000,0.3123458000616523
1630150004000,0.3124950515151515
1630150034000,0.3137667523399015
1630150064000,0.3124215307076923
1630150094000,0.3122651715853659
1630150124000,0.31270713197781885
1630150154000,0.31270813917274937
1630150184000,0.318453586621455
1630150214000,0.3162221185688941
1630150244000,0.3155220971165644
1630150274000,0.31108746206690563
1630150304000,0.3159909947948561
1630150334000,0.3137093294508147
1630150364000,0.3133349743368291
1630150394000,0.3176472677242221
1630150424000,0.3113655874767514
1630150454000,0.3188301611913357
1630150484000,0.3143005707570208
1630150514000,0.31257065021224983
1630150544000,0.31350116724458205
1630150574000,0.31437123676913803
1630150604000,0.313114478523896
1630150634000,0.3170196398893669
1630150664000,0.31864369750934
1630150694000,0.31286000496932515
1630150724000,0.3098484116421569
1630150754000,0.32062117524390243
1630150784000,0.3133893696801968
1630150814000,0.31560107731453096
1630150844000,0.31628384858199754
1630150874000,0.3188227816816817
1630150904000,0.3179503258917589
1630150934000,0.31418227871684146
1630150964000,0.316697796954933
1630150994000,0.31608189209891435
1630151024000,0.3110260905925473
1630151054000,0.3195221783668495
1630151084000,0.31505279903323263
1630151114000,0.312127873039807
1630151144000,0.3168667630806846
1630151174000,0.3186234589460784
1630151204000,0.3096274004860267
1630151234000,0.31525731653447225
1630151264000,0.31938768931390404
1630151294000,0.3140019312616532
1630151324000,0.3147036981651376
1630151354000,0.3159428132343847
1630151384000,0.3190324043478261
1630151414000,0.3117231974815725
1630151444000,0.3146593779619398
1630151474000,0.3150809209599028
1630151504000,0.32167885730745904
1630151534000,0.3179660310685609
1630151564000,0.3196257572639225
1630151594000,0.320757483023544
1630151624000,0.3184853996330275
1630151654000,0.32005702292563
1630151684000,0.3128283556632344
1630151714000,0.3111702553846154
1630151744000,0.3174748105392157
1630151774000,0.3140795805454545
1630151804000,0.3147057488014751
1630151834000,0.31447660699386504
1630151864000,0.3173699152305825
1630151894000,0.309840902928615
1630151924000,0.3101342058643861
1630151954000,0.31650475884165125
1630151984000,0.31477142801461633
1630152014000,0.31955877762195123
1630152044000,0.321800750694864
1630152074000,0.3219512631353337
1630152104000,0.3212840963297232
1630152134000,0.3173763537654321
1630152164000,0.3183534151736746
1630152194000,0.3157618404466501
1630152224000,0.3201651508464329
1630152254000,0.3144445912345679
1630152284000,0.3153289280851064
1630152314000,0.32070654714640195
1630152344000,0.3189335786057692
1630152374000,0.31704608123095673
1630152404000,0.3167472353479853
1630152434000,0.3156498723692308
1630152464000,0.3216163711289328
1630152494000,0.31550903075972825
1630152524000,0.31961741236093943
1630152554000,0.31802884848668284
1630152584000,0.31629775741190763
1630152614000,0.3168372239975324
1630152644000,0.3152517646987952
1630152674000,0.3121704660074165
1630152704000,0.3169247116666667
1630152734000,0.3219118875849289
1630152764000,0.31656947680981595
1630152794000,0.3118441410351201
1630152824000,0.3129100205504587
1630152854000,0.313776698953202
1630152884000,0.31283090569007266
1630152914000,0.3189132656019656
1630152944000,0.3148759419571865
1630152974000,0.3169390014643075
1630153004000,0.31584103548387105
1630153034000,0.31237546734317345
1630153064000,0.31805419537892793
1630153094000,0.31179830620393123
1630153124000,0.314204905308642
1630153154000,0.31578092357274395
1630153184000,0.3192617939076923
1630153214000,0.3133440770897833
1630153244000,0.3196982363525836
1630153274000,0.3154369201846154
1630153304000,0.31455310055147057
1630153334000,0.31260306511627906
1630153364000,0.3170434768715764
1630153394000,0.3193410162031439
1630153424000,0.3122619402100062
1630153454000,0.3143756211432084
1630153484000,0.3209405073800738
1630153514000,0.31708035245799626
1630153544000,0.3124234128063725
1630153574000,0.3182767952784504
1630153604000,0.3130358030759952
1630153634000,0.3226800724725944
1630153664000,0.31522469128878283
1630153694000,0.3121888116365899
1630153724000,0.31596920791235544
1630153754000,0.3113666289261328
1630153784000,0.3123790991384615
1630153814000,0.3156958533621221
1630153844000,0.3132821269325153
1630153874000,0.3187475602169982
1630153904000,0.3214408652386781
1630153934000,0.3140205466013472
1630153964000,0.31057866439759035
1630153994000,0.3131475562189055
1630154024000,0.3199840140221402
1630154054000,0.32355075083903045
1630154084000,0.31560424010727056
1630154114000,0.311862028624306
1630154144000,0.3157466636806825
1630154174000,0.3150620418137553
1630154204000,0.3112478567136726
1630154234000,0.3181608073867163
1630154264000,0.31356076351183065
1630154294000,0.31594455457920795
1630154324000,0.318427738817794
1630154354000,0.3195615047823421
1630154384000,0.3191365566523605
1630154414000,0.3160685606041924
1630154444000,0.31471973408126136
1630154474000,0.3171618815110565
1630154504000,0.3153621838490099
1630154534000,0.3179313692826487
1630154564000,0.3173936887592137
1630154594000,0.31473113618700665
1630154624000,0.3153051525641026
1630154654000,0.3158249874083129
1630154684000,0.3157056325780772
1630154714000,0.3102556710526316
1630154744000,0.32106713967960565
1630154774000,0.315704776499388
1630154804000,0.3200578088709677
1630154834000,0.3184237664404688
1630154864000,0.31827793672839505
1630154894000,0.31288420582524273
1630154924000,0.3124624709302325
1630154954000,0.31198772897934385
1630154984000,0.3125874619018024
1630155014000,0.31866181683168315
1630155044000,0.3163818219927096
1630155074000,0.31279752285714285
1630155104000,0.3126225198417529
1630155134000,0.31680089222290264
1630155164000,0.31933458351648353
1630155194000,0.3176573786159601
1630155224000,0.31468639237918217
1630155254000,0.3172244283425755
1630155284000,0.3131047033292978
1630155314000,0.3135078193069307
1630155344000,0.31338609551872315
1630155374000,0.3118001954094293
1630155404000,0.31168331505441355
1630155434000,0.31481487818853976
1630155464000,0.31529136672672675
1630155494000,0.31293284768292684
1630155524000,0.3195501392062537
1630155554000,0.3130153574142157
1630155584000,0.3151372726443769
1630155614000,0.3199927137783221
1630155644000,0.312672308410637
1630155674000,0.3143985705811864
1630155704000,0.3194446195443645
1630155734000,0.3135337007407407
1630155764000,0.3224090591444513
1630155794000,0.3254383553648069
1630155824000,0.319602393442623
1630155854000,0.3142495456416465
1630155884000,0.31343900457317075
1630155914000,0.3155665092638037
1630155944000,0.3206332776442308
1630155974000,0.3151632350180505
1630156004000,0.31491065801801804
1630156034000,0.3097630014093137
1630156064000,0.3122045175512666
1630156094000,0.31907740560398506
1630156124000,0.31746668964046315
1630156154000,0.3075828114583333
1630156184000,0.3165809185230024
1630156214000,0.31817053787515004
1630156244000,0.31700878848964675
1630156274000,0.3120251903402187
1630156304000,0.3119671816604709
1630156334000,0.3157781903869408
1630156364000,0.31129132003567184
1630156394000,0.3173478844565877
1630156424000,0.3180913330841121
1630156454000,0.3167246973440395
1630156484000,0.31741305308641976
1630156514000,0.31320414987608425
1630156544000,0.3126476486601705
1630156574000,0.3207550669962917
1630156604000,0.315566836906212
1630156634000,0.3172149527405603
1630156664000,0.3104894408536585
1630156694000,0.3208509931943593
1630156724000,0.31118378841911765
1630156754000,0.31520180813600485
1630156784000,0.31759225941320296
1630156814000,0.3106985692069393
1630156844000,0.3115267660095579
1630156874000,0.3126591851671732
1630156904000,0.3116396923733984
1630156934000,0.3162687632
1630156964000,0.3223981515931372
1630156994000,0.3190777686117936
1630157024000,0.3209752556701031
1630157054000,0.31370017719406673
1630157084000,0.3141352776228017
1630157114000,0.3141978906362545
1630157144000,0.3207820084859585
1630157174000,0.31896733088235296
1630157204000,0.3153656070516717
1630157234000,0.3213641840783833
1630157264000,0.3173332272
1630157294000,0.3224054841387856
1630157324000,0.3128461343866171
1630157354000,0.3136457142680667
1630157384000,0.31696554314442416
1630157414000,0.3144089597658657
1630157444000,0.3166404527283875
1630157474000,0.3212215836075564
1630157504000,0.31661974516923075
1630157534000,0.32102660018393625
1630157564000,0.3123593825153374
1630157594000,0.3159871966992665
1630157624000,0.3158476817563389
1630157654000,0.3144204032846715
1630157684000,0.3149596642380085
1630157714000,0.31898032647237395
1630157744000,0.3197516502762431
1630157774000,0.3118475078360458
1630157804000,0.3166240477411477
1630157834000,0.31656998643457385
1630157864000,0.3170609400728597
1630157894000,0.314445886453202
1630157924000,0.312592456176288
1630157954000,0.3131866890998163
1630157984000,0.3160807270959903
1630158014000,0.3109069299877601
1630158044000,0.3134199456334563
1630158074000,0.31181777106879605
1630158104000,0.31273138092909536
1630158134000,0.31262378337423313
1630158164000,0.3208083511642157
1630158194000,0.310847447519902
1630158224000,0.31716478704049844
1630158254000,0.32047156485507244
1630158284000,0.3153237632289748
1630158314000,0.31592052166262136
1630158344000,0.3189450102595797
1630158374000,0.3148171175750153
1630158404000,0.3158682110159119
1630158434000,0.3151319758961681
1630158464000,0.31375242552019583
1630158494000,0.3131678423906346
1630158524000,0.3182352729447853
1630158554000,0.3179417641681901
1630158584000,0.3130307825552825
1630158614000,0.312532194318876
1630158644000,0.31636906970624235
1630158674000,0.3113699214374225
1630158704000,0.313855660987357
1630158734000,0.3204069442602824
1630158764000,0.31637113760631835
1630158794000,0.31417994987669545
1630158824000,0.3156337340839927
1630158854000,0.3121282564535585
1630158884000,0.3158180674418605
1630158914000,0.3119035006840796
1630158944000,0.3143233578497251
1630158974000,0.3159369997539975
1630159004000,0.31437419546846296
1630159034000,0.3185821063405797
1630159064000,0.31113069818291944
1630159094000,0.31739225650060754
1630159124000,0.31655003182941904
1630159154000,0.31189936558481324
1630159184000,0.3112653689508793
1630159214000,0.3110411165957447
1630159244000,0.31200022538414257
1630159274000,0.3112297608272506
1630159304000,0.3166131213194869
1630159334000,0.3170970076132931
1630159364000,0.3199993398773006
1630159394000,0.3203740721071864
1630159424000,0.3145680356707317
1630159454000,0.3202362234965902
1630159484000,0.3179351103636364
1630159514000,0.3139086667889908
1630159544000,0.3168321240729483
1630159574000,0.31512498460620525
1630159604000,0.3153691326322116
1630159634000,0.31346128275015345
1630159664000,0.3116215637973138
1630159694000,0.3161036724284845
1630159724000,0.3128913225826575
1630159754000,0.3124403246474555
1630159784000,0.3203389856788593
1630159814000,0.3130353972544234
1630159844000,0.3136459970285021
1630159874000,0.3225186962009804
1630159904000,0.3130879298053528
1630159934000,0.3160139032162001
1630159964000,0.31839572855369336
1630159994000,0.3104372758579169
1630160024000,0.31563196363076923
1630160054000,0.3181909705212702
1630160084000,0.3122017835089895
1630160114000,0.3174003857055961
1630160144000,0.3156598355311355
1630160174000,0.3145826217603912
1630160204000,0.3172475958003652
1630160234000,0.31341615287769786
1630160264000,0.31688240510141363
1630160294000,0.3213677528510117
1630160324000,0.3132959424691358
1630160354000,0.3098652474954737
1630160384000,0.31638503868212325
1630160414000,0.3151650025469982
1630160444000,0.31951452
1630160474000,0.3179430871498173
1630160504000,0.3169304921164342
1630160534000,0.3166947079141104
1630160564000,0.31179493382173384
1630160594000,0.3137538419782871
1630160624000,0.31891446133738605
1630160654000,0.3164814510742787
1630160684000,0.3111954003649635
1630160714000,0.31280971344743275
1630160744000,0.3105497089351285
1630160774000,0.31302951629042103
1630160804000,0.3150549664821648
1630160834000,0.3110474432465173
1630160864000,0.3176933813611281
1630160894000,0.3190607389674247
1630160924000,0.3164258946634324
1630160954000,0.31913467457317074
1630160984000,0.31195898402439026
1630161014000,0.3160030762285012
1630161044000,0.32120705233354074
1630161074000,0.31657199884004883
1630161104000,0.31692418919753085
1630161134000,0.32261985287925704
1630161164000,0.3169263950151976
1630161194000,0.3198497813868613
1630161224000,0.31480896903030303
1630161254000,0.32266325401594115
1630161284000,0.31945452031823746
1630161314000,0.3131994828209765
1630161344000,0.31674304045012164
1630161374000,0.3145796023593466
1630161404000,0.3198319718808193
1630161434000,0.318505003370098
1630161464000,0.31793505193370164
1630161494000,0.32029259330055315
1630161524000,0.31750832569866344
1630161554000,0.3135438414233577
1630161584000,0.3104572435308343
1630161614000,0.3124162069469835
1630161644000,0.3150768204938272
1630161674000,0.31553530637135924
1630161704000,0.317063095223515
1630161734000,0.3162880172862453
1630161764000,0.3179866367547633
1630161794000,0.31767480036429874
1630161824000,0.31948147504587154
1630161854000,0.31247877648845684
1630161884000,0.313254618242831
1630161914000,0.3141207780072904
1630161944000,0.31307184037990193
1630161974000,0.3186123955104551
1630162004000,0.3093572193816885
1630162034000,0.313449151946472
1630162064000,0.3165735692590325
1630162094000,0.3117222327990136
1630162124000,0.31603120171253823
1630162154000,0.3130366060642814
1630162184000,0.3142415815263477
1630162214000,0.3197038910933661
1630162244000,0.31210224942249243
1630162274000,0.3111590076302729
1630162304000,0.3190247188942892
1630162334000,0.3170784553089382
1630162364000,0.31783759850657106
1630162394000,0.3137186613705276
1630162424000,0.3196892149041435
1630162454000,0.3148904161016949
1630162484000,0.31359847296636084
1630162514000,0.3142833330845771
1630162544000,0.3133651077015644
1630162574000,0.31113980225885224
1630162604000,0.3210202062693979
1630162634000,0.3133803777367773
1630162664000,0.31487896195718657
1630162694000,0.3099304811355311
1630162724000,0.3131812446716233
1630162754000,0.3153693446200608
1630162784000,0.31289514359133125
1630162814000,0.3174100480120482
1630162844000,0.3108238367547634
1630162874000,0.3152210796941896
1630162904000,0.3152111380923077
1630162934000,0.3221079720416922
1630162964000,0.3141728279805353
1630162994000,0.31750010410287816
1630163024000,0.31161090834868016
1630163054000,0.3130394788099575
1630163084000,0.31706896967464704
1630163114000,0.3162484958787879
1630163144000,0.3155208009744214
1630163174000,0.3228697081014224
1630163204000,0.3137779969034609
1630163234000,0.3171632965538089
1630163264000,0.31695975442724456
1630163294000,0.3160712526121696
1630163324000,0.3123662606447689
1630163354000,0.3126926359413203
1630163384000,0.3141784992744861
1630163414000,0.3121922180649112
1630163444000,0.31570812227047146
1630163474000,0.3147217209558824
1630163504000,0.3183581347987616
1630163534000,0.31147621293900185
1630163564000,0.31533208377381683
1630163594000,0.31788738872638633
1630163624000,0.3137160528048781
1630163654000,0.3142003737063779
1630163684000,0.3120172638166047
1630163714000,0.32187631323438465
1630163744000,0.3125318196772191
1630163774000,0.3138889482352941
1630163804000,0.31263790882352943
1630163834000,0.31010705030084235
1630163864000,0.31388941452784497
1630163894000,0.3153846776693105
1630163924000,0.3104205418960245
1630163954000,0.32373367691365584
1630163984000,0.3132836173218673
1630164014000,0.3115623088198758
1630164044000,0.31477322678239306
1630164074000,0.3113588552835821
1630164104000,0.3125693290282903
1630164134000,0.3147869974877451
1630164164000,0.3153765413056742
1630164194000,0.3114831499388753
1630164224000,0.3171639512406948
1630164254000,0.3160578347298118
1630164284000,0.3143160449757869
1630164314000,0.3179828407474382
1630164344000,0.3172640788543571
1630164374000,0.3146169336784409
1630164404000,0.31485632461913465
1630164434000,0.3117789440247678
1630164464000,0.31236374313846155
1630164494000,0.31192435089121084
1630164524000,0.31416359048207665
1630164554000,0.3155669059146341
1630164584000,0.31512342045594577
1630164614000,0.3143378783931832
1630164644000,0.31814584328087164
1630164674000,0.3121352536900369
1630164704000,0.31270237534659434
1630164734000,0.31151620622304377
1630164764000,0.3166664801084991
1630164794000,0.31370327368735085
1630164824000,0.3217043352977287
1630164854000,0.3163338710541989
1630164884000,0.31980676715328465
1630164914000,0.3136618566523605
1630164944000,0.3191256955773956
1630164974000,0.3200438688504326
1630165004000,0.3117786288310115
1630165034000,0.3126898743218807
1630165064000,0.3118014461864407
1630165094000,0.3195952671826625
1630165124000,0.3158667488009592
1630165154000,0.3146491917808219
1630165184000,0.3180253147058824
1630165214000,0.3156058764742396
1630165244000,0.3206179647713226
1630165274000,0.31482681035928145
1630165304000,0.3196276774954628
1630165334000,0.3160031510290557
1630165364000,0.3149508407960199
1630165394000,0.31478329963920626
1630165424000,0.3157504537025888
1630165454000,0.31963987443425074
1630165484000,0.3154209377198302
1630165514000,0.3123716079780755
1630165544000,0.31635473027127003
1630165574000,0.31660914656019656
1630165604000,0.3126867435185185
1630165634000,0.3133490468369829
1630165664000,0.31891772722832723
1630165694000,0.31676476162430256
1630165724000,0.32134283420572124
1630165754000,0.3183656470446321
1630165784000,0.316588728597673
1630165814000,0.31618286259866424
1630165844000,0.31323813108776266
1630165874000,0.31218217309833024
1630165904000,0.31758449676817896
1630165934000,0.3246550484084084
1630165964000,0.3236825026554013
1630165994000,0.31256892141527004
1630166024000,0.3176952976477684
1630166054000,0.3128861076113861
1630166084000,0.31552661320411873
1630166114000,0.31529270121432906
1630166144000,0.3172744298653611
1630166174000,0.3228886674816626
1630166204000,0.3146060078250154
1630166234000,0.3192869966957606
1630166264000,0.3139094201113861
1630166294000,0.3234685720024722
1630166324000,0.31184092756292203
1630166354000,0.3123735380272953
1630166384000,0.3183165553283767
1630166414000,0.3107389857926829
1630166444000,0.3171738368389423
1630166474000,0.3176619775274056
1630166504000,0.3194976101226994
1630166534000,0.31347920073304825
1630166564000,0.3127052712593516
1630166594000,0.32098064445820434
1630166624000,0.3173729536107711
1630166654000,0.3127898755900621
1630166684000,0.3117368607448107
1630166714000,0.32057909963167586
1630166744000,0.3185559651105651
1630166774000,0.3151702290282903
1630166804000,0.3113737745311555
1630166834000,0.3182085851736973
1630166864000,0.3123185809178744
1630166894000,0.31008599504587153
1630166924000,0.3155565749224085
1630166954000,0.31696649568389057
1630166984000,0.3152288058569667
1630167014000,0.3172403810397553
1630167044000,0.32023723531941034
1630167074000,0.31885479241964826
1630167104000,0.3105621769277108
1630167134000,0.3144986514075888
1630167164000,0.31227772345454546
1630167194000,0.3179870185714286
1630167224000,0.3138054211042945
1630167254000,0.3152215768248175
1630167284000,0.31675556566446184
1630167314000,0.3126789869405273
1630167344000,0.3133211811728395
1630167374000,0.3149211595396729
1630167404000,0.32113788604076593
1630167434000,0.31273690018371103
1630167464000,0.31775582867647056
1630167494000,0.3175894278708877
1630167524000,0.3126547412269939
1630167554000,0.3132646652490887
1630167584000,0.31438990796296296
1630167614000,0.3179724427448609
1630167644000,0.3203865685207824
1630167674000,0.31800653221884495
1630167704000,0.3121380707872079
1630167734000,0.3122358633879781
1630167764000,0.3165759411837238
1630167794000,0.3148414342381246
1630167824000,0.3146629204987835
1630167854000,0.3127860837985437
1630167884000,0.3124630238787879
1630167914000,0.3175060382352941
1630167944000,0.3133169791792396
1630167974000,0.3141653466911765
1630168004000,0.3171621002450981
1630168034000,0.3173751347745522
1630168064000,0.3151503085171569
1630168094000,0.3153046594444445
1630168124000,0.31196229033639145
1630168154000,0.3218315189772027
1630168184000,0.3193306307364577
1630168214000,0.3138304755391251
1630168244000,0.3142030995127893
1630168274000,0.3156491767189385
1630168304000,0.3131458423500612
1630168334000,0.31361094355036856
1630168364000,0.32220783273736125
1630168394000,0.31464438356923075
1630168424000,0.31842594070904645
1630168454000,0.3133797701593137
1630168484000,0.3117740201593137
1630168514000,0.3127207754763368
1630168544000,0.31745760250447225
1630168574000,0.3119621407452657
1630168604000,0.315379085998793
1630168634000,0.3177671683792049
1630168664000,0.3238639021173624
1630168694000,0.3118585001850709
1630168724000,0.3150319992669517
1630168754000,0.3109313086248492
1630168784000,0.3182358059545733
1630168814000,0.3163864412804878
1630168844000,0.31601767036129824
1630168874000,0.31661235524218273
1630168904000,0.3123682561804697
1630168934000,0.3153403134872418
1630168964000,0.31204311688073394
1630168994000,0.31622549499698616
1630169024000,0.313488742
1630169054000,0.3156441193432836
1630169084000,0.3157845047826087
1630169114000,0.3123516239012643
1630169144000,0.3115706143118149
1630169174000,0.3153957813112745
1630169204000,0.316787270617284
1630169234000,0.3181612988350705
1630169264000,0.31940656992665034
1630169294000,0.3169806509815951
1630169324000,0.3132710221484611
1630169354000,0.31473266627906976
1630169384000,0.3166198548207664
1630169414000,0.3160518488160292
1630169444000,0.3154325310919185
1630169474000,0.31870211458852865
1630169504000,0.3162068400987045
1630169534000,0.3168835057020233
1630169564000,0.31270857238670696
1630169594000,0.3120509519277108
1630169624000,0.314685434501845
1630169654000,0.3166007500912964
1630169684000,0.31688255271176113
1630169714000,0.3162227012939002
1630169744000,0.31718231998766194
1630169774000,0.3140608759493671
1630169804000,0.3188950108513189
1630169834000,0.32050661534653463
1630169864000,0.31313899237339843
1630169894000,0.3229236915859564
1630169924000,0.31158940599880025
1630169954000,0.3173150199630314
1630169984000,0.3145631377600979
1630170014000,0.3135803964784457
1630170044000,0.3127125543134873
1630170074000,0.31120377596566523
1630170104000,0.316130906122449
1630170134000,0.3138653246500304
1630170164000,0.3194191865846154
1630170194000,0.3225313250614251
1630170224000,0.31251218310559004
1630170254000,0.31986439993891264
1630170284000,0.3087253216656609
1630170314000,0.319141904400978
1630170344000,0.3132798729613734
1630170374000,0.3170602564102564
1630170404000,0.3133255982509047
1630170434000,0.3183887959295261
1630170464000,0.3201788228466708
1630170494000,0.3176991596107056
1630170524000,0.3111075812923077
1630170554000,0.3163595141722663
1630170584000,0.31294561716738195
1630170614000,0.32038873801348866
1630170644000,0.3117267157228916
1630170674000,0.32246030213936433
1630170704000,0.32082762501517914
1630170734000,0.3190971043608124
1630170764000,0.3156557140024783
1630170794000,0.31709982845629264
1630170824000,0.3121256123152709
1630170854000,0.31188264695121953
1630170884000,0.3178395018983466
1630170914000,0.3162307226357535
1630170944000,0.313231664763062
1630170974000,0.3123210627692308
1630171004000,0.3171697380660955
1630171034000,0.3220130840562004
1630171064000,0.3145657532882606
1630171094000,0.3187803514338011
1630171124000,0.31780467756097563
1630171154000,0.3164415380333952
1630171184000,0.3128252420795107
1630171214000,0.30934655306859205
1630171244000,0.3169458800722456
1630171274000,0.3173114437192118
1630171304000,0.3138921650243309
1630171334000,0.31527770793552384
1630171364000,0.3125195814723926
1630171394000,0.31201813661538463
1630171424000,0.3179123296615385
1630171454000,0.3188516012070006
1630171484000,0.31288784422960725
1630171514000,0.3162143516327788
1630171544000,0.3151450900122549
1630171574000,0.3158678281326781
1630171604000,0.31277295940409683
1630171634000,0.3155509735666868
1630171664000,0.32125900646551725
1630171694000,0.3132045264162562
1630171724000,0.3107789466381418
1630171754000,0.3128432929324241
1630171784000,0.3123920748610253
1630171814000,0.31229686510769233
1630171844000,0.315465916636528
1630171874000,0.3157830076595745
1630171904000,0.3172350662120273
1630171934000,0.3145716741538462
1630171964000,0.3201691299752781
1630171994000,0.3175727629945222
1630172024000,0.3145812492861577
1630172054000,0.31126540699088145
1630172084000,0.31803617751052315
1630172114000,0.3162218444581281
1630172144000,0.3152291071647275
1630172174000,0.31434541709813363
1630172204000,0.3228542484737485
1630172234000,0.31811038662186925
1630172264000,0.3124516772560976
1630172294000,0.3189620400247831
1630172324000,0.3128482987819732
1630172354000,0.312950261462815
1630172384000,0.3174133793680297
1630172414000,0.3127703141481036
1630172444000,0.3117946837837838
1630172474000,0.31159806304481275
1630172504000,0.3164287278915663
1630172534000,0.31144279677026204
1630172564000,0.3168889657299939
1630172594000,0.3199914200621118
1630172624000,0.31550447953714983
1630172654000,0.31161479913366336
1630172684000,0.3115978896658416
1630172714000,0.3151292474576271
1630172744000,0.3127490032628399
1630172774000,0.316270228721433
1630172804000,0.3216888921068987
1630172834000,0.31474373717632553
1630172864000,0.3128739895220588
1630172894000,0.312434713622291
1630172924000,0.31238609615384616
1630172954000,0.3137106094038107
1630172984000,0.31538607357673265
1630173014000,0.3141143344262295
1630173044000,0.3138430583434836
1630173074000,0.31322613012704176
1630173104000,0.3211946655576093
1630173134000,0.3157623334355828
1630173164000,0.3168272483323226
1630173194000,0.32185103959608324
1630173224000,0.31523734014643073
1630173254000,0.3117936911206369
1630173284000,0.31820633921808184
1630173314000,0.3173858997565429
1630173344000,0.3211685795539033
1630173374000,0.3163448576732673
1630173404000,0.32304513120743034
1630173434000,0.31266447118959106
1630173464000,0.3184524252469136
1630173494000,0.3136157418392205
1630173524000,0.3186362490690691
1630173554000,0.31593050313441834
1630173584000,0.3132759326726727
1630173614000,0.32066193004291843
1630173644000,0.31115070562770564
1630173674000,0.3187715181432039
1630173704000,0.3170693594944513
1630173734000,0.3182146552102377
1630173764000,0.315001196191052
1630173794000,0.3195901969230769
1630173824000,0.31251350424876845
1630173854000,0.3118299182043344
1630173884000,0.3140732739368165
1630173914000,0.3144616557997558
1630173944000,0.31687345729360644
1630173974000,0.31168259049079755
1630174004000,0.3153063104166667
1630174034000,0.3153094566646001
1630174064000,0.31861194712990937
1630174094000,0.31155981423290197
1630174124000,0.31260015
1630174154000,0.31355717756370416
1630174184000,0.31722692416067144
1630174214000,0.3201468108614232
1630174244000,0.3128424708078336
1630174274000,0.3135712503037667
1630174304000,0.312795950755287
1630174334000,0.3146375871146733
1630174364000,0.3122202569125853
1630174394000,0.31164675
1630174424000,0.3112057828939301
1630174454000,0.31787386751394914
1630174484000,0.3160101645833333
1630174514000,0.3108651004270897
1630174544000,0.3161238475121359
1630174574000,0.3096482930622009
1630174604000,0.3119722689592209
1630174634000,0.3184987108007449
1630174664000,0.3140082184466019
1630174694000,0.3165807554314091
1630174724000,0.2782560023897059
1630174754000,0.31769430727828746
1630174784000,0.31159863670963783
1630174814000,0.3163328609365373
1630174844000,0.31824870197287297
1630174874000,0.31372430993255673
1630174904000,0.3153091680773881
1630174934000,0.31185662099447514
1630174964000,0.3130462035012285
1630174994000,0.31056950682510664
1630175024000,0.31718314128952263
1630175054000,0.3112886524218271
1630175084000,0.3211855441425121
1630175114000,0.3154500347076923
1630175144000,0.31788478365500605
1630175174000,0.313600454601227
1630175204000,0.3140715890625
1630175234000,0.31891977096378143
1630175264000,0.31334338130277445
1630175294000,0.3214590339066339
1630175324000,0.3140183305230769
1630175354000,0.3196515388444991
1630175384000,0.3160032773208723
1630175414000,0.3200405684371184
1630175444000,0.31689611423357666
1630175474000,0.3166511236664623
1630175504000,0.31713397529558185
1630175534000,0.3103648726443769
1630175564000,0.3174942756188119
1630175594000,0.3097784122796353
1630175624000,0.3156620871105681
1630175654000,0.3182284636418633
1630175684000,0.3153709323978036
1630175714000,0.3175503866500312
1630175744000,0.31876061236363634
1630175774000,0.310995263899139
1630175804000,0.3119791084204057
1630175834000,0.3128061638480392
1630175864000,0.31649217031736154
1630175894000,0.3110386378011118
1630175924000,0.3119554665456745
1630175954000,0.31294732283840193
1630175984000,0.3122051324012158
1630176014000,0.3151802870710784
1630176044000,0.3132529617153512
1630176074000,0.3163608415811708
1630176104000,0.3155895219720024
1630176134000,0.3115321382460414
1630176164000,0.3119363804668305
1630176194000,0.31329901374465485
1630176224000,0.3126435727716728
1630176254000,0.3173293939375383
1630176284000,0.3178095042735043
1630176314000,0.31467364285714283
1630176344000,0.3194444330708661
1630176374000,0.3164969148171109
1630176404000,0.3167467053855569
1630176434000,0.3183804573719926
1630176464000,0.311676198458693
1630176494000,0.31849056201550385
1630176524000,0.3114459513038205
1630176554000,0.31254202156383626
1630176584000,0.3126206113939394
1630176614000,0.3193566064950981
1630176644000,0.31841724709876545
1630176674000,0.3172176321494182
1630176704000,0.3119724810323383
1630176734000,0.31365258508014804
1630176764000,0.3143221277258567
1630176794000,0.32471293105134474
1630176824000,0.3181936304455445
1630176854000,0.312075238559322
1630176884000,0.315506296213532
1630176914000,0.31828714472087377
1630176944000,0.313944473556231
1630176974000,0.3127291725776965
1630177004000,0.3113311605295567
1630177034000,0.3148522325863113
1630177064000,0.3170529231334149
1630177094000,0.3178062849628713
1630177124000,0.3165885203452528
1630177154000,0.3173971978960396
1630177184000,0.3171774183229813
1630177214000,0.3155040191203421
1630177244000,0.3176540110841914
1630177274000,0.3112601592525618
1630177304000,0.3130692227692308
1630177334000,0.31222420945945945
1630177364000,0.3149951673309179
1630177394000,0.312964144646098
1630177424000,0.31319567899571343
1630177454000,0.3184715459951457
1630177484000,0.31418845382262994
1630177514000,0.3108621775925926
1630177544000,0.31587736076409945
1630177574000,0.31270820552184464
1630177604000,0.3160764927791262
1630177634000,0.3171087818800247
1630177664000,0.31246216730769233
1630177694000,0.31235555446153845
1630177724000,0.3277016123411978
1630177754000,0.3200605157413057
1630177784000,0.3170542603669725
1630177814000,0.3251919864386072
1630177844000,0.325340918872549
1630177874000,0.3257872108655617
1630177904000,0.3753692278350516
1630177934000,0.3716343806996381
1630177964000,0.3764410096518021
1630177994000,0.3751481436611008
1630178024000,0.376349221686011
1630178054000,0.3750706637355973
1630178084000,0.31447529158595644
1630178114000,0.3179192728834356
1630178144000,0.3080128324503311
1630178174000,0.31995341496640195
1630178204000,0.31638263174603176
1630178234000,0.3219019119148936
1630178264000,0.31431236407474383
1630178294000,0.3124226612923077
1630178324000,0.3151407682986536
1630178354000,0.3111897828467153
1630178384000,0.3116844344311377
1630178414000,0.31109041391941394
1630178444000,0.31438704908759124
1630178474000,0.3121307670336391
1630178504000,0.3123572467673716
1630178534000,0.310307578835658
1630178564000,0.3169860551297899
1630178594000,0.3128862182320442
1630178624000,0.3131031023213195
1630178654000,0.3227835541436464
1630178684000,0.3125928111383109
1630178714000,0.3185653194614443
1630178744000,0.3128592858990148
1630178774000,0.3198962370938075
1630178804000,0.31919388704379564
1630178834000,0.3153101284667074
1630178864000,0.3138901712386707
1630178894000,0.3128403007980356
1630178924000,0.3137257184848485
1630178954000,0.31242660763027297
1630178984000,0.3178149456441718
1630179014000,0.31268067216494844
1630179044000,0.3146294662515567
1630179074000,0.2493218784034653
1630179104000,0.3134095288590604
1630179134000,0.3132996503956177
1630179164000,0.3164151201234568
1630179194000,0.3209388017978921
1630179224000,0.3176312415280345
1630179254000,0.3156765495104039
1630179284000,0.31700101083231336
1630179314000,0.3177741974328358
1630179344000,0.3121868368259804
1630179374000,0.3149269552536232
1630179404000,0.3129202865598027
1630179434000,0.3168886305521472
1630179464000,0.31934947325227964
1630179494000,0.3123316107098381
1630179524000,0.322001791152648
1630179554000,0.3157190646153846
1630179584000,0.3112331511342735
1630179614000,0.31260306666666665
1630179644000,0.3175157061849357
1630179674000,0.31685823298717164
1630179704000,0.3171644144585602
1630179734000,0.3118446088995791
1630179764000,0.3130363250154799
1630179794000,0.3115552285714286
1630179824000,0.3124119841846154
1630179854000,0.3112996788800974
1630179884000,0.3164163233702337
1630179914000,0.3158125515407855
1630179944000,0.3108910397908979
1630179974000,0.3108389902080783
1630180004000,0.3219695995739501
1630180034000,0.3180448673088501
1630180064000,0.3128522367073171
1630180094000,0.3154323616983373
1630180124000,0.31130150683497537
1630180154000,0.31605915497835496
1630180184000,0.3119705493546405
1630180214000,0.31339711466666664
1630180244000,0.3133250041615667
1630180274000,0.3181568806748466
1630180304000,0.3160903386977887
1630180334000,0.320107221717486
1630180364000,0.3136686141900122
1630180394000,0.3190912032238066
1630180424000,0.3149788651774786
1630180454000,0.3182732774691358
1630180484000,0.3189449822208738
1630180514000,0.3128877318181818
1630180544000,0.3127227619591346
1630180574000,0.3140007048358209
1630180604000,0.3129063481796117
1630180634000,0.3118671475632326
1630180664000,0.3128247288819876
1630180694000,0.31316953687810944
1630180724000,0.3155429770922419
1630180754000,0.3175227683150183
1630180784000,0.3134931830806549
1630180814000,0.32250353315151514
1630180844000,0.31360671277372265
1630180874000,0.3172511266301036
1630180904000,0.3201920610055181
1630180934000,0.3158077076923077
1630180964000,0.3209345025500911
1630180994000,0.31251598291062804
1630181024000,0.3099085081846154
1630181054000,0.3126510238414634
1630181084000,0.32012211689969605
1630181114000,0.31792993060848185
1630181144000,0.3153311082149475
1630181174000,0.31248232775030904
1630181204000,0.3161042368388684
1630181234000,0.3142381056269113
1630181264000,0.3138098445812808
1630181294000,0.3197731253333333
1630181324000,0.3112488501854141
1630181354000,0.3177492330275229
1630181384000,0.3173705078335373
1630181414000,0.320549503009828
1630181444000,0.31463863443223444
1630181474000,0.3151895949173301
1630181504000,0.31595667797330096
1630181534000,0.3152719085697043
1630181564000,0.31496742238713665
1630181594000,0.32333768083538084
1630181624000,0.3111281648058252
1630181654000,0.3157417386642157
1630181684000,0.3163902067360686
1630181714000,0.3133425748473748
1630181744000,0.320963344124847
1630181774000,0.3224779789976134
1630181804000,0.31829934669140386
1630181834000,0.3167902026380368
1630181864000,0.31505964761617383
1630181894000,0.3173147797924298
1630181924000,0.3122284449116393
1630181954000,0.3144334896014944
1630181984000,0.3147644579201935
1630182014000,0.3176095671741778
1630182044000,0.3156059952556993
1630182074000,0.3158504406955461
1630182104000,0.3129622642291286
1630182134000,0.31180785804668304
1630182164000,0.3174825770846201
1630182194000,0.3130062376146789
1630182224000,0.31316129471393034
1630182254000,0.31605615519125685
1630182284000,0.3149048903599756
1630182314000,0.3168945581238504
1630182344000,0.315835936686747
1630182374000,0.31585738660110635
1630182404000,0.31135130187424426
1630182434000,0.3123588929534314
1630182464000,0.31269928459657703
1630182494000,0.3110708696514423
1630182524000,0.3168417398907104
1630182554000,0.320076993877551
1630182584000,0.3128045740402194
1630182614000,0.31577703748466257
1630182644000,0.3224571888275015
1630182674000,0.32000142632865003
1630182704000,0.3134223976088289
1630182734000,0.3100373550492611
1630182764000,0.3125394573950092
1630182794000,0.3181292182709994
1630182824000,0.3247889615009152
1630182854000,0.3131021318070818
1630182884000,0.3125907797546012
1630182914000,0.31533760202205885
1630182944000,0.3143854277167277
1630182974000,0.3136221686238532
1630183004000,0.3148490988449848
1630183034000,0.3153909809262645
1630183064000,0.3168005424390244
1630183094000,0.314368594188862
1630183124000,0.31352847924865834
1630183154000,0.31527808653366585
1630183184000,0.3199028632850241
1630183214000,0.3145997082524272
1630183244000,0.3166263116557083
1630183274000,0.31562855584415583
1630183304000,0.31636292723351817
1630183334000,0.3158600168087698
1630183364000,0.31314557676399024
1630183394000,0.3163154827963526
1630183424000,0.3138824283775447
1630183454000,0.3161661826666667
1630183484000,0.3134055187652812
1630183514000,0.31427235126309305
1630183544000,0.3157182114182692
1630183574000,0.3195480751216545
1630183604000,0.3126413310366232
1630183634000,0.3144887347960445
1630183664000,0.311310613255956
1630183694000,0.3177513326380368
1630183724000,0.3133153716574245
1630183754000,0.3197902463653024
1630183784000,0.3140205866945107
1630183814000,0.31750801179331306
1630183844000,0.3170587470905819
1630183874000,0.3131445784739454
1630183904000,0.3122146855342137
1630183934000,0.31943680146163217
1630183964000,0.3202190961007799
1630183994000,0.3164606410519952
1630184024000,0.312062390569504
1630184054000,0.31613906450428403
1630184084000,0.31644719050245096
1630184114000,0.31668927988997553
1630184144000,0.315813006773399
1630184174000,0.31382761343191623
1630184204000,0.3133182109823063
1630184234000,0.3124668708613317
1630184264000,0.3138600100671141
1630184294000,0.31328108666666665
1630184324000,0.30831199503932244
1630184354000,0.3119013203967762
1630184384000,0.31470371002460024
1630184414000,0.3170689622960725
1630184444000,0.3154639763812993
1630184474000,0.3162634218844985
1630184504000,0.31696868122699384
1630184534000,0.3196964229616307
1630184564000,0.3158958542073171
1630184594000,0.3143865689993861
1630184624000,0.3127664577018633
1630184654000,0.3177693641509434
1630184684000,0.31196409785407725
1630184714000,0.31939592550706825
1630184744000,0.3153294401846154
1630184774000,0.3118919159756098
1630184804000,0.31262365477784543
1630184834000,0.3136336279950341
1630184864000,0.31467094429906545
1630184894000,0.3155179058076225
1630184924000,0.3179900178767541
1630184954000,0.3125397608404385
1630184984000,0.31232469902912624
1630185014000,0.3114035312306741
1630185044000,0.31291020831804284
1630185074000,0.3126688265030675
1630185104000,0.3184454318491033
1630185134000,0.32047055079462106
1630185164000,0.31640529205665024
1630185194000,0.3140915841530055
1630185224000,0.315141733682266
1630185254000,0.3129837972972973
1630185284000,0.3153967336330935
1630185314000,0.31634454147239266
1630185344000,0.31642117108359136
1630185374000,0.31490636137339056
1630185404000,0.3159303367065868
1630185434000,0.31273437344423904
1630185464000,0.3136821551915945
1630185494000,0.3180732979692308
1630185524000,0.31381599523518633
1630185554000,0.3103605914671578
1630185584000,0.31897590267639897
1630185614000,0.3138081899571341
1630185644000,0.31279138056407113
1630185674000,0.31185884951040393
1630185704000,0.31243842147201945
1630185734000,0.3179404212177121
1630185764000,0.31538601064087063
1630185794000,0.3183359958033573
1630185824000,0.31571027606153845
1630185854000,0.3170781351907935
1630185884000,0.3175704201090248
1630185914000,0.3172887704019489
1630185944000,0.3124841187076923
1630185974000,0.31229853555417186
1630186004000,0.3155777938964241
1630186034000,0.3151283326946848
1630186064000,0.32189806042944785
1630186094000,0.3222855920173267
1630186124000,0.3134344186377709
1630186154000,0.3159201955021565
1630186184000,0.312433991589363
1630186214000,0.311680135080148
1630186244000,0.3185101993393393
1630186274000,0.3179190835802469
1630186304000,0.3179840351681957
1630186334000,0.3161496737644905
1630186364000,0.3173743389434889
1630186394000,0.3128462387354205
1630186424000,0.31645011848942606
1630186454000,0.3162418926873857
1630186484000,0.31480075505205146
1630186514000,0.3169410433333333
1630186544000,0.3179293654645477
1630186574000,0.3163800757649939
1630186604000,0.3189675740967544
1630186634000,0.3122258108058608
1630186664000,0.3122706462622549
1630186694000,0.3136404909307876
1630186724000,0.3162359990848078
1630186754000,0.31723397518203883
1630186784000,0.3147073003656307
1630186814000,0.3133086356617647
1630186844000,0.31601888581039755
1630186874000,0.31516372457002456
1630186904000,0.31688745503685506
1630186934000,0.3180045443413729
1630186964000,0.3163112615479876
1630186994000,0.3132033782874617
1630187024000,0.3134765908588957
1630187054000,0.3173279220481928
1630187084000,0.3198414276219512
1630187114000,0.31779817887931033
1630187144000,0.32025208447015835
1630187174000,0.3140317902291918
1630187204000,0.31465628503359805
1630187234000,0.3144122695975232
1630187264000,0.3171296139279169
1630187294000,0.3165524009894867
1630187324000,0.31295295485257985
1630187354000,0.3120129694711539
1630187384000,0.3149255956495468
1630187414000,0.31183567855833844
1630187444000,0.3178339876012461
1630187474000,0.3133244376068376
1630187504000,0.3145683191961608
1630187534000,0.3119520791044776
1630187564000,0.3195340165856622
1630187594000,0.3173487669090909
1630187624000,0.3153824049846154
1630187654000,0.31845274515337424
1630187684000,0.31048264130702835
1630187714000,0.3128004283007335
1630187744000,0.32193523222632225
1630187774000,0.31929226913580244
1630187804000,0.320442730726601
1630187834000,0.3168215242647059
1630187864000,0.3150399427531837
1630187894000,0.3167894756542909
1630187924000,0.3160562856189321
1630187954000,0.31299760296789825
1630187984000,0.3145478349323493
1630188014000,0.3144986624922118
1630188044000,0.3152056795107034
1630188074000,0.3168168502484472
1630188104000,0.3063948338922156
1630188134000,0.3137810536330049
1630188164000,0.3139698996907854
1630188194000,0.31420150861445784
1630188224000,0.31840307527607364
1630188254000,0.3157794254445126
1630188284000,0.31703741721411194
1630188314000,0.31677505556908103
1630188344000,0.3197046813784764
1630188374000,0.3150444545846154
1630188404000,0.314056175308642
1630188434000,0.3193542527283875
1630188464000,0.3150547676056338
1630188494000,0.3184936413561393
1630188524000,0.31737223915956153
1630188554000,0.31624026276791184
1630188584000,0.31136292854534386
1630188614000,0.3138810575242719
1630188644000,0.3181099281345566
1630188674000,0.31909932239805233
1630188704000,0.3193463062048193
1630188734000,0.315387975090036
1630188764000,0.3123956725935009
1630188794000,0.3138221191256831
1630188824000,0.31481537682038835
1630188854000,0.31429991863164325
1630188884000,0.3117905574938575
1630188914000,0.3191275011418269
1630188944000,0.3166848344403444
1630188974000,0.31771977107843136
1630189004000,0.3218378269512195
1630189034000,0.3119445405388855
1630189064000,0.3128622979579208
1630189094000,0.31289518233514824
1630189124000,0.3188834438509317
1630189154000,0.3117204887792848
1630189184000,0.3170196170731707
1630189214000,0.3191669106200123
1630189244000,0.3134820433823529
1630189274000,0.3124549514162562
1630189304000,0.31233781532890764
1630189334000,0.3200047268902439
1630189364000,0.3101609569090909
1630189394000,0.3170407534536403
1630189424000,0.31474339709267113
1630189454000,0.3112833339003645
1630189484000,0.31702248855906
1630189514000,0.3116128413030484
1630189544000,0.3108140825046041
1630189574000,0.31637476205630355
1630189604000,0.3141232037920489
1630189634000,0.31327968131595285
1630189664000,0.3154916911330049
1630189694000,0.3132638338582677
1630189724000,0.31507149520048605
1630189754000,0.3154063735436893
1630189784000,0.3154226314906832
1630189814000,0.31726538983861324
1630189844000,0.3159972070939639
1630189874000,0.3210676648204504
1630189904000,0.3116567883578432
1630189934000,0.3150220582777441
1630189964000,0.30872704194139194
1630189994000,0.3144343217894096
1630190024000,0.2610277839755352
1630190054000,0.3152755266545233
1630190084000,0.31360685
1630190114000,0.31758159806879904
1630190144000,0.3111376963212753
1630190174000,0.3132878075879087
1630190204000,0.3208943954656863
1630190234000,0.3161796032628399
1630190264000,0.3136665673846154
1630190294000,0.3247652207067576
1630190324000,0.31227934611620795
1630190354000,0.3162393720588235
1630190384000,0.3107933102642901
1630190414000,0.3139579812084592
1630190444000,0.3178968355421687
1630190474000,0.31328595058605796
1630190504000,0.3131424878824969
1630190534000,0.31695741153374235
1630190564000,0.31351253971587395
1630190594000,0.3157823585321101
1630190624000,0.3115418757763975
1630190654000,0.32018112025625384
1630190684000,0.3179859443765281
1630190714000,0.31207045089011665
1630190744000,0.3133483161016949
1630190774000,0.31996819536867765
1630190804000,0.3180846844671885
1630190834000,0.3186412681595092
1630190864000,0.3111639392835821
1630190894000,0.31360068429701765
1630190924000,0.3115415700667881
1630190954000,0.3118866604491578
1630190984000,0.3176071487970389
1630191014000,0.3136654906764168
1630191044000,0.3158679012254902
1630191074000,0.3126609258652095
1630191104000,0.3133821432934132
1630191134000,0.3173791364417178
1630191164000,0.3119504738052027
1630191194000,0.3125525575334143
1630191224000,0.3189823644512195
1630191254000,0.3177073125308642
1630191284000,0.3130151114852676
1630191314000,0.3157962849103277
1630191344000,0.318245025293029
1630191374000,0.3123227327700664
1630191404000,0.3198901578087167
1630191434000,0.3180240893051359
1630191464000,0.3090806019335348
1630191494000,0.31686636410098523
1630191524000,0.31471314640000003
1630191554000,0.3123324424615385
1630191584000,0.3190362397326853
1630191614000,0.31220263601983883
1630191644000,0.31616279925971624
1630191674000,0.3161443684822521
1630191704000,0.3114307325213155
1630191734000,0.31964186613981765
1630191764000,0.3182996089616811
1630191794000,0.3179021894963145
1630191824000,0.3159012620245399
1630191854000,0.3116000061262376
1630191884000,0.3159063915536375
1630191914000,0.31444347547633683
1630191944000,0.31370442613219096
1630191974000,0.3239604870595383
1630192004000,0.3169329873471883
1630192034000,0.3161759463811821
1630192064000,0.31939357264381885
1630192094000,0.3206467112530413
1630192124000,0.3135759506915213
1630192154000,0.3132953079189687
1630192184000,0.3196243539950062
1630192214000,0.3147301824487334
1630192244000,0.3091899003669725
1630192274000,0.3218458456009913
1630192304000,0.3138312788029925
1630192334000,0.3180706064180929
1630192364000,0.31646107916666666
1630192394000,0.3118151575075988
1630192424000,0.3194542342682927
1630192454000,0.31907925673494725
1630192484000,0.31694952090464545
1630192514000,0.3118481680342927
1630192544000,0.31577336977025394
1630192574000,0.31646301149068323
1630192604000,0.31284040121359225
1630192634000,0.3121018004297115
1630192664000,0.3129921398299939
1630192694000,0.3124149751216545
1630192724000,0.3107323517199017
1630192754000,0.3130518281846154
1630192784000,0.3155710221815966
1630192814000,0.31189323761961724
1630192844000,0.31795526920267797
1630192874000,0.31290435628078817
1630192904000,0.316919394681509
1630192934000,0.3174561392879067
1630192964000,0.3216384270486753
1630192994000,0.3122428627794562
1630193024000,0.3097739679564692
1630193054000,0.3149183324091189
1630193084000,0.3118914075925926
1630193114000,0.3175909452190006
1630193144000,0.3138178984271022
1630193174000,0.3120050789793439
1630193204000,0.3126152821472393
1630193234000,0.3160754226519337
1630193264000,0.3133759955610357
1630193294000,0.3121822207902736
1630193324000,0.3149388998164015
1630193354000,0.3177432465412621
1630193384000,0.31385706118012424
1630193414000,0.3120511268382353
1630193444000,0.3133406417342483
1630193474000,0.31762080819571864
1630193504000,0.3128446237569061
1630193534000,0.31443682283272284
1630193564000,0.31248443011083743
1630193594000,0.3155660891119221
1630193624000,0.3176946852675887
1630193654000,0.3172959953416149
1630193684000,0.31409725985267034
1630193714000,0.31852189871244635
1630193744000,0.3142290198901769
1630193774000,0.31632876163141993
1630193804000,0.3139449111926605
1630193834000,0.31130029603603604
1630193864000,0.3161358458024691
1630193894000,0.3121270262965223
1630193924000,0.31291974503676473
1630193954000,0.3145074409713574
1630193984000,0.3111986654878049
1630194014000,0.3269978854622871
1630194044000,0.3136850364457831
1630194074000,0.31522885517035265
1630194104000,0.3134280655616943
1630194134000,0.314312529136253
1630194164000,0.3162927680513134
1630194194000,0.3171216476309227
1630194224000,0.3134825629607251
1630194254000,0.3200603319537432
1630194284000,0.3142974842627014
1630194314000,0.3138585277167277
1630194344000,0.3143724658400496
1630194374000,0.3126915062877872
1630194404000,0.3206825197044335
1630194434000,0.3186371463625154
1630194464000,0.3113876127306273
1630194494000,0.31887348685185185
1630194524000,0.31844199945321994
1630194554000,0.31152744232902035
1630194584000,0.31786767127139365
1630194614000,0.31905068340503995
1630194644000,0.3152044375380865
1630194674000,0.3182744128992629
1630194704000,0.3126285715668481
1630194734000,0.31365109291925464
1630194764000,0.3142726235900546
1630194794000,0.316582352289604
1630194824000,0.3167568335735736
1630194854000,0.3181029945398773
1630194884000,0.3164418888478127
1630194914000,0.3201466901889092
1630194944000,0.3156292722085889
1630194974000,0.315770031242236
1630195004000,0.3188023099255583
1630195034000,0.3203881140931373
1630195064000,0.3161334698286414
1630195094000,0.3172172382874618
1630195124000,0.31251848490449785
1630195154000,0.3147739046683047
1630195184000,0.3125488878694581
1630195214000,0.3176672525320317
1630195244000,0.3205155033694344
1630195274000,0.3193496976941748
1630195304000,0.3128934635474006
1630195334000,0.3174793474617737
1630195364000,0.31666336755583124
1630195394000,0.3175286558732132
1630195424000,0.3124954233353696
1630195454000,0.31255762367620205
1630195484000,0.2858761756292204
1630195514000,0.3136443688504326
1630195544000,0.3155141061557031
1630195574000,0.31434194332524273
1630195604000,0.3162796500603865
1630195634000,0.31736176212583994
1630195664000,0.31617987203231823
1630195694000,0.3300039888888889
1630195724000,0.3166223464848485
1630195754000,0.3182785377538829
1630195784000,0.3145430487775061
1630195814000,0.3157052677242221
1630195844000,0.31700200176613885
1630195874000,0.3178556985898222
1630195904000,0.3183703024029575
1630195934000,0.3115795793776693
1630195964000,0.3118208825454545
1630195994000,0.31641135431945305
1630196024000,0.3175911195298373
1630196054000,0.31947868707317073
1630196084000,0.31402473784289275
1630196114000,0.3149027174153846
1630196144000,0.3110933050272562
1630196174000,0.31279779987827144
1630196204000,0.3207259440197287
1630196234000,0.32127632594661704
1630196264000,0.3157224159730722
1630196294000,0.3190831355809753
1630196324000,0.3196797124618204
1630196354000,0.3179604601615911
1630196384000,0.3127551859006211
1630196414000,0.3190061946027896
1630196444000,0.3133211427777778
1630196474000,0.3173892721981424
1630196504000,0.3218361751842752
1630196534000,0.32192462737948085
1630196564000,0.31411288088057904
1630196594000,0.31310925765432096
1630196624000,0.31211045277608296
1630196654000,0.3153698378778532
1630196684000,0.313087326702833
1630196714000,0.31784907734326506
1630196744000,0.31350511195317315
1630196774000,0.31622035064141724
1630196804000,0.31162774560643564
1630196834000,0.3190204405339806
1630196864000,0.3195441072044335
1630196894000,0.3205468806134969
1630196924000,0.32016970201588274
1630196954000,0.3177248502172564
1630196984000,0.3154381690920024
1630197014000,0.3125675178940961
1630197044000,0.3148249732673267
1630197074000,0.3118574998142415
1630197104000,0.3125319722663409
1630197134000,0.3134659134886573
1630197164000,0.3145576770086527
1630197194000,0.3146824357364823
1630197224000,0.32061211753958585
1630197254000,0.3163611258823529
1630197284000,0.3152668222836096
1630197314000,0.3127056894638404
1630197344000,0.3125750650909091
1630197374000,0.31220214646706584
1630197404000,0.31458923555967844
1630197434000,0.3158765818844985
1630197464000,0.3135978792652553
1630197494000,0.3123292962275449
1630197524000,0.3109555517409896
1630197554000,0.3105624382678133
1630197584000,0.3171966690785405
1630197614000,0.3124450649908032
1630197644000,0.3134981719148936
1630197674000,0.3122514357230392
1630197704000,0.31589573302639656
1630197734000,0.31658762546771274
1630197764000,0.31153690551849605
1630197794000,0.3156137702322738
1630197824000,0.31139888010915706
1630197854000,0.30806522273276904
1630197884000,0.3180866158119658
1630197914000,0.3161933669527897
1630197944000,0.3153288062233069
1630197974000,0.3174316040840841
1630198004000,0.3118805329469189
1630198034000,0.3131271253939394
1630198064000,0.31934978233861144
1630198094000,0.3131987414215686
1630198124000,0.3131808659286593
1630198154000,0.3189932067682927
1630198184000,0.3201047784671533
1630198214000,0.31460944446472017
1630198244000,0.3164751262206149
1630198274000,0.3156429343995172
1630198304000,0.31826512295980514
1630198334000,0.31176926294082485
1630198364000,0.31686014
1630198394000,0.3111529191789216
1630198424000,0.31266291912128713
1630198454000,0.31199050876762724
1630198484000,0.3147395390184049
1630198514000,0.3113789428140097
1630198544000,0.3105623576781327
1630198574000,0.3113953924425635
1630198604000,0.3134383232600733
1630198634000,0.313278518491921
1630198664000,0.3128107497237569
1630198694000,0.3201640052189562
1630198724000,0.3174308872327428
1630198754000,0.3178644022629969
1630198784000,0.315647932224276
1630198814000,0.3107865714888487
1630198844000,0.3193330537220844
1630198874000,0.3138578035272277
1630198904000,0.3155927231094979
1630198934000,0.31829272513863216
1630198964000,0.3094934329268293
1630198994000,0.3134144872433105
1630199024000,0.3156306924096385
1630199054000,0.3133695222085889
1630199084000,0.31584964267080745
1630199114000,0.3123660292727273
1630199144000,0.31552659919604203
1630199174000,0.3133956482066869
1630199204000,0.3150231087568892
1630199234000,0.31305290640788663
1630199264000,0.3115249496640196
1630199294000,0.3168451383594693
1630199324000,0.3141622325465839
1630199354000,0.3119570505148395
1630199384000,0.31225682203806016
1630199414000,0.3178959889361702
1630199444000,0.3157647734169653
1630199474000,0.3166205222154964
1630199504000,0.31701266768478925
1630199534000,0.32119153643076925
1630199564000,0.3151750567893784
1630199594000,0.311252175862069
1630199624000,0.3137433414589665
1630199654000,0.3136324369794904
1630199684000,0.31692507137569403
1630199714000,0.3138312265268353
1630199744000,0.3159539756127451
1630199774000,0.3166898501201923
1630199804000,0.3172176173357664
1630199834000,0.3167968748938751
1630199864000,0.3202833259627329
1630199894000,0.3141394066707095
1630199924000,0.3120102369578497
1630199954000,0.31392500925812383
1630199984000,0.3179667943209877
1630200014000,0.3176673932598039
1630200044000,0.32054393618215843
1630200074000,0.30862135675348273
1630200104000,0.3179845470588235
1630200134000,0.3169899870012092
1630200164000,0.3131972714904144
1630200194000,0.3133382138141809
1630200224000,0.3123108423522242
1630200254000,0.3134637589524969
1630200284000,0.3126244190023753
1630200314000,0.3197025172075934
1630200344000,0.3132946484536083
1630200374000,0.3133749471094711
1630200404000,0.3178368366849482
1630200434000,0.3125519957711443
1630200464000,0.3122944481035521
1630200494000,0.31090552244655584
1630200524000,0.3119245246823956
1630200554000,0.31109565042067305
1630200584000,0.311707262254902
1630200614000,0.3123661117245657
1630200644000,0.3214552887804878
1630200674000,0.3123106789667897
1630200704000,0.3151194785317705
1630200734000,0.3129086937993921
1630200764000,0.3167119756127451
1630200794000,0.31123216693105554
1630200824000,0.3150958682808717
1630200854000,0.3176032158536585
1630200884000,0.31719627763558805
1630200914000,0.31185575139318883
1630200944000,0.3132498935464044
1630200974000,0.30964092897310513
1630201004000,0.31197984896341463
1630201034000,0.3194102081097941
1630201064000,0.31678347042682925
1630201094000,0.3125734933497537
1630201124000,0.3131547392459827
1630201154000,0.31513269768292684
1630201184000,0.30985160429262393
1630201214000,0.3158558615151515
1630201244000,0.3139187833333333
1630201274000,0.3177295346130408
1630201304000,0.3160464672043011
1630201334000,0.3085436314893617
1630201364000,0.3136403339045288
1630201394000,0.31532634427953
1630201424000,0.3146697522316043
1630201454000,0.3193497303604154
1630201484000,0.3129235153705954
1630201514000,0.3154899956683168
1630201544000,0.31460527534743205
1630201574000,0.3185124432333129
1630201604000,0.31437982239170226
1630201634000,0.3172531013398295
1630201664000,0.3139880918316832
1630201694000,0.3130881771393643
1630201724000,0.31529141949152545
1630201754000,0.3242093035279805
1630201784000,0.3106773354292624
1630201814000,0.31474658003640776
1630201844000,0.3145392991651759
1630201874000,0.3124937919653893
1630201904000,0.3127682496954933
1630201934000,0.3129453490062112
1630201964000,0.3130582285009253
1630201994000,0.3192686988350705
1630202024000,0.3168309224615385
1630202054000,0.3124144623543838
1630202084000,0.3111805468190241
1630202114000,0.31787625108433737
1630202144000,0.3132771411656441
1630202174000,0.3177553246500304
1630202204000,0.3163346605599513
1630202234000,0.3173256143629808
1630202264000,0.3165515851829268
1630202294000,0.314536099331307
1630202324000,0.3228492478606357
1630202354000,0.3145643945833333
1630202384000,0.3205823442472461
1630202414000,0.3217612384803922
1630202444000,0.3145997066991474
1630202474000,0.3170437377171216
1630202504000,0.30703864445121953
1630202534000,0.3146037290941812
1630202564000,0.31641693935842075
1630202594000,0.31794398391437306
1630202624000,0.3211136304374615
1630202654000,0.3151106321428571
1630202684000,0.313689341025641
1630202714000,0.31609148261390885
1630202744000,0.32091579126506026
1630202774000,0.3214914433292534
1630202804000,0.31550815343787697
1630202834000,0.3234215469512195
1630202864000,0.3114617546454768
1630202894000,0.3118518777170613
1630202924000,0.3113854947239264
1630202954000,0.31462583987987985
1630202984000,0.31255948543806644
1630203014000,0.31124546489493204
1630203044000,0.3133187441789216
1630203074000,0.31296703237100737
1630203104000,0.31546406960193
1630203134000,0.3125795001864512
1630203164000,0.3185539370235935
1630203194000,0.3150004937766931
1630203224000,0.3168134361111111
1630203254000,0.31383221126237626
1630203284000,0.31595149628275443
1630203314000,0.3114796831405965
1630203344000,0.31672872071078434
1630203374000,0.31218844836561743
1630203404000,0.3167223695571956
1630203434000,0.3151521540524071
1630203464000,0.315868953542822
1630203494000,0.3222494295232274
1630203524000,0.3194831841661649
1630203554000,0.31610801998777505
1630203584000,0.3122337508206687
1630203614000,0.31537725445665443
1630203644000,0.3146261498784933
1630203674000,0.31482632444717445
1630203704000,0.3167778918204182
1630203734000,0.3154882676866585
1630203764000,0.31553951789859497
1630203794000,0.3210999732089103
1630203824000,0.31741099383561644
1630203854000,0.31564757136778115
1630203884000,0.3124327407673861
1630203914000,0.3124100744058501
1630203944000,0.3189358703067485
1630203974000,0.3123036240978593
1630204004000,0.32023669644825475
1630204034000,0.31535398431137723
1630204064000,0.31797283024390244
1630204094000,0.3135777990803188
1630204124000,0.3129519508599509
1630204154000,0.31417748327114425
1630204184000,0.3140968985472155
1630204214000,0.31604053565749235
1630204244000,0.3127322974185618
1630204274000,0.3124823710494572
1630204304000,0.3199140797288971
1630204334000,0.3128360702271332
1630204364000,0.3123256725620836
1630204394000,0.3169257300429185
1630204424000,0.3152291937652812
1630204454000,0.3144442843941249
1630204484000,0.32419243145510834
1630204514000,0.3171274530120482
1630204544000,0.3176280848729076
1630204574000,0.31207264121249234
1630204604000,0.319176844198895
1630204634000,0.3174327125076266
1630204664000,0.3142767824487334
1630204694000,0.3157534777844672
1630204724000,0.3197430662804878
1630204754000,0.31310748474065137
1630204784000,0.31256922686383243
1630204814000,0.3126279260086903
1630204844000,0.3181589671523983
1630204874000,0.3108410657072872
1630204904000,0.31681162334774554
1630204934000,0.31614243508454104
1630204964000,0.3166703315027157
1630204994000,0.32003549007308163
1630205024000,0.3130543678615575
1630205054000,0.3177849438737624
1630205084000,0.3125066154562384
1630205114000,0.3176428247122956
1630205144000,0.3136835757779133
1630205174000,0.3201594694749695
1630205204000,0.3122331548036254
1630205234000,0.3165326143990238
1630205264000,0.3121165390153846
1630205294000,0.31261965782105905
1630205324000,0.3195665987108656
1630205354000,0.311011515995116
1630205384000,0.313335093603936
1630205414000,0.3144797452012384
1630205444000,0.3136848225513906
1630205474000,0.3142626818912237
1630205504000,0.31291184140672784
1630205534000,0.3140655516860821
1630205564000,0.318356361509901
1630205594000,0.3160213672914148
1630205624000,0.3142345361870067
1630205654000,0.3184196032459426
1630205684000,0.3143655425046268
1630205714000,0.3162380372346877
1630205744000,0.3128289685082873
1630205774000,0.3112272385652974
1630205804000,0.3121911492014742
1630205834000,0.3159600147148988
1630205864000,0.31068590820481184
1630205894000,0.3109035566666667
1630205924000,0.31241317829504234
1630205954000,0.3113845077906269
1630205984000,0.3193933929274293
1630206014000,0.3187316412815773
1630206044000,0.3122512507917174
1630206074000,0.3208726299511002
1630206104000,0.3186921851851852
1630206134000,0.3181940277606416
1630206164000,0.311137449969825
1630206194000,0.3156195833027523
1630206224000,0.3185041179076923
1630206254000,0.3135074468711657
1630206284000,0.31332709444444445
1630206314000,0.3169553421634911
1630206344000,0.3183225462235649
1630206374000,0.31679672153374233
1630206404000,0.3212473788543571
1630206434000,0.32380005417177915
1630206464000,0.3153490192756292
1630206494000,0.3186928497822029
1630206524000,0.31688459126984125
1630206554000,0.3171401730487805
1630206584000,0.3146600412087912
1630206614000,0.3161439966952264
1630206644000,0.3164135176650367
1630206674000,0.31358058728501226
1630206704000,0.3159234827990136
1630206734000,0.3158275915432099
1630206764000,0.3184280066585217
1630206794000,0.3128359882783883
1630206824000,0.31790868067901235
1630206854000,0.3123256538604077
1630206884000,0.31261163220651506
1630206914000,0.3174834649176327
1630206944000,0.3132306452496955
1630206974000,0.3192014576333538
1630207004000,0.3183899621736491
1630207034000,0.3190470479468599
1630207064000,0.3114422701298701
1630207094000,0.31902697725875845
1630207124000,0.3127027480362537
1630207154000,0.3217339291616039
1630207184000,0.3170279092269327
1630207214000,0.3160323864897467
1630207244000,0.31158076175567834
1630207274000,0.319163451608986
1630207304000,0.31524251449275364
1630207334000,0.313929303874092
1630207364000,0.31349084884428224
1630207394000,0.314071176499388
1630207424000,0.3117174231475812
1630207454000,0.2501910670552147
1630207484000,0.3129294822276324
1630207514000,0.3112411353448276
1630207544000,0.3170591177309361
1630207574000,0.3214118728823888
1630207604000,0.31494362795830777
1630207634000,0.3157763588669951
1630207664000,0.3095035296250768
1630207694000,0.3149897198170732
1630207724000,0.3175164805878751
1630207754000,0.3120353861728395
1630207784000,0.31780323390452875
1630207814000,0.3133175902906617
1630207844000,0.3117892581196581
1630207874000,0.3116721276092233
1630207904000,0.31684151766503665
1630207934000,0.3173139234972678
1630207964000,0.31714979957186545
1630207994000,0.3134949673369896
1630208024000,0.3120977561317877
1630208054000,0.31419214844606946
1630208084000,0.3119894428571429
1630208114000,0.3121173463596764
1630208144000,0.3159785099696049
1630208174000,0.31426235529699936
1630208204000,0.3191176190149626
1630208234000,0.32381043206388205
1630208264000,0.310870269691358
1630208294000,0.3182541995012469
1630208324000,0.31464355944140865
1630208354000,0.3188298537855845
1630208384000,0.3199418302238806
1630208414000,0.3181113119626168
1630208444000,0.3160764976353453
1630208474000,0.3154901451004261
1630208504000,0.3184210325696594
1630208534000,0.31380755593426657
1630208564000,0.31761419768715765
1630208594000,0.31671508724584096
1630208624000,0.31464186011131723
1630208654000,0.3135600826666667
1630208684000,0.3163310100369458
1630208714000,0.31299393397940645
1630208744000,0.31669911476306195
1630208774000,0.3158942456043956
1630208804000,0.3170902581941868
1630208834000,0.3127055754396604
1630208864000,0.3163285532178218
1630208894000,0.3118315301760777
1630208924000,0.3147209852618757
1630208954000,0.317544394124847
1630208984000,0.3185261260631835
1630209014000,0.3181735531155475
1630209044000,0.3153118360263316
1630209074000,0.3175670486068111
1630209104000,0.3162368001218769
1630209134000,0.3140857776047904
1630209164000,0.31470347011635025
1630209194000,0.3150721162931557
1630209224000,0.3161973984548826
1630209254000,0.31739192250764525
1630209284000,0.31645306622114217
1630209314000,0.31751289039755354
1630209344000,0.3133051873828857
1630209374000,0.31245516941687346
1630209404000,0.316513023123856
1630209434000,0.3126178443827161
1630209464000,0.3168977796104687
1630209494000,0.31092253062953995
1630209524000,0.31195856976600983
1630209554000,0.3166589627963526
1630209584000,0.31252654422724496
1630209614000,0.31177348127272725
1630209644000,0.3128807433210785
1630209674000,0.3178036018094089
1630209704000,0.3177668968596059
1630209734000,0.3116731620183486
1630209764000,0.3212231004283966
1630209794000,0.313592392540074
1630209824000,0.3126407771779141
1630209854000,0.31344961461159065
1630209884000,0.31493061657492355
1630209914000,0.31619651621787026
1630209944000,0.31127729890243905
1630209974000,0.3157342519360787
1630210004000,0.3112922271515152
1630210034000,0.31970589908980585
1630210064000,0.313831484043849
1630210094000,0.31821998562765313
1630210124000,0.3145280150274893
1630210154000,0.3164202416967509
1630210184000,0.318630686125
1630210214000,0.31999396831804283
1630210244000,0.3161696912669127
1630210274000,0.3181307256379101
1630210304000,0.31119374191220683
1630210334000,0.3137770768993205
1630210364000,0.3138545842648845
1630210394000,0.31587633491484185
1630210424000,0.3203350571342201
1630210454000,0.3161914912693499
1630210484000,0.3129000027932961
1630210514000,0.3177388386029412
1630210544000,0.3155937906738869
1630210574000,0.3175754965009208
1630210604000,0.3165422753246753
1630210634000,0.31526197642376
1630210664000,0.3152832797397769
1630210694000,0.3162212754128441
1630210724000,0.3195039790123457
1630210754000,0.31624551858461536
1630210784000,0.32110744869141816
1630210814000,0.3189725783036263
1630210844000,0.3198229260843731
1630210874000,0.3139558024183797
1630210904000,0.3155984572798083
1630210934000,0.3191338851851852
1630210964000,0.31265355702075703
1630210994000,0.3170503796620398
1630211024000,0.3128056952117864
1630211054000,0.31413379313543605
1630211084000,0.3170823319677219
1630211114000,0.3171249600497822
1630211144000,0.31995911437422553
1630211174000,0.3155277436969697
1630211204000,0.3168898814747105
1630211234000,0.3156744968273337
1630211264000,0.3133947663803681
1630211294000,0.31206772221545953
1630211324000,0.31607553806571603
1630211354000,0.31577319265605874
1630211384000,0.31496024393662403
1630211414000,0.3169809178415471
1630211444000,0.3157883093205051
1630211474000,0.3161950361266294
1630211504000,0.31529126902545
1630211534000,0.3162844304213135
1630211564000,0.3126753777710109
1630211594000,0.31628051006836544
1630211624000,0.3190303297313797
1630211654000,0.3109609956077016
1630211684000,0.3112766518311608
1630211714000,0.31280438192844146
1630211744000,0.3180549546526055
1630211774000,0.3170562504331683
1630211804000,0.31174733785932723
1630211834000,0.3163579216992665
1630211864000,0.3114049290797546
1630211894000,0.32568125317745805
1630211924000,0.3171710353485503
1630211954000,0.31763882532347504
1630211984000,0.3171454518292683
1630212014000,0.3127564704867529
1630212044000,0.314084558539604
1630212074000,0.3118638428397319
1630212104000,0.3191463420036211
1630212134000,0.31673048713054186
1630212164000,0.3124076243753809
1630212194000,0.3183718760416667
1630212224000,0.31404461037446285
1630212254000,0.3110203544163064
1630212284000,0.3082704178048781
1630212314000,0.31367012721212123
1630212344000,0.3127157511782477
1630212374000,0.3214808525320317
1630212404000,0.3150477641763625
1630212434000,0.3136174777846154
1630212464000,0.3143811379624015
1630212494000,0.3212248186617557
1630212524000,0.3124371428748451
1630212554000,0.3155435668914776
1630212584000,0.31186909432449106
1630212614000,0.3208987656862745
1630212644000,0.3161031323438466
1630212674000,0.3181950681983071
1630212704000,0.31922855177349097
1630212734000,0.3225349687461396
1630212764000,0.25368395009085404
1630212794000,0.3119746884756098
1630212824000,0.3161501998158379
1630212854000,0.3125064557843731
1630212884000,0.3174489932849365
1630212914000,0.3149526143031041
1630212944000,0.3251447507444169
1630212974000,0.3123769646439629
1630213004000,0.31750011173218673
1630213034000,0.31150127591687043
1630213064000,0.3140588142857143
1630213094000,0.31275657253349576
1630213124000,0.3093649759532595
1630213154000,0.3124857790640394
1630213184000,0.3165590641982864
1630213214000,0.3115097904143476
1630213244000,0.313061332252142
1630213274000,0.3129428601679664
1630213304000,0.3193057640897756
1630213334000,0.3151729465888138
1630213364000,0.3186883118696187
1630213394000,0.31520485843113033
1630213424000,0.3187767575135788
1630213454000,0.31444371187159303
1630213484000,0.31270844815039417
1630213514000,0.3129375343636364
1630213544000,0.3145384808368708
1630213574000,0.31190812214640196
1630213604000,0.3204289124304267
1630213634000,0.3180769006199628
1630213664000,0.3188025904407201
1630213694000,0.310519750486618
1630213724000,0.3125789093463653
1630213754000,0.3125635014696877
1630213784000,0.316091153370098
1630213814000,0.3095093592073171
1630213844000,0.313237067364532
1630213874000,0.3148676334987593
1630213904000,0.3173562294762485
1630213934000,0.31283463105590065
1630213964000,0.3142966168092909
1630213994000,0.3145885246609125
1630214024000,0.3108291102065613
1630214054000,0.3146057091805299
1630214084000,0.3125469668719212
1630214114000,0.3139062634969325
1630214144000,0.3179032769610871
1630214174000,0.3125436684990735
1630214204000,0.31190843543838137
1630214234000,0.31549896239999997
1630214264000,0.3162889908979841
1630214294000,0.32102760959752324
1630214324000,0.3157916660260384
1630214354000,0.3167948851168512
1630214384000,0.3158737237684729
1630214414000,0.3190948069710056
1630214444000,0.31874547842900297
1630214474000,0.31599159633633633
1630214504000,0.3177487201706277
1630214534000,0.31766800392397304
1630214564000,0.31263441540342296
1630214594000,0.31366430054315025
1630214624000,0.3142429787637699
1630214654000,0.3180559668689321
1630214684000,0.3180531446286065
1630214714000,0.3136161671199011
1630214744000,0.3137642173136168
1630214774000,0.31716085776128633
1630214804000,0.3157904293867638
1630214834000,0.31254073655130543
1630214864000,0.3170426144704433
1630214894000,0.3191663944038929
1630214924000,0.3133317321583179
1630214954000,0.3176618090084643
1630214984000,0.31176588770442154
1630215014000,0.3203787611698818
1630215044000,0.3155098525475752
1630215074000,0.3122172963958461
1630215104000,0.3132655554347826
1630215134000,0.3164502180923077
1630215164000,0.3116901053020962
1630215194000,0.3160055043292683
1630215224000,0.3148510663414634
1630215254000,0.31195272425350395
1630215284000,0.3179524107664233
1630215314000,0.3138380167384615
1630215344000,0.3169505228746177
1630215374000,0.31313996374305125
1630215404000,0.3125842959220937
1630215434000,0.315391909085252
1630215464000,0.3125143231892879
1630215494000,0.31856892794840297
1630215524000,0.312261778978979
1630215554000,0.3235712626847291
1630215584000,0.31727728092939045
1630215614000,0.32221572183698305
1630215644000,0.3196632841651263
1630215674000,0.32060697369069624
1630215704000,0.3118104975713418
1630215734000,0.3148780749233599
1630215764000,0.3162544363912515
1630215794000,0.32114145245494097
1630215824000,0.3178970310532688
1630215854000,0.31550176532007457
1630215884000,0.3137255786236297
1630215914000,0.31809220085261874
1630215944000,0.31897341932877565
1630215974000,0.3119742488456865
1630216004000,0.3100505672435105
1630216034000,0.3160718469226081
1630216064000,0.3152078304848485
1630216094000,0.31425577970570195
1630216124000,0.31148032580060425
1630216154000,0.3114012473006135
1630216184000,0.3131781754784689
1630216214000,0.3112629293830177
1630216244000,0.3161337990105133
1630216274000,0.3112077186887255
1630216304000,0.3186214069908815
1630216334000,0.3174677243676743
1630216364000,0.31371078495086
1630216394000,0.3166984350091968
1630216424000,0.3151286730178242
1630216454000,0.3169622418691589
1630216484000,0.3152085893341553
1630216514000,0.3219681127185051
1630216544000,0.31135844257425743
1630216574000,0.3157459081345565
1630216604000,0.3118232424682396
1630216634000,0.31467338663766314
1630216664000,0.3155433780012188
1630216694000,0.31447166765615336
1630216724000,0.3158991231425091
1630216754000,0.3126723241187384
1630216784000,0.3177063243259804
1630216814000,0.313513184601227
1630216844000,0.3126063226403455
1630216874000,0.31389797950572634
1630216904000,0.3146599223034735
1630216934000,0.3165513959096459
1630216964000,0.31058936435582823
1630216994000,0.3143513673382173
1630217024000,0.3167867523284314
1630217054000,0.31116035548743104
1630217084000,0.31843160184501845
1630217114000,0.3167681484996938
1630217144000,0.3155796568434032
1630217174000,0.3174205406134969
1630217204000,0.3187634288029925
1630217234000,0.3204373809465273
1630217264000,0.3166000421836228
1630217294000,0.3145212910078455
1630217324000,0.3160533074876238
1630217354000,0.3179578536705737
1630217384000,0.32133953531230675
1630217414000,0.3149283911945813
1630217444000,0.3124983491722869
1630217474000,0.3144904009345794
1630217504000,0.3198544601466993
1630217534000,0.3170904477593616
1630217564000,0.31340907942082563
1630217594000,0.31828510208078337
1630217624000,0.31832532454324
1630217654000,0.320658902003643
1630217684000,0.31792935508945097
1630217714000,0.3138862675
1630217744000,0.3146562118292683
1630217774000,0.3124778263897373
1630217804000,0.31321649323493234
1630217834000,0.31163780136645963
1630217864000,0.3156845880541872
1630217894000,0.31699862054624456
1630217924000,0.31746503414481897
1630217954000,0.31753781243144424
1630217984000,0.3140049412057178
1630218014000,0.3127744574923547
1630218044000,0.3212631818787879
1630218074000,0.31201055232419544
1630218104000,0.3135409789539228
1630218134000,0.3171463548426897
1630218164000,0.3160441972493888
1630218194000,0.3130533907451923
1630218224000,0.31155983763702805
1630218254000,0.3148679096480583
1630218284000,0.3112507806253832
1630218314000,0.31655088765432104
1630218344000,0.31851311963302753
1630218374000,0.3182216748315983
1630218404000,0.3142510747542997
1630218434000,0.3165167021039604
1630218464000,0.317942242540074
1630218494000,0.3162480856269113
1630218524000,0.3195695076642336
1630218554000,0.31696310689869484
1630218584000,0.31703558848920865
1630218614000,0.3163162623780488
1630218644000,0.3162585317819963
1630218674000,0.3121265030487805
1630218704000,0.3120365549295775
1630218734000,0.3185754416512631
1630218764000,0.31605142333333336
1630218794000,0.3179349219261054
1630218824000,0.3124948543225015
1630218854000,0.3120078106626506
1630218884000,0.31175722061919503
1630218914000,0.3132236495073892
1630218944000,0.3124671500604595
1630218974000,0.31297484174816625
1630219004000,0.31744571880024736
1630219034000,0.31284050426939264
1630219064000,0.31216229445797805
1630219094000,0.31581962512048195
1630219124000,0.3128172637308869
1630219154000,0.3185490413834952
1630219184000,0.311524326405868
1630219214000,0.3119271374390244
1630219244000,0.3151964224159402
1630219274000,0.31518810523076923
1630219304000,0.3117479380255941
1630219334000,0.3173451224390244
1630219364000,0.3125074557099698
1630219394000,0.31509842029250457
1630219424000,0.31130394239462433
1630219454000,0.3168237630071599
1630219484000,0.3182834418860992
1630219514000,0.3196404534097767
1630219544000,0.3129440573648229
1630219574000,0.31032257843980343
1630219604000,0.3141027268693009
1630219634000,0.31472902125603863
1630219664000,0.3181369236330498
1630219694000,0.3155632147831399
1630219724000,0.31663326750769233
1630219754000,0.31651860227552275
1630219784000,0.3141625324786325
1630219814000,0.3144344927374302
1630219844000,0.31475200241187384
1630219874000,0.3167454667867868
1630219904000,0.3159514780981595
1630219934000,0.3128173680218447
1630219964000,0.31276832101096225
1630219994000,0.31239111542168674
1630220024000,0.3128267732965009
1630220054000,0.3136211883171913
1630220084000,0.3217761011200996
1630220114000,0.3102210707507507
1630220144000,0.3148106941499086
1630220174000,0.31909262606863337
1630220204000,0.3114854545344619
1630220234000,0.312293897985348
1630220264000,0.31532447916414297
1630220294000,0.3110603829194428
1630220324000,0.32010244223871365
1630220354000,0.3133768760391198
1630220384000,0.3226386266873065
1630220414000,0.31712472147692305
1630220444000,0.31772396193707586
1630220474000,0.3115680055452865
1630220504000,0.319337764640884
1630220534000,0.31158826059683314
1630220564000,0.3170430195151515
1630220594000,0.3163714944444445
1630220624000,0.3111505206153846
1630220654000,0.31805707608034084
1630220684000,0.3134114467358145
1630220714000,0.3190566526674938
1630220744000,0.31607358503985283
1630220774000,0.3182700097966728
1630220804000,0.3193831648331273
1630220834000,0.31629935312883434
1630220864000,0.3152223233925291
1630220894000,0.31213045345252777
1630220924000,0.3183134062613982
1630220954000,0.31509684824879225
1630220984000,0.3151426067242443
1630221014000,0.3208939172558418
1630221044000,0.3106340539938081
1630221074000,0.3128921849535604
1630221104000,0.3141836286585366
1630221134000,0.31558154883004924
1630221164000,0.3121777419939577
1630221194000,0.3138354932432432
1630221224000,0.3121638833434651
1630221254000,0.31300287696594425
1630221284000,0.3128089495085995
1630221314000,0.3182348027010436
1630221344000,0.31240185054151626
1630221374000,0.32012297552019586
1630221404000,0.3154287201727329
1630221434000,0.30952645147239266
1630221464000,0.3167367102959309
1630221494000,0.31668176806670784
1630221524000,0.3191893616605617
1630221554000,0.32111953082149475
1630221584000,0.3165875723572297
1630221614000,0.31226218447319776
1630221644000,0.3175660332930514
1630221674000,0.3161534055658627
1630221704000,0.3155394487865588
1630221734000,0.3164883708359133
1630221764000,0.3174775420706164
1630221794000,0.31666232441285536
1630221824000,0.310869694188862
1630221854000,0.3115648987922705
1630221884000,0.3170780738733252
1630221914000,0.3162521123915737
1630221944000,0.3128798535168196
1630221974000,0.3149882062195122
1630222004000,0.32113646255345146
1630222034000,0.3199212091861899
1630222064000,0.311601048705599
1630222094000,0.3124543138337469
1630222124000,0.31589077893783946
1630222154000,0.3175992696622437
1630222184000,0.3187537265330905
1630222214000,0.3164763639634146
1630222244000,0.3187445118232732
1630222274000,0.3183452611383109
1630222304000,0.31864157370049506
1630222334000,0.31318462451219514
1630222364000,0.2560476132343847
1630222394000,0.3126472587438424
1630222424000,0.3109588009208103
1630222454000,0.3176903071044776
1630222484000,0.3112862735618115
1630222514000,0.3120201136419753
1630222544000,0.30944620837887066
1630222574000,0.314014667607362
1630222604000,0.318414973766396
1630222634000,0.3121713343065693
1630222664000,0.31103746385836384
1630222694000,0.3127354466992665
1630222724000,0.3112298048825711
1630222754000,0.32062907030487797
1630222784000,0.3118691671970624
1630222814000,0.3182482092682927
1630222844000,0.3133689157480315
1630222874000,0.31291565518697223
1630222904000,0.31178509103658536
1630222934000,0.3176150275379939
1630222964000,0.31245820684848485
1630222994000,0.3142163664641555
1630223024000,0.3180433806353085
1630223054000,0.3132359025500911
1630223084000,0.31643965724861195
1630223114000,0.31497847376449056
1630223144000,0.3139035907934585
1630223174000,0.31569912151057394
1630223204000,0.3141485458509994
1630223234000,0.3131585225258045
1630223264000,0.32024580603290675
1630223294000,0.3153691339817629
1630223324000,0.31895585351941746
1630223354000,0.31370771499380423
1630223384000,0.3131411036969697
1630223414000,0.3130394427255985
1630223444000,0.3177819545679013
1630223474000,0.3095808082116788
1630223504000,0.3163017080733945
1630223534000,0.3131911552033493
1630223564000,0.3125694065724816
1630223594000,0.3160018782846715
1630223624000,0.31052813068391866
1630223654000,0.31186061886099203
1630223684000,0.3115493407519709
1630223714000,0.3130091228766274
1630223744000,0.31508151502715753
1630223774000,0.31753305142503097
1630223804000,0.3121850508137432
1630223834000,0.3111501346863469
1630223864000,0.3182581457616708
1630223894000,0.31607721371708514
1630223924000,0.31246430391198043
1630223954000,0.3126583382888349
1630223984000,0.2490541648399015
1630224014000,0.2544883195516812
1630224044000,0.2500865419828641
1630224074000,0.2499060941140405
1630224104000,0.31250365548743103
1630224134000,0.3154889528742515
1630224164000,0.31193551219512194
1630224194000,0.31591443100541844
1630224224000,0.3126698768950879
1630224254000,0.3197669660725261
1630224284000,0.31648284185478953
1630224314000,0.31896524530962606
1630224344000,0.3109125825230769
1630224374000,0.315311771402214
1630224404000,0.31663502615571776
1630224434000,0.3205114522727273
1630224464000,0.3162876436453813
1630224494000,0.3176825498154981
1630224524000,0.3118308430521092
1630224554000,0.3108272408433735
1630224584000,0.3135062128694581
1630224614000,0.31262020079705705
1630224644000,0.3140415881097561
1630224674000,0.31778713357575755
1630224704000,0.3120022369268897
1630224734000,0.31425722443355786
1630224764000,0.3188516170343137
1630224794000,0.3132289227217497
1630224824000,0.312416001372315
1630224854000,0.3171858338817794
1630224884000,0.31354744873378626
1630224914000,0.3162901219512195
1630224944000,0.31738293323152106
1630224974000,0.3138174120813397
1630225004000,0.3143890809029896
1630225034000,0.3127967630195599
1630225064000,0.3145880082374319
1630225094000,0.3172763728720147
1630225124000,0.31163493409653464
1630225154000,0.31277594716756113
1630225184000,0.3131338458181818
1630225214000,0.3143340039855073
1630225244000,0.3183060073229292
1630225274000,0.31098273294621026
1630225304000,0.3122472994485294
1630225334000,0.3214161956843403
1630225364000,0.3217796985046729
1630225394000,0.3144357183313033
1630225424000,0.31369091996336995
1630225454000,0.3138002172056132
1630225484000,0.3123154870494808
1630225514000,0.311770285705633
1630225544000,0.3214400995148575
1630225574000,0.30837802415048543
1630225604000,0.3175162370616687
1630225634000,0.3142771597538462
1630225664000,0.3181169397507788
1630225694000,0.3109695085054678
1630225724000,0.3122348598264104
1630225754000,0.3159278004884005
1630225784000,0.32066986911764706
1630225814000,0.3156286107076923
1630225844000,0.3150610452012384
1630225874000,0.3152263126786824
1630225904000,0.31262139714463066
1630225934000,0.3151567595835885
1630225964000,0.3160455228960396
1630225994000,0.31106404105392155
1630226024000,0.3160539757425743
1630226054000,0.3196439479804162
1630226084000,0.3145684697854589
1630226114000,0.31436585502392345
1630226144000,0.3107122158348737
1630226174000,0.315574728874092
1630226204000,0.3187831020332717
1630226234000,0.3173230818126148
1630226264000,0.3136914761166253
1630226294000,0.3126036848062954
1630226324000,0.3173356307033639
1630226354000,0.3132313671732523
1630226384000,0.3129965318264015
1630226414000,0.3147777908150852
1630226444000,0.3132633967781155
1630226474000,0.3136241609230769
1630226504000,0.31773348036585364
1630226534000,0.3127012385085575
1630226564000,0.3073562138583639
1630226594000,0.31307205683229816
1630226624000,0.31230760227692306
1630226654000,0.3142215824754902
1630226684000,0.3163585140123457
1630226714000,0.31262521570298235
1630226744000,0.3118384280510018
1630226774000,0.317218247705314
1630226804000,0.3116054570818071
1630226834000,0.31416166897590364
1630226864000,0.3199996459627329
1630226894000,0.3111099042461539
1630226924000,0.3176505276155718
1630226954000,0.31100757702050663
1630226984000,0.3115371031668697
1630227014000,0.3131896118081181
1630227044000,0.32205452067919954
1630227074000,0.31398223444917833
1630227104000,0.3201860798041616
1630227134000,0.31288580687116563
1630227164000,0.31533509642857144
1630227194000,0.3130451515076923
1630227224000,0.3080658457616708
1630227254000,0.3135109177222899
1630227284000,0.3189368248192771
1630227314000,0.3195652658235657
1630227344000,0.3148486536778116
1630227374000,0.31337004737167595
1630227404000,0.31144173274711945
1630227434000,0.31576286677018633
1630227464000,0.3159550839582053
1630227494000,0.3126300189570552
1630227524000,0.3173231221744472
1630227554000,0.31656995137278826
1630227584000,0.32142101628624303
1630227614000,0.3117759593536358
1630227644000,0.311833248106766
1630227674000,0.3131057017135863
1630227704000,0.31763753325153377
1630227734000,0.31374588416666666
1630227764000,0.3164251593292683
1630227794000,0.31805244827167983
1630227824000,0.3126772914425428
1630227854000,0.31463425340768275
1630227884000,0.3142597526380368
1630227914000,0.3164090117936118
1630227944000,0.3115659541641337
1630227974000,0.31656358275015345
1630228004000,0.32244541044126784
1630228034000,0.3171749744498777
1630228064000,0.3161655595031056
1630228094000,0.31581648520097444
1630228124000,0.3132927333333333
1630228154000,0.31269543771393643
1630228184000,0.3186519817290006
1630228214000,0.3172164455104551
1630228244000,0.31958801732919256
1630228274000,0.3156394302013423
1630228304000,0.3167834104347826
1630228334000,0.3166845649503722
1630228364000,0.31360200030788177
1630228394000,0.3162506866625692
1630228424000,0.31912708889574337
1630228454000,0.3142502201946472
1630228484000,0.31467695193370165
1630228514000,0.3142688732298137
1630228544000,0.316283009057971
1630228574000,0.319709134409257
1630228604000,0.31405994779141105
1630228634000,0.314284375045427
1630228664000,0.3130782597687158
1630228694000,0.31746793022547226
1630228724000,0.3149790678571429
1630228754000,0.3197798561435523
1630228784000,0.31229032699197035
1630228814000,0.3151063074892572
1630228844000,0.3123331039081886
1630228874000,0.3127995589057751
1630228904000,0.3163278789505796
1630228934000,0.31404331816513764
1630228964000,0.3167660394736842
1630228994000,0.3133326691283293
1630229024000,0.3118963247428917
1630229054000,0.3187523027963526
1630229084000,0.3119967948967193
1630229114000,0.3150822237980769
1630229144000,0.3165344634116193
1630229174000,0.3178854211585366
1630229204000,0.3203750847946045
1630229234000,0.3143865876979294
1630229264000,0.3176969635862913
1630229294000,0.31831264549356225
1630229324000,0.32377969135429263
1630229354000,0.3132884332716049
1630229384000,0.3112781092345079
1630229414000,0.31558491947115386
1630229444000,0.3117156733662145
1630229474000,0.3119318798181818
1630229504000,0.31564367510548524
1630229534000,0.31672211302495434
1630229564000,0.3156497022769231
1630229594000,0.31045627861482383
1630229624000,0.3159328160074166
1630229654000,0.31373220649112066
1630229684000,0.31229570214460783
1630229714000,0.3206632639951427
1630229744000,0.3173192606597434
1630229774000,0.3168775394031669
1630229804000,0.3148930846106304
1630229834000,0.3165780014136447
1630229864000,0.3151972242085661
1630229894000,0.31653526084558825
1630229924000,0.3180073331704337
1630229954000,0.32101377432675043
1630229984000,0.3164235471333736
1630230014000,0.3205623862132353
1630230044000,0.3176081360556564
1630230074000,0.3180136926060606
1630230104000,0.31524648152634765
1630230134000,0.31204389448150394
1630230164000,0.3112111775410834
1630230194000,0.31749898990147785
1630230224000,0.3182863334960342
1630230254000,0.3123221245145631
1630230284000,0.3195213558968059
1630230314000,0.3196782234184915
1630230344000,0.3213612260606061
1630230374000,0.3209384344262295
1630230404000,0.3166480227216749
1630230434000,0.3116508290127196
1630230464000,0.3172661221266134
1630230494000,0.31567718429701763
1630230524000,0.31952058310727505
1630230554000,0.3191098375834851
1630230584000,0.3167096583847102
1630230614000,0.3132617958533654
1630230644000,0.3163118174019608
1630230674000,0.31407574443769
1630230704000,0.31534537345794394
1630230734000,0.3174720684822521
1630230764000,0.3135496189403167
1630230794000,0.3221719273759713
1630230824000,0.31741619860774817
1630230854000,0.3174202172755418
1630230884000,0.31718415510948905
1630230914000,0.3132392401446655
1630230944000,0.31733477103030305
1630230974000,0.3155721212752912
1630231004000,0.32090515234613043
1630231034000,0.3161611374771481
1630231064000,0.3134852046068796
1630231094000,0.3180756443286327
1630231124000,0.3150412951923077
1630231154000,0.31971114239462434
1630231184000,0.31866882326431184
1630231214000,0.3118103983606557
1630231244000,0.3204994842615012
1630231274000,0.31312371845867
1630231304000,0.31287892307692305
1630231334000,0.3123920960462287
1630231364000,0.32129016206690564
1630231394000,0.31361886610373946
1630231424000,0.3153428082208589
1630231454000,0.3190201454161641
1630231484000,0.3185568627535341
1630231514000,0.3231369745916515
1630231544000,0.3125281704628502
1630231574000,0.31301388815628817
1630231604000,0.3130260781212121
1630231634000,0.3185604199751089
1630231664000,0.3144161302679659
1630231694000,0.3094121104699584
1630231724000,0.31827927384044524
1630231754000,0.3157876971393035
1630231784000,0.3168371387492336
1630231814000,0.312301138997555
1630231844000,0.3219970722014925
1630231874000,0.31889842115959355
1630231904000,0.3109826837363966
1630231934000,0.3116069242718447
1630231964000,0.3174789943661972
1630231994000,0.3132442262737876
1630232024000,0.3185093206191951
1630232054000,0.3158169679754601
1630232084000,0.32013135390720393
1630232114000,0.3165332396456933
1630232144000,0.313841938490099
1630232174000,0.31218863412990194
1630232204000,0.3111836626699629
1630232234000,0.3200815025339926
1630232264000,0.3164787639563107
1630232294000,0.31284934117647056
1630232324000,0.3138748604823748
1630232354000,0.3133758249845009
1630232384000,0.3121134622442653
1630232414000,0.3106184622560976
1630232444000,0.3105827920924574
1630232474000,0.3168533556845965
1630232504000,0.3155902360675513
1630232534000,0.32150129124311083
1630232564000,0.3130656566153846
1630232594000,0.3161467875076546
1630232624000,0.3126718626440267
1630232654000,0.3128635248632219
1630232684000,0.3112842512522908
1630232714000,0.3120595770973668
1630232744000,0.31697630006157634
1630232774000,0.3135852834449178
1630232804000,0.3158545515757576
1630232834000,0.3119673238414634
1630232864000,0.31351752466091243
1630232894000,0.31376840446859905
1630232924000,0.31452339664019546
1630232954000,0.31170971656590085
1630232984000,0.3117986683180428
1630233014000,0.31964861647058823
1630233044000,0.317822765797453
1630233074000,0.31693054729153985
1630233104000,0.3166061173992674
1630233134000,0.3174205487024743
1630233164000,0.31157640931790503
1630233194000,0.31340817842039803
1630233224000,0.3123239034399517
1630233254000,0.3162878481322719
1630233284000,0.3193591463625154
1630233314000,0.3186590743318832
1630233344000,0.3140442849264706
1630233374000,0.3123248748290864
1630233404000,0.3128787073155985
1630233434000,0.3120773937538273
1630233464000,0.32047188753799394
1630233494000,0.3174844176146789
1630233524000,0.3169395802083333
1630233554000,0.3221598442365721
1630233584000,0.3208192716646267
1630233614000,0.3171650148034398
1630233644000,0.3139256762345679
1630233674000,0.3165254105775076
1630233704000,0.3115771160268129
1630233734000,0.3149855959234095
1630233764000,0.31274741276332096
1630233794000,0.3126894533007335
1630233824000,0.31516552340036563
1630233854000,0.3126865490414348
1630233884000,0.3167035933939394
1630233914000,0.31433241865763545
1630233944000,0.3152473701401585
1630233974000,0.31713747194679565
1630234004000,0.3120893305889423
1630234034000,0.3182803455445545
1630234064000,0.3131622029464823
1630234094000,0.3157200934573829
1630234124000,0.3224040846537742
1630234154000,0.3228014045482866
1630234184000,0.3129787880762139
1630234214000,0.3130191279184682
1630234244000,0.31172724926017265
1630234274000,0.3109943996323529
1630234304000,0.3121082736419753
1630234334000,0.3209654081374322
1630234364000,0.31624272770935963
1630234394000,0.3148207755514706
1630234424000,0.3089857726993865
1630234454000,0.3147733418114144
1630234484000,0.3137260491142333
1630234514000,0.3093513513101767
1630234544000,0.3138768007281553
1630234574000,0.3123102432014833
1630234604000,0.31303916730650155
1630234634000,0.3197825174447174
1630234664000,0.3112029549270073
1630234694000,0.3143227033293698
1630234724000,0.3127914020496894
1630234754000,0.3187525608642727
1630234784000,0.3188296522031824
1630234814000,0.31300088667076165
1630234844000,0.32420259476885643
1630234874000,0.31261020748466256
1630234904000,0.31636461588380715
1630234934000,0.32459062786783044
1630234964000,0.3131135581381011
1630234994000,0.3173436464780253
1630235024000,0.31242889876923075
1630235054000,0.3117609215613383
1630235084000,0.31986313860720833
1630235114000,0.324284607212714
1630235144000,0.3161412274390244
1630235174000,0.3182895340785499
1630235204000,0.3126452834260977
1630235234000,0.31306811531477
1630235264000,0.3126360219211823
1630235294000,0.3167988561050061
1630235324000,0.32182514789156624
1630235354000,0.3157908488671157
1630235384000,0.3138496169449598
1630235414000,0.3155206721030043
1630235444000,0.3173650798521257
1630235474000,0.3143756344744745
1630235504000,0.31908716449275365
1630235534000,0.31294670090525045
1630235564000,0.3147683269183922
1630235594000,0.32121651729696216
1630235624000,0.3139881651477833
1630235654000,0.3132271753207086
1630235684000,0.31726051966604824
1630235714000,0.3159003826325411
1630235744000,0.31222099094224925
1630235774000,0.3145933125606796
1630235804000,0.3166133329223181
1630235834000,0.3160619215366001
1630235864000,0.3136932827918171
1630235894000,0.31804592015596883
1630235924000,0.31897338759926697
1630235954000,0.3121359768569675
1630235984000,0.31211308
1630236014000,0.318698162454435
1630236044000,0.3157854156097561
1630236074000,0.3211263714888487
1630236104000,0.3109749184729064
1630236134000,0.3151123405388855
1630236164000,0.31335088663819405
1630236194000,0.3128596634355828
1630236224000,0.3113565800492611
1630236254000,0.3154845387995049
1630236284000,0.3156290480122324
1630236314000,0.3166023709638554
1630236344000,0.3126883391223733
1630236374000,0.31771094108574954
1630236404000,0.31765993986568986
1630236434000,0.32072190309653914
1630236464000,0.3158823343634116
1630236494000,0.3162204487658037
1630236524000,0.31696332865064697
1630236554000,0.31715776988249844
1630236584000,0.310739834941967
1630236614000,0.3230537226219512
1630236644000,0.3160923079171742
1630236674000,0.3107778346341463
1630236704000,0.3175646138601824
1630236734000,0.30734210195962003
1630236764000,0.31800404594427245
1630236794000,0.3159491171182266
1630236824000,0.314055025524266
1630236854000,0.3168371829670329
1630236884000,0.3119500957652753
1630236914000,0.3124507438381361
1630236944000,0.3124253348252606
1630236974000,0.31552431561743344
1630237004000,0.3165099033414337
1630237034000,0.3162540052404439
1630237064000,0.3118179882678133
1630237094000,0.3197964163591636
1630237124000,0.3126045303214069
1630237154000,0.3125716437461491
1630237184000,0.3115488570904645
1630237214000,0.31453442923547403
1630237244000,0.3159560710462287
1630237274000,0.31341527183872936
1630237304000,0.3131047152450091
1630237334000,0.3151627197808886
1630237364000,0.3160089876794258
1630237394000,0.3107214584511371
1630237424000,0.3191060668474985
1630237454000,0.3145844598130841
1630237484000,0.319611675729927
1630237514000,0.3111116342927128
1630237544000,0.3170156378759976
1630237574000,0.3134492216431637
1630237604000,0.3230344205613179
1630237634000,0.31219204978381715
1630237664000,0.31329283464132435
1630237694000,0.31081127214805826
1630237724000,0.3163164795795796
1630237754000,0.3129293761384335
1630237784000,0.3149106576146789
1630237814000,0.31442849730722155
1630237844000,0.3153523190214067
1630237874000,0.3118333660822249
1630237904000,0.3143681989004276
1630237934000,0.31590982508982035
1630237964000,0.3116820981504316
1630237994000,0.3148828098668281
1630238024000,0.31789844164619163
1630238054000,0.3155468253649635
1630238084000,0.3129371600494744
1630238114000,0.31622331343191623
1630238144000,0.31445153091133005
1630238174000,0.31252516660561663
1630238204000,0.3208395407339449
1630238234000,0.3216363995130858
1630238264000,0.3177307982109809
1630238294000,0.3160663889710413
1630238324000,0.3151268845493562
1630238354000,0.31417908068043743
1630238384000,0.3192988493857494
1630238414000,0.3130258539987601
1630238444000,0.3170300848318043
1630238474000,0.3171802641370869
1630238504000,0.3207391907076923
1630238534000,0.3189224335975609
1630238564000,0.3161695020668693
1630238594000,0.31652516701282835
1630238624000,0.32179980827205884
1630238654000,0.3180394749550629
1630238684000,0.3176103561255281
1630238714000,0.3164589426821801
1630238744000,0.3178657717472119
1630238774000,0.3166133130945028
1630238804000,0.3162619891491985
1630238834000,0.3146410203658537
1630238864000,0.31568784975786923
1630238894000,0.3159391303178484
1630238924000,0.3133104292336217
1630238954000,0.3181342049120679
1630238984000,0.3138753112864078
1630239014000,0.3135843920364741
1630239044000,0.3144632211352657
1630239074000,0.3158236223095526
1630239104000,0.3095015988997555
1630239134000,0.32132039361445786
1630239164000,0.3202197327858881
1630239194000,0.3226357123931624
1630239224000,0.3147004564605021
1630239254000,0.3152757384756097
1630239284000,0.3159681647636587
1630239314000,0.3118988432317073
1630239344000,0.3121435687693259
1630239374000,0.3172338362522964
1630239404000,0.31940873872340425
1630239434000,0.31370748561020034
1630239464000,0.3129363971023428
1630239494000,0.3174865726997579
1630239524000,0.3141475056915545
1630239554000,0.320479389118541
1630239584000,0.3130279632653061
1630239614000,0.31825834395807645
1630239644000,0.31185745213414634
1630239674000,0.3114764312883436
1630239704000,0.3099987007980356
1630239734000,0.3197264241691843
1630239764000,0.31265793882138515
1630239794000,0.3126798541966427
1630239824000,0.3169623318429003
1630239854000,0.31258684120198266
1630239884000,0.3147728923839009
1630239914000,0.3232327772113022
1630239944000,0.3114844876662636
1630239974000,0.3132100228027044
1630240004000,0.3143348249543518
1630240034000,0.3130492341191067
1630240064000,0.3178916763335377
1630240094000,0.3130711152480098
1630240124000,0.31502358672019765
1630240154000,0.31674744470158345
1630240184000,0.3166639131868132
1630240214000,0.3153527606227106
1630240244000,0.3140062265976872
1630240274000,0.3137943105586249
1630240304000,0.32304186996337
1630240334000,0.3170244434178744
1630240364000,0.3138052134183364
1630240394000,0.3176245864312268
1630240424000,0.31612277770228536
1630240454000,0.3136292557177616
1630240484000,0.3186229986690865
1630240514000,0.3102863562008469
1630240544000,0.3126821567265964
1630240574000,0.3169712459940653
1630240604000,0.3163750274652148
1630240634000,0.3192036321626617
1630240664000,0.3142446657401813
1630240694000,0.3114057188957055
1630240724000,0.3118050509376891
1630240754000,0.31354479670807456
1630240784000,0.3163449519559902
1630240814000,0.3151642073185732
1630240844000,0.3127429378247734
1630240874000,0.3127282717004297
1630240904000,0.3115456230434783
1630240934000,0.32063167388379205
1630240964000,0.3159963294545455
1630240994000,0.3129561531325301
1630241024000,0.3143933830395137
1630241054000,0.3220001723716381
1630241084000,0.319995959102091
1630241114000,0.3166555846803378
1630241144000,0.3121948770602706
1630241174000,0.3129542501246883
1630241204000,0.3198745396854205
1630241234000,0.3134899205545509
1630241264000,0.317129422969697
1630241294000,0.31572251924482336
1630241324000,0.3205395700613497
1630241354000,0.3219970165259349
1630241384000,0.3202513193957704
1630241414000,0.3155781521424261
1630241444000,0.31504491333739343
1630241474000,0.3141078553773025
1630241504000,0.31179273714637146
1630241534000,0.31253286383108936
1630241564000,0.3211309790886392
1630241594000,0.3165187965868264
1630241624000,0.3172965420698102
1630241654000,0.31471324774665044
1630241684000,0.31401144206300186
1630241714000,0.3174280769277846
1630241744000,0.3181152907635468
1630241774000,0.315843917243473
1630241804000,0.31670673858560794
1630241834000,0.3197396609489051
1630241864000,0.31435600398284314
1630241894000,0.3181334697546012
1630241924000,0.31825615436654364
1630241954000,0.3169752339611179
1630241984000,0.316473212399256
1630242014000,0.3168415475511469
1630242044000,0.3152225245700246
1630242074000,0.3160433931860037
1630242104000,0.3162312893077874
1630242134000,0.3121068432238806
1630242164000,0.3194358089425982
1630242194000,0.30957907235722965
1630242224000,0.3141073072392638
1630242254000,0.3153652021315469
1630242284000,0.31108951587878786
1630242314000,0.3112625230910201
1630242344000,0.31662943629675044
1630242374000,0.31765360239999996
1630242404000,0.3121245730933496
1630242434000,0.3120533310685608
1630242464000,0.3122391840993789
1630242494000,0.3151105629945222
1630242524000,0.3115447208103131
1630242554000,0.3159478531575721
1630242584000,0.3199094851310177
1630242614000,0.3115731449754902
1630242644000,0.31154748391013964
1630242674000,0.3111652580625383
1630242704000,0.3118694626856436
1630242734000,0.3217673814052089
1630242764000,0.313723031184776
1630242794000,0.3155262155161881
1630242824000,0.3163983808913309
1630242854000,0.316045981134402
1630242884000,0.3204217225076453
1630242914000,0.3135155006798517
1630242944000,0.3137802837871287
1630242974000,0.3141880839704069
1630243004000,0.3172916799755052
1630243034000,0.31135298515337423
1630243064000,0.3149619591133005
1630243094000,0.3178359015432099
1630243124000,0.3212166162492364
1630243154000,0.3159563161524501
1630243184000,0.3186467200743495
1630243214000,0.31235687121119904
1630243244000,0.3142232905882353
1630243274000,0.3154058776092233
1630243304000,0.3156679835192069
1630243334000,0.3168181663551402
1630243364000,0.3135657031326781
1630243394000,0.3168095138470801
1630243424000,0.3146696179816514
1630243454000,0.31224735507159906
1630243484000,0.31655101709558825
1630243514000,0.3148242363245237
1630243544000,0.3174764142063002
1630243574000,0.31076630018438844
1630243604000,0.31483054031572555
1630243634000,0.3117220708585248
1630243664000,0.312251249010198
1630243694000,0.31662117176684884
1630243724000,0.3207518957291031
1630243754000,0.31673298064316635
1630243784000,0.3188576965286236
1630243814000,0.31535044699386505
1630243844000,0.3179975639354438
1630243874000,0.3166314998769231
1630243904000,0.3208781286674817
1630243934000,0.3208185472727273
1630243964000,0.31184463317220545
1630243994000,0.3186725184258694
1630244024000,0.315001464781807
1630244054000,0.3143779855399634
1630244084000,0.3145233560313631
1630244114000,0.3162293188923077
1630244144000,0.32097328083538085
1630244174000,0.3151260170528817
1630244204000,0.3118363694460989
1630244234000,0.3191013598153846
1630244264000,0.31763514234567897
1630244294000,0.3167528454489545
1630244324000,0.3146929859327217
1630244354000,0.3105473481120585
1630244384000,0.3153669183760684
1630244414000,0.31340851314837154
1630244444000,0.31704981745049504
1630244474000,0.3141812619362598
1630244504000,0.3164650677831912
1630244534000,0.3121720785283474
1630244564000,0.3134101390634627
1630244594000,0.31994641576384664
1630244624000,0.31500725045592703
1630244654000,0.3149236614673243
1630244684000,0.3128294042357274
1630244714000,0.3128475728267477
1630244744000,0.3170412241442543
1630244774000,0.3106967327586207
1630244804000,0.3149354846153846
1630244834000,0.3136757135235732
1630244864000,0.3135415261453879
1630244894000,0.31558502185430465
1630244924000,0.31484428796296304
1630244954000,0.3137041159542444
1630244984000,0.31505210516717325
1630245014000,0.3172071030321407
1630245044000,0.3150431677399757
1630245074000,0.31385861109756097
1630245104000,0.3190638392359005
1630245134000,0.3155701434355828
1630245164000,0.3242717778992107
1630245194000,0.31342182995079954
1630245224000,0.3111171597819503
1630245254000,0.3125306844227245
1630245284000,0.3182358668746101
1630245314000,0.3131320424077435
1630245344000,0.31360394492574256
1630245374000,0.3211408
1630245404000,0.31495991720496896
1630245434000,0.3130951442874693
1630245464000,0.3129767915233415
1630245494000,0.3218370974065139
1630245524000,0.3168279230487805
1630245554000,0.31788614698275863
1630245584000,0.3135725925629994
1630245614000,0.3138283973308504
1630245644000,0.3142144485872236
1630245674000,0.3157792572039072
1630245704000,0.3156734158952497
1630245734000,0.3126007985819975
1630245764000,0.31099557191489363
1630245794000,0.3145487032628399
1630245824000,0.3128534099009901
1630245854000,0.31308160018115944
1630245884000,0.3145758448424953
1630245914000,0.3113225585748792
1630245944000,0.3117761618461539
1630245974000,0.3133771364029666
1630246004000,0.3176309241610738
1630246034000,0.3157300638077859
1630246064000,0.3161459624305984
1630246094000,0.316514552
1630246124000,0.3138256965475469
1630246154000,0.3177708545735476
1630246184000,0.3212173020833333
1630246214000,0.31546231815421977
1630246244000,0.31842562430939225
1630246274000,0.31300760121876897
1630246304000,0.31194286362537765
1630246334000,0.3151899103532278
1630246364000,0.31870065579710144
1630246394000,0.3125437891304348
1630246424000,0.3139081003071253
1630246454000,0.3136499015911873
1630246484000,0.3151778195945946
1630246514000,0.3114859648385131
1630246544000,0.3184816391089109
1630246574000,0.3203868057610673
1630246604000,0.3150856445805266
1630246634000,0.31240935235148515
1630246664000,0.3162738020668693
1630246694000,0.3177588562003665
1630246724000,0.3143161933579336
1630246754000,0.3189834627978009
1630246784000,0.3136909379864113
1630246814000,0.31654538752304856
1630246844000,0.31385106816252273
1630246874000,0.3161744034956305
1630246904000,0.3162495851425106
1630246934000,0.3149781610190301
1630246964000,0.3169038379141104
1630246994000,0.31588437328476016
1630247024000,0.31242346598130843
1630247054000,0.3189174113916256
1630247084000,0.3142491502466091
1630247114000,0.3113576443823712
1630247144000,0.3212239829800121
1630247174000,0.3139546836996337
1630247204000,0.3130408406191951
1630247234000,0.31280470576687114
1630247264000,0.3123320586691087
1630247294000,0.3119291870403857
1630247324000,0.31693056444579043
1630247354000,0.31733325457317074
1630247384000,0.31476203528325125
1630247414000,0.3149273577833126
1630247444000,0.3068239135817308
1630247474000,0.318016660211049
1630247504000,0.31331132260869565
1630247534000,0.3129410361380145
1630247564000,0.30910348314199393
1630247594000,0.31811810826193393
1630247624000,0.3186681291944276
1630247654000,0.31080998763012857
1630247684000,0.31702717538179603
1630247714000,0.31278173842874546
1630247744000,0.3174299988350705
1630247774000,0.3206513392944039
1630247804000,0.3162535802297461
1630247834000,0.3195128152777777
1630247864000,0.31557818541666666
1630247894000,0.31215229778597786
1630247924000,0.316961822319202
1630247954000,0.31348811219362743
1630247984000,0.3160436025261861
1630248014000,0.31629448363970586
1630248044000,0.3198479728448276
1630248074000,0.3128248811111111
1630248104000,0.3146292284132841
1630248134000,0.3114806278956944
1630248164000,0.3181783961235615
1630248194000,0.3197191142595978
1630248224000,0.3157979395191122
1630248254000,0.31239257011425137
1630248284000,0.3172563949305975
1630248314000,0.3165154581927711
1630248344000,0.3179289441230769
1630248374000,0.31311576485178466
1630248404000,0.31170011096892136
1630248434000,0.3168982213267204
1630248464000,0.3122086309422493
1630248494000,0.3124858890700483
1630248524000,0.3139104455782313
1630248554000,0.30965269056372546
1630248584000,0.3174639015489467
1630248614000,0.32023146516168394
1630248644000,0.31814250705088903
1630248674000,0.3122015262415696
1630248704000,0.3173944146115906
1630248734000,0.3175175091358025
1630248764000,0.3109544430395137
1630248794000,0.31577148381010345
1630248824000,0.31294149673518745
1630248854000,0.32570893246987953
1630248884000,0.3140175443622921
1630248914000,0.319550303817734
1630248944000,0.3187678484996938
1630248974000,0.3146396685448916
1630249004000,0.31091330625759417
1630249034000,0.3185450953316953
1630249064000,0.3188722098819142
1630249094000,0.3131946259350092
1630249124000,0.3166891681345565
1630249154000,0.3139657143290832
1630249184000,0.31923729239802223
1630249214000,0.312870689235474
1630249244000,0.3169989505875077
1630249274000,0.3185185464044253
1630249304000,0.3126381754068716
1630249334000,0.3103907344954128
1630249364000,0.31166381814791794
1630249394000,0.30990535190332325
1630249424000,0.3174271430232558
1630249454000,0.3176261735185185
1630249484000,0.31361119710412816
1630249514000,0.3203870245742093
1630249544000,0.3186562802311436
1630249574000,0.3136371552890529
1630249604000,0.31635270177805025
1630249634000,0.3173180938763013
1630249664000,0.3214031367245658
1630249694000,0.3178212564605021
1630249724000,0.3153156395590937
1630249754000,0.31267039498186217
1630249784000,0.31667127490864805
1630249814000,0.3188178104449938
1630249844000,0.31331969566544565
1630249874000,0.3129474066945607
1630249904000,0.3111659147201947
1630249934000,0.3140857161967606
1630249964000,0.3217635307596513
1630249994000,0.31434472658536583
1630250024000,0.31762849927051673
1630250054000,0.31548069572490706
1630250084000,0.3206904918654434
1630250114000,0.3171686094894895
1630250144000,0.3159643316595224
1630250174000,0.3105495500308452
1630250204000,0.31637333335380835
1630250234000,0.3192868078276699
1630250264000,0.3118137135542169
1630250294000,0.3145264804697157
1630250324000,0.3124194140108238
1630250354000,0.3161304043030303
1630250384000,0.3123786488698839
1630250414000,0.3188417489570552
1630250444000,0.3121173515738499
1630250474000,0.31351238601823705
1630250504000,0.3139151204503956
1630250534000,0.3133952455367913
1630250564000,0.3127333581987577
1630250594000,0.3121177081147041
1630250624000,0.31864272308634417
1630250654000,0.3115963445058318
1630250684000,0.3164734460885385
1630250714000,0.31949899227985523
1630250744000,0.31200026734820324
1630250774000,0.3208412577628362
1630250804000,0.3104609078899083
1630250834000,0.3107666297769741
1630250864000,0.3118906354102406
1630250894000,0.311235502657602
1630250924000,0.3124061051076923
1630250954000,0.315625750091631
1630250984000,0.3154971647624775
1630251014000,0.3124881138057422
1630251044000,0.313311261066336
1630251074000,0.31724937490797545
1630251104000,0.31653317462052216
1630251134000,0.32260184895320193
1630251164000,0.31118046878862793
1630251194000,0.3192260882643607
1630251224000,0.3130724428214732
1630251254000,0.31981614246745194
1630251284000,0.3121501851644941
1630251314000,0.3150264538509317
1630251344000,0.3117183366384522
1630251374000,0.3133586441732764
1630251404000,0.3136615939151813
1630251434000,0.31264304711656443
1630251464000,0.3148624676363637
1630251494000,0.3151087422235723
1630251524000,0.3112699489104116
1630251554000,0.3114556199514857
1630251584000,0.3127664146296296
1630251614000,0.3167738290536468
1630251644000,0.3148914388161993
1630251674000,0.3137637437804878
1630251704000,0.3218780269607843
1630251734000,0.315328639854192
1630251764000,0.3102124665463297
1630251794000,0.3186850819350888
1630251824000,0.3128430161509901
1630251854000,0.3125991274363749
1630251884000,0.31483042142414863
1630251914000,0.3136391101930036
1630251944000,0.31264596140776696
1630251974000,0.31619769080949484
1630252004000,0.31179814631578945
1630252034000,0.3167076525741975
1630252064000,0.3127266365372767
1630252094000,0.3181697662153846
1630252124000,0.31630771456548346
1630252154000,0.31949398960000003
1630252184000,0.31518725533211456
1630252214000,0.3173446597402597
1630252244000,0.3113805434355828
1630252274000,0.31419797086374696
1630252304000,0.3172367182978724
1630252334000,0.3157205270121951
1630252364000,0.3160883107843137
1630252394000,0.3192588561743341
1630252424000,0.31370693327217125
1630252454000,0.3168864542961609
1630252484000,0.3111326993932039
1630252514000,0.31560094555487433
1630252544000,0.3160956116898849
1630252574000,0.3137179138668296
1630252604000,0.3176798761166253
1630252634000,0.3174902497261108
1630252664000,0.31531496537037035
1630252694000,0.311517730806846
1630252724000,0.31694643171912834
1630252754000,0.3186325074507389
1630252784000,0.31366001866913124
1630252814000,0.3211057099694189
1630252844000,0.3126733963746224
1630252874000,0.3153240766954377
1630252904000,0.3131185980993256
1630252934000,0.31587903828606656
1630252964000,0.3176434372452131
1630252994000,0.3155988382015691
1630253024000,0.312881056
1630253054000,0.3184628545785325
1630253084000,0.31614666765957444
1630253114000,0.31363602339901475
1630253144000,0.31238913015970515
1630253174000,0.3175614512062726
1630253204000,0.3142537408038977
1630253234000,0.31182163126506024
1630253264000,0.3117105020757021
1630253294000,0.3180908310067943
1630253324000,0.31670366131787675
1630253354000,0.31711492889851484
1630253384000,0.3160587328817734
1630253414000,0.3145434457090688
1630253444000,0.3185919106552358
1630253474000,0.3126475607297464
1630253504000,0.3135060305147059
1630253534000,0.312246646875
1630253564000,0.3185989411693057
1630253594000,0.3116258245305875
1630253624000,0.3183871466257669
1630253654000,0.3126439120947631
1630253684000,0.31614021211750304
1630253714000,0.3116681754247573
1630253744000,0.3113596184418746
1630253774000,0.3204914623011016
1630253804000,0.31288625386040764
1630253834000,0.3173161268973892
1630253864000,0.3164219583281734
1630253894000,0.3125048902871106
1630253924000,0.3164306029143898
1630253954000,0.31315857401197605
1630253984000,0.31667951027811364
1630254014000,0.31959791589648806
1630254044000,0.3151075061811506
1630254074000,0.3143716568639414
1630254104000,0.3193539957601454
1630254134000,0.3134283851168512
1630254164000,0.3209647897699758
1630254194000,0.3116805026510481
1630254224000,0.32104726113483834
1630254254000,0.3173270918568785
1630254284000,0.3114506636196319
1630254314000,0.3178721133534743
1630254344000,0.3156866631162508
1630254374000,0.3187359111519608
1630254404000,0.3108573305795315
1630254434000,0.31226766401725203
1630254464000,0.32161161115173675
1630254494000,0.31593989891172913
1630254524000,0.3132377670384139
1630254554000,0.31631495613818633
1630254584000,0.3168106299697885
1630254614000,0.3117855525444513
1630254644000,0.3178653321626617
1630254674000,0.3190726495652174
1630254704000,0.3135888548923077
1630254734000,0.3215233565243536
1630254764000,0.3170235122486289
1630254794000,0.3148062745565749
1630254824000,0.3120468815064299
1630254854000,0.3136648906805641
1630254884000,0.3177146084934904
1630254914000,0.318467488202934
1630254944000,0.3168970770411295
1630254974000,0.3109789161702128
1630255004000,0.3155012886850153
1630255034000,0.31130329951308583
1630255064000,0.3141530993365501
1630255094000,0.3191673844712991
1630255124000,0.31766197192561485
1630255154000,0.3172991358479179
1630255184000,0.320239682832618
1630255214000,0.3127450554815264
1630255244000,0.3129255241738066
1630255274000,0.3154755354216868
1630255304000,0.3252381918204182
1630255334000,0.3173525165739023
1630255364000,0.3239757618237082
1630255394000,0.31576439602237416
1630255424000,0.3128960867958813
1630255454000,0.3174431378493317
1630255484000,0.31499850559610704
1630255514000,0.3130534093768546
1630255544000,0.31687867045177043
1630255574000,0.3139077977897252
1630255604000,0.32233215161290324
1630255634000,0.311734979646557
1630255664000,0.3133087399515738
1630255694000,0.3169688671523983
1630255724000,0.3124335392121212
1630255754000,0.3205745956707317
1630255784000,0.31709681657525896
1630255814000,0.3136222546931408
1630255844000,0.31679913698630136
1630255874000,0.31777239077399383
1630255904000,0.3169885611585366
1630255934000,0.3188384638324091
1630255964000,0.31119540644768856
1630255994000,0.3111408847917924
1630256024000,0.3142982404747413
1630256054000,0.3126541049338147
1630256084000,0.30842101500615005
1630256114000,0.3194094823887873
1630256144000,0.308554915142338
1630256174000,0.3126815878361858
1630256204000,0.3129074413919414
1630256234000,0.31155583279376503
1630256264000,0.3128896858292079
1630256294000,0.3136965513644633
1630256324000,0.3175387392108508
1630256354000,0.31617249716354856
1630256384000,0.3175103493939394
1630256414000,0.31706242124923456
1630256444000,0.32555109963392315
1630256474000,0.3175104782129743
1630256504000,0.3173685893373494
1630256534000,0.31125432950121656
1630256564000,0.3155697152962515
1630256594000,0.31415639519172245
1630256624000,0.31444692173123484
1630256654000,0.3151631023038605
1630256684000,0.3214944351301115
1630256714000,0.31254820928527793
1630256744000,0.3157213113300493
1630256774000,0.312314485
1630256804000,0.31303814404176905
1630256834000,0.31443786225609754
1630256864000,0.3166967576499388
1630256894000,0.3141486786102719
1630256924000,0.31296833869969043
1630256954000,0.3162054806783767
1630256984000,0.3137541522468544
1630257014000,0.31795097995095034
1630257044000,0.3193323620121951
1630257074000,0.31689602898203595
1630257104000,0.3179941924223603
1630257134000,0.3152635349050827
1630257164000,0.3110680599135269
1630257194000,0.31649481156670745
1630257224000,0.31242001304615385
1630257254000,0.3162373459791283
1630257284000,0.31757694048207663
1630257314000,0.3155482305418719
1630257344000,0.31740429888957433
1630257374000,0.3125188196884735
1630257404000,0.3173162045289855
1630257434000,0.3172763462951623
1630257464000,0.315971486911315
1630257494000,0.31511683428920073
1630257524000,0.3161242973374613
1630257554000,0.31635922901085645
1630257584000,0.3188270230255164
1630257614000,0.31118724945652176
1630257644000,0.3115756962894249
1630257674000,0.3116521342839806
1630257704000,0.3116832003669725
1630257734000,0.3077297712230216
1630257764000,0.3117778482186732
1630257794000,0.31762508706315146
1630257824000,0.3150131388105457
1630257854000,0.3121541724646589
1630257884000,0.31216327023370233
1630257914000,0.317229631181486
1630257944000,0.31247077883565805
1630257974000,0.31752560327669904
1630258004000,0.31506671864303176
1630258034000,0.32086255772558714
1630258064000,0.3160817799631223
1630258094000,0.32219917147239263
1630258124000,0.3238115216133005
1630258154000,0.31595036437346435
1630258184000,0.3117114915795943
1630258214000,0.3148781126003706
1630258244000,0.3149656030079804
1630258274000,0.3134152971094711
1630258304000,0.3139111165558912
1630258334000,0.3141509980099502
1630258364000,0.3133468125
1630258394000,0.3139967679408138
1630258424000,0.3168055958787879
1630258454000,0.31745842939759034
1630258484000,0.31229741350364965
1630258514000,0.3122610440740741
1630258544000,0.3163371944
1630258574000,0.3147723077586207
1630258604000,0.3116457727490997
1630258634000,0.3221738748477467
1630258664000,0.31882460141800245
1630258694000,0.3168463449757869
1630258724000,0.31588885650851584
1630258754000,0.25305748687116564
1630258784000,0.25357428435990337
1630258814000,0.3159421274271845
1630258844000,0.25816326468401485
1630258874000,0.3159571783685801
1630258904000,0.3144557514616322
1630258934000,0.31566065808236016
1630258964000,0.31310392860576924
1630258994000,0.3127813227027027
1630259024000,0.3127656110226577
1630259054000,0.3127259701711492
1630259084000,0.31104085520833336
1630259114000,0.3101631285714286
1630259144000,0.3174649580845771
1630259174000,0.3122960051297899
1630259204000,0.31087360636864664
1630259234000,0.3118404708484849
1630259264000,0.3178691023413432
1630259294000,0.3174039395334561
1630259324000,0.3120455474074074
1630259354000,0.3142205817504655
1630259384000,0.3156404301703163
1630259414000,0.31630791637824474
1630259444000,0.317205282381531
1630259474000,0.3166337186534898
1630259504000,0.3149843220597197
1630259534000,0.3144846097069597
1630259564000,0.319434538249694
1630259594000,0.3115674838261919
1630259624000,0.3123866291076923
1630259654000,0.3129167911439115
1630259684000,0.3167760524038461
1630259714000,0.3130608745300182
1630259744000,0.313866565106383
1630259774000,0.31477508503030305
1630259804000,0.3142403680120482
1630259834000,0.31217810778331256
1630259864000,0.31338362391702257
1630259894000,0.31266226767738026
1630259924000,0.3137272791512915
1630259954000,0.3124330622047244
1630259984000,0.3131908211362248
1630260014000,0.31795649569436024
1630260044000,0.31654938896260554
1630260074000,0.3133123441717792
1630260104000,0.31856388517835177
1630260134000,0.3180538432482887
1630260164000,0.3149126656880734
1630260194000,0.31170637319148936
1630260224000,0.312860410633067
1630260254000,0.3133929295289855
1630260284000,0.31204725421313506
1630260314000,0.3129598214415506
1630260344000,0.31777530565349543
1630260374000,0.3145345050920245
1630260404000,0.31218515505269684
1630260434000,0.3124315492382693
1630260464000,0.3168558266584005
1630260494000,0.3156382530536705
1630260524000,0.3115392894640682
1630260554000,0.3119725311696265
1630260584000,0.31924692113870384
1630260614000,0.31139747963190184
1630260644000,0.3125546892944039
1630260674000,0.3125485372439479
1630260704000,0.3125518121876905
1630260734000,0.31294154164077065
1630260764000,0.3086557171132765
1630260794000,0.3114916261002445
1630260824000,0.31836319579780753
1630260854000,0.3131073119877676
1630260884000,0.31256288399511306
1630260914000,0.3157880510166359
1630260944000,0.31045309845869296
1630260974000,0.313710171680877
1630261004000,0.3136060595692308
1630261034000,0.316542168437307
1630261064000,0.31155542271332104
1630261094000,0.31571888872043663
1630261124000,0.3117283768452381
1630261154000,0.31630079866423805
1630261184000,0.3179282562994522
1630261214000,0.3124636604216868
1630261244000,0.3149837339252909
1630261274000,0.3185244176434676
1630261304000,0.31795055776128633
1630261334000,0.31828197409896153
1630261364000,0.3149224736679058
1630261394000,0.3093257038391225
1630261424000,0.3109010783898305
1630261454000,0.3069748285801713
1630261484000,0.31251843080714725
1630261514000,0.31216118441558444
1630261544000,0.31218596064476883
1630261574000,0.3119905769512195
1630261604000,0.3124256903126916
1630261634000,0.3135465100061767
1630261664000,0.3174593519855596
1630261694000,0.3158465471639951
1630261724000,0.3177671314268513
1630261754000,0.30974737293972937
1630261784000,0.3116796806921676
1630261814000,0.3085625484141233
1630261844000,0.3147347553582364
1630261874000,0.3127035258515815
1630261904000,0.3132412850855746
1630261934000,0.31236233816189896
1630261964000,0.3150041775322284
1630261994000,0.3115327577628362
1630262024000,0.314268255021565
1630262054000,0.31070592304374617
1630262084000,0.31315684516728626
1630262114000,0.31620343856009764
1630262144000,0.3120554548683405
1630262174000,0.3117970671084337
1630262204000,0.31350906538229983
1630262234000,0.31774006347878064
1630262264000,0.3136268642679901
1630262294000,0.31556095626892794
1630262324000,0.3156948072420036
1630262354000,0.3113960654380665
1630262384000,0.3174678550934298
1630262414000,0.3180309545510455
1630262444000,0.3174474727821364
1630262474000,0.3124471298773006
1630262504000,0.3140506367371601
1630262534000,0.317158730072904
1630262564000,0.3174384155214724
1630262594000,0.31075737180883245
1630262624000,0.3152174905545399
1630262654000,0.3244193555758684
1630262684000,0.3131344632856254
1630262714000,0.3232834566108008
1630262744000,0.3154430717870257
1630262774000,0.31287910702933985
1630262804000,0.3100721140776699
1630262834000,0.3129040987092809
1630262864000,0.31752422829839705
1630262894000,0.31186805845771143
1630262924000,0.3124923699443414
1630262954000,0.31523654934903905
1630262984000,0.3150109327406499
1630263014000,0.3182958045006165
1630263044000,0.3199309713765919
1630263074000,0.3165857175438597
1630263104000,0.3195631948909657
1630263134000,0.3155500128562765
1630263164000,0.316565219228414
1630263194000,0.3123915749381188
1630263224000,0.31458098746958635
1630263254000,0.3119454682911783
1630263284000,0.31775141795188155
1630263314000,0.32145832578655154
1630263344000,0.3128881573095823
1630263374000,0.3148842692495424
1630263404000,0.3136960611885992
1630263434000,0.3135041599140577
1630263464000,0.31676559938423643
1630263494000,0.3116883585080148
1630263524000,0.31986482595512433
1630263554000,0.3176614929771909
1630263584000,0.3127191710894705
1630263614000,0.3155834556860321
1630263644000,0.3225656874387255
1630263674000,0.31277488964677225
1630263704000,0.3116206620049505
1630263734000,0.3153482254057428
1630263764000,0.3160104163302752
1630263794000,0.3146025372353673
1630263824000,0.3164400805707347
1630263854000,0.3163883468229488
1630263884000,0.3215670255461165
1630263914000,0.31940140212765955
1630263944000,0.3193972604051565
1630263974000,0.3194119797163995
1630264004000,0.3128758080801944
1630264034000,0.3123609454322501
1630264064000,0.30885201863887185
1630264094000,0.3116721833027523
1630264124000,0.3142980086691087
1630264154000,0.3126531186286408
1630264184000,0.31185413844252163
1630264214000,0.327146013897281
1630264244000,0.3181709023100304
1630264274000,0.32305830925812384
1630264304000,0.3745733525215253
1630264334000,0.3720198134591961
1630264364000,0.3741434323331292
1630264394000,0.37509524380664655
1630264424000,0.3757050540540541
1630264454000,0.3148804803933254
1630264484000,0.3185392162492364
1630264514000,0.3192420253879578
1630264544000,0.30998075378510376
1630264574000,0.31454034689403165
1630264604000,0.3153547585591133
1630264634000,0.32072785760340633
1630264664000,0.314982233916717
1630264694000,0.3156546239039039
1630264724000,0.3147808656384948
1630264754000,0.31528204959901296
1630264784000,0.31736866484375
1630264814000,0.31087953816513764
1630264844000,0.3128212800364077
1630264874000,0.3151722670687576
1630264904000,0.31260300863664403
1630264934000,0.32201317626911313
1630264964000,0.3179728245037221
1630264994000,0.31751657162650604
1630265024000,0.3132784497189257
1630265054000,0.31233610964590963
1630265084000,0.31310380437956203
1630265114000,0.31020085278969955
1630265144000,0.3138443306432039
1630265174000,0.3113475440270936
1630265204000,0.3131237937799043
1630265234000,0.31751496248462485
1630265264000,0.3193525178876679
1630265294000,0.31595268146341465
1630265324000,0.3187698219013237
1630265354000,0.31310300452046425
1630265384000,0.31690029651376145
1630265414000,0.3135052375453446
1630265444000,0.3139822205269608
1630265474000,0.31368901855480713
1630265504000,0.31344386026894866
1630265534000,0.31430946200846943
1630265564000,0.3119718968484849
1630265594000,0.3115220274449877
1630265624000,0.3126015570298235
1630265654000,0.31288042586633663
1630265684000,0.3160189314059647
1630265714000,0.3162157522516965
1630265744000,0.3133107309799148
1630265774000,0.311582771965496
1630265804000,0.31779043913834953
1630265834000,0.3150022561728395
1630265864000,0.3133153440709047
1630265894000,0.31334193098765434
1630265924000,0.3164910931366647
1630265954000,0.31350820729040096
1630265984000,0.3128742020494273
1630266014000,0.3209844471709717
1630266044000,0.3158818351005485
1630266074000,0.3144270124922696
1630266104000,0.3113448707045736
1630266134000,0.31110041592009685
1630266164000,0.3118903523133868
1630266194000,0.3145666903940887
1630266224000,0.3150795588057901
1630266254000,0.3122279065045593
1630266284000,0.3130189279055314
1630266314000,0.3130275265230769
1630266344000,0.31463066795343136
1630266374000,0.3125651904531722
1630266404000,0.31771489920731705
1630266434000,0.3187685432881773
1630266464000,0.3212086958912387
1630266494000,0.3190065511656442
1630266524000,0.3173137960147149
1630266554000,0.3183193089831566
1630266584000,0.3150854928229665
1630266614000,0.3165996126605505
1630266644000,0.3254626490797546
1630266674000,0.3137913870715574
1630266704000,0.3159007361818182
1630266734000,0.317420365466748
1630266764000,0.3176478042997543
1630266794000,0.3147028911338963
1630266824000,0.3115968408980582
1630266854000,0.3129794351089588
1630266884000,0.3115032586666667
1630266914000,0.3176191932549505
1630266944000,0.3156703060122699
1630266974000,0.3132983888271605
1630267004000,0.2912576403402187
1630267034000,0.3176102893309222
1630267064000,0.3096696722948871
1630267094000,0.2527745748152709
1630267124000,0.25110150145542753
1630267154000,0.31589535465045593
1630267184000,0.31452596954407297
1630267214000,0.3117818234712786
1630267244000,0.25138045069993914
1630267274000,0.2563440584719655
1630267304000,0.31358239391357273
1630267334000,0.3129984068882175
1630267364000,0.2511037598773006
1630267394000,0.3159690733210105
1630267424000,0.3147360093845216
1630267454000,0.3135515142238713
1630267484000,0.3138221477216749
1630267514000,0.3185026665249089
1630267544000,0.3167375534536403
1630267574000,0.3114263510429448
1630267604000,0.3054001497271073
1630267634000,0.31656033249075216
1630267664000,0.3111062214896215
1630267694000,0.3127391524984949
1630267724000,0.31080469975460123
1630267754000,0.31360645193846154
1630267784000,0.31185498624242425
1630267814000,0.3166786692588092
1630267844000,0.31678938425869435
1630267874000,0.31434556746843056
1630267904000,0.3156229552357624
1630267934000,0.31789846754601225
1630267964000,0.3228921013480392
1630267994000,0.3156758216381418
1630268024000,0.31113818233151186
1630268054000,0.312326702811736
1630268084000,0.3124288172141119
1630268114000,0.3145258577351485
1630268144000,0.3137202942521632
1630268174000,0.31144516839853303
1630268204000,0.3134346517933131
1630268234000,0.3188005613084112
1630268264000,0.31291722996300864
1630268294000,0.3137700610138805
1630268324000,0.31501128313701177
1630268354000,0.3164243124923077
1630268384000,0.3183023205864386
1630268414000,0.3160393397902529
1630268444000,0.31204512063197026
1630268474000,0.31114591013880505
1630268504000,0.3149095323182101
1630268534000,0.3149488591961023
1630268564000,0.3143658607208308
1630268594000,0.319190758143823
1630268624000,0.317106602008521
1630268654000,0.3119292534855028
1630268684000,0.31497016950998186
1630268714000,0.3133745
1630268744000,0.3182781572388516
1630268774000,0.31244896713672593
1630268804000,0.3126808940344403
1630268834000,0.3157145172161172
1630268864000,0.3177081153275649
1630268894000,0.3171385716026813
1630268924000,0.3182908561035758
1630268954000,0.31676225250463824
1630268984000,0.3152057765325077
1630269014000,0.3178903774630542
1630269044000,0.3164198805250305
1630269074000,0.3172095610597659
1630269104000,0.3127866646950093
1630269134000,0.3124791501532802
1630269164000,0.3171776652573529
1630269194000,0.31152926796589525
1630269224000,0.3113749031040779
1630269254000,0.3113388766193708
1630269284000,0.3172721770591824
1630269314000,0.31646336621869275
1630269344000,0.3138496454159077
1630269374000,0.31274640786724034
1630269404000,0.3116902539367638
1630269434000,0.3067766575199509
1630269464000,0.3157081619631902
1630269494000,0.31314123770692825
1630269524000,0.31342640043290043
1630269554000,0.3102335566625917
1630269584000,0.3156176189957653
1630269614000,0.3123586717964439
1630269644000,0.3119911505123568
1630269674000,0.3137008975015235
1630269704000,0.3107358745565749
1630269734000,0.3134138920219245
1630269764000,0.3126959504889976
1630269794000,0.3135574849937733
1630269824000,0.3162594229477612
1630269854000,0.3102340987699877
1630269884000,0.3170769073111783
1630269914000,0.3162350437726723
1630269944000,0.3126637767584098
1630269974000,0.3170478026108075
1630270004000,0.3119190525601481
1630270034000,0.3100617655131265
1630270064000,0.3136698577669903
1630270094000,0.31603175373406195
1630270124000,0.31221424748915066
1630270154000,0.3147870114073156
1630270184000,0.3166557981074481
1630270214000,0.3175646091238671
1630270244000,0.31365767373612824
1630270274000,0.31721936664615386
1630270304000,0.31335055164290143
1630270334000,0.3111309891330891
1630270364000,0.32147361764705884
1630270394000,0.3169823540754258
1630270424000,0.3136274446965052
1630270454000,0.3158088782819117
1630270484000,0.3113583362922705
1630270514000,0.3118194034334764
1630270544000,0.3109555228813559
1630270574000,0.31227378690549723
1630270604000,0.31879713903186274
1630270634000,0.3168598350898946
1630270664000,0.31814059730722155
1630270694000,0.31828179525277434
1630270724000,0.3179134670776819
1630270754000,0.3191755751391466
1630270784000,0.3125323770311545
1630270814000,0.3160960501228501
1630270844000,0.3135202947878788
1630270874000,0.312810830802738
1630270904000,0.3174593342700061
1630270934000,0.31476208922702376
1630270964000,0.3124687118332312
1630270994000,0.3154828497546012
1630271024000,0.32138983795843523
1630271054000,0.3105706339066339
1630271084000,0.3173183069882499
1630271114000,0.31755431984078386
1630271144000,0.3121217852307692
1630271174000,0.31189539039408865
1630271204000,0.3118520989596083
1630271234000,0.3154376980734497
1630271264000,0.3112987201857585
1630271294000,0.31104566151945645
1630271324000,0.3139131710268949
1630271354000,0.31188311915544675
1630271384000,0.3180153598901099
1630271414000,0.3198100550609756
1630271444000,0.3129612456843403
1630271474000,0.3133614736874237
1630271504000,0.3116884725776965
1630271534000,0.3093755347879533
1630271564000,0.3208232932172869
1630271594000,0.3161988344680851
1630271624000,0.32194909975698666
1630271654000,0.32074032363966143
1630271684000,0.31216805153940885
1630271714000,0.31789484746600744
1630271744000,0.3122414793833132
1630271774000,0.31648011765424555
1630271804000,0.3224912298076923
1630271834000,0.31846373136419004
1630271864000,0.32151304365419986
1630271894000,0.32094012916666664
1630271924000,0.31748971242236024
1630271954000,0.3152026542857143
1630271984000,0.31745795922565034
1630272014000,0.31286614019547954
1630272044000,0.3107785393362016
1630272074000,0.3116207398893669
1630272104000,0.3186702046329723
1630272134000,0.3117819124847001
1630272164000,0.3153670519277109
1630272194000,0.3139853164828431
1630272224000,0.3170627262962963
1630272254000,0.3151840326946848
1630272284000,0.3151842165954851
1630272314000,0.312366222600243
1630272344000,0.3131475454657619
1630272374000,0.31263166132836745
1630272404000,0.3151218662385321
1630272434000,0.3144283672081829
1630272464000,0.31642993662400976
1630272494000,0.3176140695331695
1630272524000,0.31480399864364983
1630272554000,0.31667481115151513
1630272584000,0.31293941242460804
1630272614000,0.3180350476190476
1630272644000,0.3114387726552984
1630272674000,0.31563441386996904
1630272704000,0.3177971723417333
1630272734000,0.31070301132075473
1630272764000,0.31862751183723803
1630272794000,0.3117279381740196
1630272824000,0.31302890463980465
1630272854000,0.3113119618226601
1630272884000,0.3108970224589166
1630272914000,0.3122445744200244
1630272944000,0.3133199794871795
1630272974000,0.3119685142504627
1630273004000,0.31161250313075506
1630273034000,0.31525617826617824
1630273064000,0.3111776132892363
1630273094000,0.3128449497864552
1630273124000,0.31224273373860184
1630273154000,0.30997306903892946
1630273184000,0.31305279383394385
1630273214000,0.31507888488228003
1630273244000,0.3162087355995056
1630273274000,0.3104415350973236
1630273304000,0.3120660599382716
1630273334000,0.3163807078979344
1630273364000,0.31194511491646776
1630273394000,0.3134515334153846
1630273424000,0.31434612013382
1630273454000,0.3219339880347179
1630273484000,0.3124585196811772
1630273514000,0.3131636860579889
1630273544000,0.31610765219244824
1630273574000,0.31235620194647196
1630273604000,0.3172311927607362
1630273634000,0.31194913195121954
1630273664000,0.31146183862815885
1630273694000,0.30668748181268884
1630273724000,0.3140835158433735
1630273754000,0.3177439257846154
1630273784000,0.3112373448717949
1630273814000,0.3126565334567901
1630273844000,0.3173597918192918
1630273874000,0.3123120999382335
1630273904000,0.3133260104477612
1630273934000,0.31313755310945274
1630273964000,0.31771004415347137
1630273994000,0.3192322365442504
1630274024000,0.3130518261080753
1630274054000,0.3214495937122128
1630274084000,0.3125501755828221
1630274114000,0.31806695848267624
1630274144000,0.31910902523020257
1630274174000,0.3192845321776156
1630274204000,0.3143956548862938
1630274234000,0.3184073368711656
1630274264000,0.3124492183736809
1630274294000,0.3205749826970443
1630274324000,0.3119833683536585
1630274354000,0.3151154937386018
1630274384000,0.31784969074299635
1630274414000,0.31941760917431194
1630274444000,0.3193123091189156
1630274474000,0.32290447597042515
1630274504000,0.3127559825474587
1630274534000,0.31475488452237
1630274564000,0.3109615587622549
1630274594000,0.3118360074455206
1630274624000,0.31968744524248005
1630274654000,0.3132405314950981
1630274684000,0.31773590670731705
1630274714000,0.3123824637355973
1630274744000,0.3167559044740024
1630274774000,0.3160263151608911
1630274804000,0.3123101924644843
1630274834000,0.3107008745835904
1630274864000,0.3145557000614251
1630274894000,0.31148286894639554
1630274924000,0.3188267158119658
1630274954000,0.3172447382926829
1630274984000,0.3103956681432039
1630275014000,0.31536198807906113
1630275044000,0.31159457911084043
1630275074000,0.3125253759926695
1630275104000,0.3130218198780488
1630275134000,0.31313590650455925
1630275164000,0.31550772638376384
1630275194000,0.3128617788473329
1630275224000,0.3125469100850547
1630275254000,0.3188232118266254
1630275284000,0.3237621157160194
1630275314000,0.31979403904528764
1630275344000,0.3134501162062615
1630275374000,0.32141912235872233
1630275404000,0.3124104043715847
1630275434000,0.3127224790055249
1630275464000,0.31228010906862746
1630275494000,0.31652656082920794
1630275524000,0.3136511053349876
1630275554000,0.3129094250302297
1630275584000,0.31894181996303145
1630275614000,0.3156157878361858
1630275644000,0.3126027498478393
1630275674000,0.3107017181097561
1630275704000,0.3109173803198032
1630275734000,0.3114905987878788
1630275764000,0.3148389504232165
1630275794000,0.317208015904936
1630275824000,0.3151107605021433
1630275854000,0.3233366212739641
1630275884000,0.3156712130966952
1630275914000,0.3148590435582822
1630275944000,0.3112423190132371
1630275974000,0.3135472466666667
1630276004000,0.3113040879657911
1630276034000,0.31881442411042943
1630276064000,0.3165761078678679
1630276094000,0.31801460257037945
1630276124000,0.3185760211843712
1630276154000,0.3126567142592593
1630276184000,0.3120345688351921
1630276214000,0.31200602781908304
1630276244000,0.31365147702946483
1630276274000,0.3145666238587949
1630276304000,0.31032186364756625
1630276334000,0.3228040496048632
1630276364000,0.31886946584615383
1630276394000,0.3127194207673569
1630276424000,0.3121716680902989
1630276454000,0.31620715085261875
1630276484000,0.3150902549751244
1630276514000,0.32084113
1630276544000,0.3136667234345939
1630276574000,0.31834461597051594
1630276604000,0.3131491644138756
1630276634000,0.31167777507730365
1630276664000,0.31397648568818515
1630276694000,0.31299630191273164
1630276724000,0.31213026500615004
1630276754000,0.3182622217338217
1630276784000,0.31850201710445936
1630276814000,0.3197737040841584
1630276844000,0.31363631294261296
1630276874000,0.3161016706169823
1630276904000,0.3126069621958457
1630276934000,0.31557675166051663
1630276964000,0.3142354123329283
1630276994000,0.3111532638077859
1630277024000,0.31384642836275106
1630277054000,0.31343503665634675
1630277084000,0.316175752745219
1630277114000,0.31513584094247243
1630277144000,0.3128772366093366
1630277174000,0.31277995163277883
1630277204000,0.31225444533662755
1630277234000,0.3179442926980198
1630277264000,0.31196449296969697
1630277294000,0.3153560613622291
1630277324000,0.32034804003701417
1630277354000,0.3132283720024346
1630277384000,0.317309508757764
1630277414000,0.31300133409512043
1630277444000,0.3172868568181818
1630277474000,0.3193135284236153
1630277504000,0.31711785382224983
1630277534000,0.3182496473619632
1630277564000,0.3151103592097265
1630277594000,0.314589356127451
1630277624000,0.3168446305882353
1630277654000,0.3187958869883934
1630277684000,0.31417362170731705
1630277714000,0.3144420687654321
1630277744000,0.31268737138536
1630277774000,0.31965021466992666
1630277804000,0.3167254256756757
1630277834000,0.32037890615478365
1630277864000,0.31444691985157697
1630277894000,0.3170312485466914
1630277924000,0.3123223668295663
1630277954000,0.3174362353227771
1630277984000,0.31284532578268875
1630278014000,0.31347824099264704
1630278044000,0.3188147525648763
1630278074000,0.31468169107692306
1630278104000,0.31851219605181985
1630278134000,0.31219955826245444
1630278164000,0.3142405923216445
1630278194000,0.3163795945995146
1630278224000,0.3154177207902736
1630278254000,0.3165678080197409
1630278284000,0.3143239142063002
1630278314000,0.3122651814445828
1630278344000,0.3100435850299401
1630278374000,0.3183064558841651
1630278404000,0.31255578854731764
1630278434000,0.3128141922360249
1630278464000,0.31790656322115385
1630278494000,0.31085440055012226
1630278524000,0.31488508513011154
1630278554000,0.317295904898959
1630278584000,0.3127444753222836
1630278614000,0.3105238026897789
1630278644000,0.31696093180428137
1630278674000,0.3165368456668716
1630278704000,0.3135976284482759
1630278734000,0.3153784361395069
1630278764000,0.31495723829133376
1630278794000,0.3127031932317073
1630278824000,0.3119922244622004
1630278854000,0.31218273489361703
1630278884000,0.31675411230012296
1630278914000,0.31602965669056154
1630278944000,0.3167379145565749
1630278974000,0.3171537716133005
1630279004000,0.3109258546633725
1630279034000,0.3149594363470874
1630279064000,0.3100537738810546
1630279094000,0.31148393849423195
1630279124000,0.31709791341019417
1630279154000,0.31095281161094224
1630279184000,0.3132190056969697
1630279214000,0.3113758594478528
1630279244000,0.3119734996282528
1630279274000,0.3170076407725322
1630279304000,0.3111926974049487
1630279334000,0.3120688865161684
1630279364000,0.315675830212766
1630279394000,0.3141109889298893
1630279424000,0.3120280536423841
1630279454000,0.31397078211527035
1630279484000,0.3125545494437577
1630279514000,0.3174653418068536
1630279544000,0.3114560942331288
1630279574000,0.3127128856356968
1630279604000,0.3169577393866506
1630279634000,0.312260975980688
1630279664000,0.3196456663414634
1630279694000,0.3188838752299203
1630279724000,0.3149706192822385
1630279754000,0.3153846883623275
1630279784000,0.3178896836969697
1630279814000,0.3183869339220463
1630279844000,0.3155194905889496
1630279874000,0.3144117743384615
1630279904000,0.3131061289245983
1630279934000,0.3145018396882494
1630279964000,0.3190935415394013
1630279994000,0.3186105959735577
1630280024000,0.3116351057796508
1630280054000,0.32090692496940026
1630280084000,0.31742604622930715
1630280114000,0.31248325063674953
1630280144000,0.3124327058859596
1630280174000,0.3162273196682465
1630280204000,0.3158186549939099
1630280234000,0.31213285252152523
1630280264000,0.31156186056685153
1630280294000,0.3157131981389578
1630280324000,0.31272999547123626
1630280354000,0.3116813521100917
1630280384000,0.3113014326258338
1630280414000,0.3114961055012225
1630280444000,0.3176421514093137
1630280474000,0.31624761555826725
1630280504000,0.3156739872078721
1630280534000,0.3140465844619105
1630280564000,0.31170022654171703
1630280594000,0.3175722135352287
1630280624000,0.314208689385808
1630280654000,0.31120654844796103
1630280684000,0.3146702179890975
1630280714000,0.3160821590909091
1630280744000,0.3188286585087192
1630280774000,0.3125915301675978
1630280804000,0.3184117464596273
1630280834000,0.3117311145985401
1630280864000,0.3171890081395349
1630280894000,0.3167261053349876
1630280924000,0.31591251151960786
1630280954000,0.3148159269325153
1630280984000,0.31381435743776565
1630281014000,0.3120034572130141
1630281044000,0.32086762507608035
1630281074000,0.31602472747119464
1630281104000,0.3119147711442786
1630281134000,0.3130777686238532
1630281164000,0.31470866527350955
1630281194000,0.3124277844267321
1630281224000,0.31757593652439026
1630281254000,0.31108131904761904
1630281284000,0.3135977523335408
1630281314000,0.3120182020769701
1630281344000,0.3147813674861709
1630281374000,0.3157536180158247
1630281404000,0.3222561402605459
1630281434000,0.31485065998766953
1630281464000,0.3139080586270872
1630281494000,0.3158212755541872
1630281524000,0.3127870040803898
1630281554000,0.3124424257492355
1630281584000,0.300036567380661
1630281614000,0.3150643294081381
1630281644000,0.3185575738833747
1630281674000,0.3128095082876295
1630281704000,0.3115126592659446
1630281734000,0.3176192347590361
1630281764000,0.3129103540061162
1630281794000,0.3179481830694275
1630281824000,0.3182545521871203
1630281854000,0.31950019204819274
1630281884000,0.31643502300123
1630281914000,0.31198199207129684
1630281944000,0.31333959969678593
1630281974000,0.3171898832826748
1630282004000,0.3221510917525773
1630282034000,0.3127231465770171
1630282064000,0.3207841596633417
1630282094000,0.3140706975247525
1630282124000,0.3141621718978102
1630282154000,0.31689262693479586
1630282184000,0.3194100692307693
1630282214000,0.3126097445184737
1630282244000,0.31164286462378643
1630282274000,0.3155783394638404
1630282304000,0.3138659045510455
1630282334000,0.31938368233128833
1630282364000,0.3169420574377657
1630282394000,0.3162473365928659
1630282424000,0.3121121547677261
1630282454000,0.3121821195288283
1630282484000,0.31243052035561003
1630282514000,0.31362349069050555
1630282544000,0.3173189261294261
1630282574000,0.31187481753731344
1630282604000,0.31588835878712873
1630282634000,0.3141959454266421
1630282664000,0.3144963318435754
1630282694000,0.3160205378658537
1630282724000,0.3102802682686383
1630282754000,0.3156180596189305
1630282784000,0.31333073272837264
1630282814000,0.3168498503941783
1630282844000,0.31666086234567903
1630282874000,0.3129915627520759
1630282904000,0.314968132
1630282934000,0.3177876728208233
1630282964000,0.31282883971761816
1630282994000,0.3149859968401487
1630283024000,0.3190302060136392
1630283054000,0.3116412718137255
1630283084000,0.3170393084859585
1630283114000,0.31148093954767725
1630283144000,0.3157847151685393
1630283174000,0.3127426444239064
1630283204000,0.31236088171182264
1630283234000,0.3124337144768857
1630283264000,0.3177874668931439
1630283294000,0.3194580973796465
1630283324000,0.3167749325107958
1630283354000,0.31320007860156723
1630283384000,0.3129731807763401
1630283414000,0.3120640691697192
1630283444000,0.3124918648747709
1630283474000,0.30729746705308114
1630283504000,0.3156324710162357
1630283534000,0.3197690970951793
1630283564000,0.3131133841911765
1630283594000,0.3191718458461538
1630283624000,0.31242575188620897
1630283654000,0.317336547439852
1630283684000,0.3243691752720677
1630283714000,0.31532613717948715
1630283744000,0.3184495458384333
1630283774000,0.3137314624165149
1630283804000,0.31229076066547834
1630283834000,0.3116060210655236
1630283864000,0.3119953937922557
1630283894000,0.3170350561702128
1630283924000,0.3181799078575813
1630283954000,0.32106524605425396
1630283984000,0.3158319706715958
1630284014000,0.3135109264417178
1630284044000,0.313830630550402
1630284074000,0.3168934116748166
1630284104000,0.31676368257389165
1630284134000,0.3164150104873535
1630284164000,0.31281011387387386
1630284194000,0.3197644231100185
1630284224000,0.3130018708695652
1630284254000,0.3215630913878563
1630284284000,0.3130832087306501
1630284314000,0.31140961719512195
1630284344000,0.31134107302955666
1630284374000,0.3148126776829268
1630284404000,0.31771259639751553
1630284434000,0.3144316702294686
1630284464000,0.3181524545731707
1630284494000,0.3129600322820037
1630284524000,0.31506608551980203
1630284554000,0.31150905326817346
1630284584000,0.3183595490623109
1630284614000,0.31768529620563035
1630284644000,0.31715265043263285
1630284674000,0.31954330895341804
1630284704000,0.3175370721781574
1630284734000,0.3183271481662592
1630284764000,0.3173821821601941
1630284794000,0.3164873690549722
1630284824000,0.3176673198663427
1630284854000,0.3137851826617827
1630284884000,0.3192785313591022
1630284914000,0.3173101913572733
1630284944000,0.3160035154607297
1630284974000,0.3181702388888889
1630285004000,0.3136491471200981
1630285034000,0.3120426315980629
1630285064000,0.31814943597256856
1630285094000,0.3130391028869779
1630285124000,0.3153191687537994
1630285154000,0.3171800608404385
1630285184000,0.3182538993167702
1630285214000,0.3125716868533171
1630285244000,0.3186577190389294
1630285274000,0.3111692133292002
1630285304000,0.3151901184690158
1630285334000,0.3113914712560387
1630285364000,0.3116434624464832
1630285394000,0.3136531757444169
1630285424000,0.31198203780487804
1630285454000,0.31324650345649585
1630285484000,0.31139138879310346
1630285514000,0.3172055598130841
1630285544000,0.31393710187617263
1630285574000,0.3178350795830779
1630285604000,0.3121444213644524
1630285634000,0.3116169173237754
1630285664000,0.3139887682510664
1630285694000,0.3184979361416361
1630285724000,0.3191551888206388
1630285754000,0.3159842664841849
1630285784000,0.31370213072215425
1630285814000,0.3170635614678899
1630285844000,0.3176331987745098
1630285874000,0.3118989677934849
1630285904000,0.313908160955928
1630285934000,0.3160106945712523
1630285964000,0.3134832090964591
1630285994000,0.3170481195705521
1630286024000,0.314250317794028
1630286054000,0.3131848395604396
1630286084000,0.3164172021991448
1630286114000,0.3108531790123457
1630286144000,0.3158961453382084
1630286174000,0.3127014389674247
1630286204000,0.3140515496296296
1630286234000,0.3212974573993808
1630286264000,0.3177117112004951
1630286294000,0.31632944790273554
1630286324000,0.31167033919902914
1630286354000,0.3126870758928572
1630286384000,0.3162761602307225
1630286414000,0.3203798529126213
1630286444000,0.3123458359461114
1630286474000,0.3148469924050633
1630286504000,0.3172116365763547
1630286534000,0.3136526636911942
1630286564000,0.3172255833955224
1630286594000,0.3124254625912409
1630286624000,0.3182761029447853
1630286654000,0.316054242599278
1630286684000,0.3117893868902439
1630286714000,0.32198315745955663
1630286744000,0.3144575435503685
1630286774000,0.3166794357055215
1630286804000,0.31685250018326205
1630286834000,0.316373330592503
1630286864000,0.3147158211293261
1630286894000,0.3200968787730061
1630286924000,0.3114157788083538
1630286954000,0.3162605481137909
1630286984000,0.3171429418860992
1630287014000,0.3130232364298725
1630287044000,0.31587197252002464
1630287074000,0.32092581613102594
1630287104000,0.3117302418618989
1630287134000,0.31270417127071826
1630287164000,0.3174736736906212
1630287194000,0.3134299228179551
1630287224000,0.3178833313395639
1630287254000,0.31671803174799257
1630287284000,0.32030428463414634
1630287314000,0.3172611371621621
1630287344000,0.3113016928140097
1630287374000,0.31697033089579524
1630287404000,0.3172539051787916
1630287434000,0.3117985163215591
1630287464000,0.3129861405700424
1630287494000,0.31296921838456904
1630287524000,0.31268369969325155
1630287554000,0.31546318975757576
1630287584000,0.3105053330018645
1630287614000,0.3167164870789957
1630287644000,0.30897065530209616
1630287674000,0.3155291804697157
1630287704000,0.3161902071600481
1630287734000,0.3122139160516605
1630287764000,0.3148699639225181
1630287794000,0.3119788004326329
1630287824000,0.3185406301645338
1630287854000,0.31757470782122904
1630287884000,0.3150977295162278
1630287914000,0.3191562104495747
1630287944000,0.3195710101610905
1630287974000,0.31200480729040103
1630288004000,0.3131692368742369
1630288034000,0.3131130606741573
1630288064000,0.3175013382566586
1630288094000,0.3113303122350091
1630288124000,0.3185393449598021
1630288154000,0.3141693714896215
1630288184000,0.3119188553624925
1630288214000,0.3149493370036101
1630288244000,0.3120194303614458
1630288274000,0.3136443258758451
1630288304000,0.31174024990859234
1630288334000,0.31727583992762365
1630288364000,0.31253134587660353
1630288394000,0.3126111285453439
1630288424000,0.3152383841596131
1630288454000,0.31272356619804403
1630288484000,0.3118422859853121
1630288514000,0.31685687875457874
1630288544000,0.3120524795468463
1630288574000,0.3178907370820669
1630288604000,0.31157889330085264
1630288634000,0.3173225186921653
1630288664000,0.3178580085800604
1630288694000,0.3117854796558082
1630288724000,0.31557520376442016
1630288754000,0.3164036273889227
1630288784000,0.3148626356478612
1630288814000,0.3135819077303649
1630288844000,0.31764379649969826
1630288874000,0.3115113831792976
1630288904000,0.3115903208562691
1630288934000,0.312153054224924
1630288964000,0.3193779352147239
1630288994000,0.31760958658088234
1630289024000,0.3170057458866545
1630289054000,0.3123441179964007
1630289084000,0.31583807949029125
1630289114000,0.3151305719003115
1630289144000,0.32129888763076925
1630289174000,0.3064927399052694
1630289204000,0.3069061864848485
1630289234000,0.31271696442542785
1630289264000,0.3124585651747394
1630289294000,0.3193659211807669
1630289324000,0.31713268052825555
1630289354000,0.3129631726118501
1630289384000,0.31495443031230863
1630289414000,0.3181582607831325
1630289444000,0.31176079035626536
1630289474000,0.3188284274509804
1630289504000,0.3135455875
1630289534000,0.31374305865443425
1630290884000,0.311678005654579
1630290914000,0.3166400504884005
1630290944000,0.31435724760147604
1630290974000,0.31258608834541063
1630291004000,0.3188587071915685
1630291034000,0.3222333100358423
1630291064000,0.31581643570127504
1630291094000,0.3125008033192517
1630291124000,0.3211334117898595
1630291154000,0.3159271502769231
1630291184000,0.3138524157186544
1630291214000,0.3177921425467713
1630291244000,0.3129706041891083
1630291274000,0.3154663607470912
1630291304000,0.3131767475151515
1630291334000,0.3219297048916409
1630291364000,0.31950877923958965
1630291394000,0.3144660378640777
1630291424000,0.3122540770782396
1630291454000,0.3212610854975728
1630291484000,0.3125596091078067
1630291514000,0.31842963765432103
1630291544000,0.31748901381818184
1630291574000,0.3152206214416616
1630291604000,0.31168886697247705
1630291634000,0.3120718657072872
1630291664000,0.3194070199264255
1630291694000,0.31565242643467645
1630291724000,0.3175118604509445
1630291754000,0.3160349145061728
1630291784000,0.31372252533992584
1630291814000,0.3120278581751378
1630291844000,0.31587309272503084
1630291874000,0.31740947070645553
1630291904000,0.3176400519384616
1630291934000,0.3117079043290043
1630291964000,0.3171478483262325
1630291994000,0.3179627157926829
1630292024000,0.3174788040690505
1630292054000,0.3131218577160494
1630292084000,0.3204576246737104
1630292114000,0.3165476904968944
1630292144000,0.3122938111797406
1630292174000,0.31658073586419755
1630292204000,0.3155232279141104
1630292234000,0.3175654757926829
1630292264000,0.3207041643656716
1630292294000,0.3174057772252916
1630292324000,0.3176453939903846
1630292354000,0.31581354886850155
1630292384000,0.3174381565991406
1630292414000,0.3177541278149726
1630292444000,0.3138853892041949
1630292474000,0.3118900329253366
1630292504000,0.3159600570722668
1630292534000,0.3190654789149199
1630292564000,0.3119483136588381
1630292594000,0.3139648329419036
1630292624000,0.31507603011083746
1630292654000,0.31361420856622113
1630292684000,0.3170554557680444
1630292714000,0.3180801721159778
1630292744000,0.3187615700061087
1630292774000,0.3133488868893012
1630292804000,0.3176052670356704
1630292834000,0.32386207057038835
1630292864000,0.3181303652334153
1630292894000,0.3137778527183873
1630292924000,0.3115502683383686
1630292954000,0.3150824398279041
1630292984000,0.31655349441375075
1630293014000,0.3127968442822384
1630293044000,0.3115993989163155
1630293074000,0.3186617214372716
1630293104000,0.31163737509135203
1630293134000,0.3128267103067485
1630293164000,0.31431805224615383
1630293194000,0.3144197764741641
1630293224000,0.3117246411334552
1630293254000,0.3143659053549939
1630293284000,0.3168376839384615
1630293314000,0.3110563470516717
1630293344000,0.3174298525804493
1630293374000,0.3123355270745003
1630293404000,0.3173584150030998
1630293434000,0.31532625
1630293464000,0.3127102361445783
1630293494000,0.3116609690054912
1630293524000,0.31157262058465285
1630293554000,0.319004993313253
1630293584000,0.3124002743940336
1630293614000,0.3129937745183344
1630293644000,0.31361957197062423
1630293674000,0.3134936167079208
1630293704000,0.31709664775561097
1630293734000,0.31053722555282554
1630293764000,0.3174030603321033
1630293794000,0.3174802468501529
1630293824000,0.31549980908536585
1630293854000,0.3180795641464855
1630293884000,0.31991222475550124
1630293914000,0.3147376543030303
1630293944000,0.3200566312189055
1630293974000,0.3110842906593407
1630294004000,0.3145810320121951
1630294034000,0.31879686678899083
1630294064000,0.31324297709359605
1630294094000,0.3132577881752701
1630294124000,0.31549424502745577
1630294154000,0.3153528751951952
1630294184000,0.3119218218995765
1630294214000,0.3098344308214948
1630294244000,0.3140868480733945
1630294274000,0.3139289434146341
1630294304000,0.3123194800120048
1630294334000,0.3115906504263094
1630294364000,0.3163060063855422
1630294394000,0.3172287358502149
1630294424000,0.31831754249240124
1630294454000,0.3143080229585799
1630294484000,0.32182286163793106
1630294514000,0.3170794313460357
1630294544000,0.3129815935265105
1630294574000,0.3121290581452105
1630294604000,0.3130945201829268
1630294634000,0.31839623331280786
1630294664000,0.31643478807394154
1630294694000,0.3141110224264706
1630294724000,0.31803172122699386
1630294754000,0.3160593983536585
1630294784000,0.3112115719467957
1630294814000,0.31770117465045594
1630294844000,0.3152614291309669
1630294874000,0.31270567509113
1630294904000,0.31447710073304824
1630294934000,0.3154873586018237
1630294964000,0.31441244483596603
1630294994000,0.3124373151533373
1630295024000,0.31343718930091186
1630295054000,0.3188864890042761
1630295084000,0.31248532687843616
1630295114000,0.31686461906519064
1630295144000,0.3140900522167488
1630295174000,0.3190302833126551
1630295204000,0.3128082072049689
1630295234000,0.3156214082729469
1630295264000,0.32081424537865233
1630295294000,0.3145582126237624
1630295324000,0.3239092551660517
1630295354000,0.3122996853188929
1630295384000,0.3174681763613861
1630295414000,0.32039191895185865
1630295444000,0.3119817501239157
1630295474000,0.3134971366282596
1630295504000,0.3179995067641682
1630295534000,0.3206565181261482
1630295564000,0.3129589190563726
1630295594000,0.3154454079123554
1630295624000,0.3123931293228537
1630295654000,0.3149653281097561
1630295684000,0.3142754856441718
1630295714000,0.3125531926525529
1630295744000,0.31694591693057245
1630295774000,0.31266431842918985
1630295804000,0.321687490847248
1630295834000,0.3208971161011721
1630295864000,0.31307706580882355
1630295894000,0.3117481108827086
1630295924000,0.3131440865598027
1630295954000,0.31519081871165644
1630295984000,0.31340394963235296
1630296014000,0.3173565684436275
1630296044000,0.3124934735769922
1630296074000,0.31821673128457284
1630296104000,0.3105334518607443
1630296134000,0.311385747371676
1630296164000,0.3200760322147651
1630296194000,0.3178805190042501
1630296224000,0.3197697537082818
1630296254000,0.32291783773700306
1630296284000,0.3128235849628713
1630296314000,0.317535949053146
1630296344000,0.3123890532238443
1630296374000,0.3161763186377709
1630296404000,0.31587128607902737
1630296434000,0.3110811174863388
1630296464000,0.31326999252733895
1630296494000,0.32375574696406445
1630296524000,0.3111725142153846
1630296554000,0.3127027338386901
1630296584000,0.3124231998189499
1630296614000,0.3126243543331285
1630296644000,0.31758443135068154
1630296674000,0.3219694161647204
1630296704000,0.3117140461538462
1630296734000,0.3193821085171569
1630296764000,0.3165788701212121
1630296794000,0.3191394413686807
1630296824000,0.3181311447144593
1630296854000,0.3146871690942473
1630296884000,0.3166225011692308
1630296914000,0.31431046
1630296944000,0.31569672305315205
1630296974000,0.3216772387830363
1630297004000,0.31178988549382713
1630297034000,0.31257160151607033
1630297064000,0.31367539993876303
1630297094000,0.31348707636033857
1630297124000,0.31867955914972274
1630297154000,0.3148814932050511
1630297184000,0.3127198175395859
1630297214000,0.31539998980582523
1630297244000,0.3118675944103194
1630297274000,0.3125438135003054
1630297304000,0.3133564689506173
1630297334000,0.3128523425637835
1630297364000,0.3174130518838789
1630297394000,0.32151008637212203
1630297424000,0.31697986
1630297454000,0.313896525
1630297484000,0.318069996652465
1630297514000,0.3138959717271051
1630297544000,0.31603580018359856
1630297574000,0.3133819108628181
1630297604000,0.3154756414841849
1630297634000,0.3128983441430333
1630297664000,0.31306009511599514
1630297694000,0.3167062232298137
1630297724000,0.3165715237545565
1630297754000,0.31856137348438457
1630297784000,0.3140508828899637
1630297814000,0.31738573286924937
1630297844000,0.3145186618705036
1630297874000,0.31590080660493824
1630297904000,0.3095189594345421
1630297934000,0.3128072270401949
1630297964000,0.31182354244080146
1630297994000,0.3142332600249066
1630298024000,0.3194976596664608
1630298054000,0.3159674128205128
1630298084000,0.3129909044984802
1630298114000,0.3149428162890386
1630298144000,0.31258741604116225
1630298174000,0.3121558967404674
1630298204000,0.31650072359068626
1630298234000,0.31513104202547
1630298264000,0.3160143788854489
1630298294000,0.3123793470223325
1630298324000,0.31715194259036145
1630298354000,0.3156384968273337
1630298384000,0.3171847029268293
1630298414000,0.31184805905752755
1630298444000,0.31171856288532673
1630298474000,0.3115591528450363
1630298504000,0.3180385440512508
1630298534000,0.31572201264579497
1630298564000,0.3065901364677517
1630298594000,0.31342593046638395
1630298624000,0.31626477485998755
1630298654000,0.3114610285194175
1630298684000,0.31331183360098824
1630298714000,0.3144382759021407
1630298744000,0.31059160333127694
1630298774000,0.31262096329192546
1630298804000,0.3141565074410163
1630298834000,0.31735519866989115
1630298864000,0.3170285980108499
1630298894000,0.3185583736842105
1630298924000,0.3211963135551448
1630298954000,0.31277164082259057
1630298984000,0.3177148100555213
1630299014000,0.31608244344410874
1630299044000,0.3124494492014742
1630299074000,0.316753234497549
1630299104000,0.31860444795539034
1630299134000,0.3126017768715764
1630299164000,0.3168575452130945
1630299194000,0.3107766316956261
1630299224000,0.3129829507888349
1630299254000,0.32166682616995074
1630299284000,0.31513360249391725
1630299314000,0.3123077520833333
1630299344000,0.3119544534756097
1630299374000,0.31457160142768464
1630299404000,0.3112270504509922
1630299434000,0.31237083198551596
1630299464000,0.3161792948415165
1630299494000,0.3146258001222494
1630299524000,0.31472968672403195
1630299554000,0.3131332528905289
1630299584000,0.31519600176399026
1630299614000,0.31068486502493764
1630299644000,0.3143530193846154
1630299674000,0.3108532257407408
1630299704000,0.3132445372933252
1630299734000,0.3211300496086695
1630299764000,0.319042077770936
1630299794000,0.3159415010410288
1630299824000,0.3177291171586716
1630299854000,0.31289343769987704
1630299884000,0.31607866373493976
1630299914000,0.3156407323856613
1630299944000,0.3106998360943168
1630299974000,0.3207115012836186
1630300004000,0.3153958022492401
1630300034000,0.3140529797648515
1630300064000,0.3128105232109521
1630300094000,0.3135946518359853
1630300124000,0.31560987099753696
1630300154000,0.31191640078931393
1630300184000,0.3150651622860636
1630300214000,0.3177509668266347
1630300244000,0.3226551059076923
1630300274000,0.31391707306763283
1630300304000,0.3176201111180124
1630300334000,0.3177500044609665
1630300364000,0.3149806045289855
1630300394000,0.3120294893681653
1630300424000,0.31456454155844155
1630300454000,0.3196140455891425
1630300484000,0.3173783083835947
1630300514000,0.3113609346926354
1630300544000,0.3186532808814401
1630300574000,0.31652875106382977
1630300604000,0.3184600478419453
1630300634000,0.3163396972611077
1630300664000,0.3147991507730365
1630300694000,0.3122130078419453
1630300724000,0.3119822351219512
1630300754000,0.3136038712974296
1630300784000,0.3148337965538089
1630300814000,0.31186626014536645
1630300844000,0.3204008555759804
1630300874000,0.3123437716727717
1630300904000,0.30818844314199395
1630300934000,0.3147924640345466
1630300964000,0.3114338023044269
1630300994000,0.3155264572654813
1630301024000,0.3211174514162561
1630301054000,0.3177319006752609
1630301084000,0.31698051393492943
1630301114000,0.3166156137423313
1630301144000,0.3110321773875539
1630301174000,0.3107556948578342
1630301204000,0.3128883594913152
1630301234000,0.3173105787860577
1630301264000,0.31274467451690824
1630301294000,0.3254499625766871
1630301324000,0.3163523397067807
1630301354000,0.31900660613763177
1630301384000,0.3127856748488513
1630301414000,0.311890174892042
1630301444000,0.31603588105456776
1630301474000,0.31280012736077484
1630301504000,0.3143146081927711
1630301534000,0.31253398245614034
1630301564000,0.31939326
1630301594000,0.3125446084359606
1630301624000,0.3158448161881491
1630301654000,0.3107430967682927
1630301684000,0.3113850264417178
1630301714000,0.3141280830769231
1630301744000,0.3095184322348712
1630301774000,0.31292919304029304
1630301804000,0.3107682840196681
1630301834000,0.3109707377563329
1630301864000,0.308970127677497
1630301894000,0.3155253334140436
1630301924000,0.3132988030807147
1630301954000,0.31652941702388243
1630301984000,0.3146423568851473
1630302014000,0.3109490109489051
1630302044000,0.3121255693413173
1630302074000,0.31456964060568604
1630302104000,0.3106160840361446
1630302134000,0.3130224267868241
1630302164000,0.31609929844720497
1630302194000,0.31684850809178744
1630302224000,0.3129503742874469
1630302254000,0.3128865938908659
1630302284000,0.31312489804759003
1630302314000,0.3168652225513905
1630302344000,0.315151228624306
1630302374000,0.30949217831617204
1630302404000,0.3128154590909091
1630302434000,0.3118404856444716
1630302464000,0.31280124290123457
1630302494000,0.31201468850574715
1630302524000,0.318510410323763
1630302554000,0.31702041743119264
1630302584000,0.3156042842918986
1630302614000,0.31780005459525257
1630302644000,0.3153197453495441
1630302674000,0.317989153227771
1630302704000,0.3161332683654444
1630302734000,0.31447616492082825
1630302764000,0.31584495245700245
1630302794000,0.31258923154689405
1630302824000,0.31479747080783355
1630302854000,0.3178985481729598
1630302884000,0.3174452175046555
1630302914000,0.316368917266626
1630302944000,0.3184168731515152
1630302974000,0.31733571928004883
1630303004000,0.3123462638231632
1630303034000,0.32224631869618703
1630303064000,0.31209554724075195
1630303094000,0.31222450130192186
1630303124000,0.31326598927064503
1630303154000,0.31690432694684795
1630303184000,0.3116328680362538
1630303214000,0.3158930025577043
1630303244000,0.3177490404151404
1630303274000,0.31528349103194103
1630303304000,0.313770725
1630303334000,0.3155400532811559
1630303364000,0.31638908321981424
1630303394000,0.3167315350091968
1630303424000,0.31803108166666666
1630303454000,0.3190825498166259
1630303484000,0.3171544013455658
1630303514000,0.31189108566243195
1630303544000,0.31688482933909823
1630303574000,0.3176586649421789
1630303604000,0.3153143890169903
1630303634000,0.3166855491566265
1630303664000,0.31239347858461536
1630303694000,0.31137247456790124
1630303724000,0.3152907927083333
1630303754000,0.31503745282112844
1630303784000,0.3140393154613466
1630303814000,0.3180937706064356
1630303844000,0.3160455679711017
1630303874000,0.3116353208131068
1630303904000,0.31488001411117894
1630303934000,0.3140985011663597
1630303964000,0.3113314949482653
1630303994000,0.31428558977061377
1630304024000,0.31106313137739344
1630304054000,0.3162492547272727
1630304084000,0.31765700030637256
1630304114000,0.31166481334563345
1630304144000,0.3196533811629316
1630304174000,0.3196028707598784
1630304204000,0.314137701549907
1630304234000,0.31322467102238355
1630304264000,0.3146898487461774
1630304294000,0.3133346732283465
1630304324000,0.31734740734567896
1630304354000,0.3180829552038953
1630304384000,0.3150871136752137
1630304414000,0.3204253121546961
1630304444000,0.3129663663183774
1630304474000,0.3185803746592317
1630304504000,0.31897636350855746
1630304534000,0.3168374401095557
1630304564000,0.3184837905602923
1630304594000,0.31348320721271394
1630304624000,0.3170126968479605
1630304654000,0.3163620838551258
1630304684000,0.3133344504626774
1630304714000,0.31909900407294833
1630304744000,0.3126781434089516
1630304774000,0.3169832198402948
1630304804000,0.3097723461397059
1630304834000,0.31147331476306195
1630304864000,0.3164320149845201
1630304894000,0.3144768047384615
1630304924000,0.3174007127372933
1630304954000,0.317572656036036
1630304984000,0.3116392399756246
1630305014000,0.3187585372536946
1630305044000,0.3171291022346369
1630305074000,0.3213223317745804
1630305104000,0.3132417743292683
1630305134000,0.3139969932244404
1630305164000,0.3122427919266055
1630305194000,0.31874151757425745
1630305224000,0.3142397857231149
1630305254000,0.3172006753948967
1630305284000,0.3109632060790273
1630305314000,0.3147381215698393
1630305344000,0.31482842832722835
1630305374000,0.31419922090290664
1630305404000,0.3125281144777031
1630305434000,0.3169453193133047
1630305464000,0.31206250539393937
1630305494000,0.3142116177655678
1630305524000,0.31346818716049385
1630305554000,0.3173052440145103
1630305584000,0.31172558489519114
1630305614000,0.31185029647844564
1630305644000,0.31187779075887395
1630305674000,0.3122405620815581
1630305704000,0.3124694430648092
1630305734000,0.3170077793544458
1630305764000,0.3125617586674892
1630305794000,0.3127104980981595
1630305824000,0.3154888261321909
1630305854000,0.3167654983040581
1630305884000,0.31612880760340634
1630305914000,0.3234223533374922
1630305944000,0.31193076041794715
1630305974000,0.32160742223587224
1630306004000,0.312803310701107
1630306034000,0.32077052839805825
1630306064000,0.3143848737003058
1630306094000,0.3137894059627329
1630306124000,0.3168513824754902
1630306154000,0.31781176523898197
1630306184000,0.3132860981662592
1630306214000,0.3152101637654321
1630306244000,0.3211011391834248
1630306274000,0.3165958252747253
1630306304000,0.3179637589919104
1630306334000,0.3158057574547723
1630306364000,0.3155526445398773
1630306394000,0.31295227803076925
1630306424000,0.3110823237808549
1630306454000,0.31445358464396284
1630306484000,0.31865082732240435
1630306514000,0.31152064948640484
1630306544000,0.3137273407292954
1630306574000,0.31552705012135923
1630306604000,0.3178355938851143
1630306634000,0.31578823451053284
1630306664000,0.3152195945912723
1630306694000,0.3119055884337349
1630306724000,0.3108070723105135
1630306754000,0.3167187038898863
1630306784000,0.3244762417791411
1630306814000,0.3155764560122699
1630306844000,0.3213430391277641
1630306874000,0.3160384777845777
1630306904000,0.31543793137973136
1630306934000,0.31702530391566264
1630306964000,0.3154859207089552
1630306994000,0.3125719597832631
1630307024000,0.3212052525862069
1630307054000,0.322159226960193
1630307084000,0.32183949355036856
1630307114000,0.3161669507571169
1630307144000,0.31589603066095473
1630307174000,0.3158733318866787
1630307204000,0.3223442190830235
1630307234000,0.31376828422982883
1630307264000,0.31760001043749997
1630307294000,0.3171968314285714
1630307324000,0.3150356778733866
1630307354000,0.31710593448275864
1630307384000,0.3122011372178157
1630307414000,0.3183684144945189
1630307444000,0.3168888900185989
1630307474000,0.32029092083078803
1630307504000,0.3181242091304348
1630307534000,0.3122656121712538
1630307564000,0.3124844689314392
1630307594000,0.31394118699938384
1630307624000,0.3126920321583179
1630307654000,0.3166116579275905
1630307684000,0.3153366635294117
1630307714000,0.3183351187923598
1630307744000,0.31594954772447725
1630307774000,0.3166224231379731
1630307804000,0.3127718894672382
1630307834000,0.3172919128792569
1630307864000,0.31200107332089555
1630307894000,0.3182391289489859
1630307924000,0.31525916995708153
1630307954000,0.31157353049907577
1630307984000,0.3135866299145299
1630308014000,0.3139407954993835
1630308044000,0.3130771368715084
1630308074000,0.3108207309234508
1630308104000,0.3116141496024465
1630308134000,0.3184457889701401
1630308164000,0.31556256733091786
1630308194000,0.3171569531731362
1630308224000,0.3170007024140012
1630308254000,0.31579125113288425
1630308284000,0.3160539611180124
1630308314000,0.3121919744270205
1630308344000,0.3127980205438066
1630308374000,0.3131921588525601
1630308404000,0.3169974801587301
1630308434000,0.3150729254962779
1630308464000,0.3101621509815951
1630308494000,0.3158809783323189
1630308524000,0.3148445337622549
1630308554000,0.31326722749540725
1630308584000,0.31200244819792305
1630308614000,0.3136326308298001
1630308644000,0.3127903150931677
1630308674000,0.3164297364538128
1630308704000,0.31192258646341464
1630308734000,0.3123525140221402
1630308764000,0.32123132804428045
1630308794000,0.3109617899817851
1630308824000,0.31258543540759176
1630308854000,0.31382338987730063
1630308884000,0.31403538054380664
1630308914000,0.31545622308649657
1630308944000,0.31708415828295045
1630308974000,0.31775599416103256
1630309004000,0.3153959255319149
1630309034000,0.3141761717271051
1630309064000,0.3110814919148936
1630309094000,0.3109503824893228
1630309124000,0.3120952461261261
1630309154000,0.3129787939914163
1630309184000,0.3115788928745433
1630309214000,0.3123794797930615
1630309244000,0.3166361923264312
1630309274000,0.3125019710687961
1630309304000,0.3204044844053398
1630309334000,0.3194474981325301
1630309364000,0.3168167983744732
1630309394000,0.3120606453153705
1630309424000,0.3131055087751371
1630309454000,0.3120534155193237
1630309484000,0.3205068248462485
1630309514000,0.31508773012195124
1630309544000,0.3105981383545069
1630309574000,0.3153136427076923
1630309604000,0.3194282955637708
1630309634000,0.3128259314702309
1630309664000,0.31147558878562576
1630309694000,0.3217530903990025
1630309724000,0.31672301040640394
1630309754000,0.3147460406573341
1630309784000,0.31094983166564977
1630309814000,0.31744765945273634
1630309844000,0.31391595786585363
1630309874000,0.31619987288753804
1630309904000,0.3141604965600483
1630309934000,0.31247428933169835
1630309964000,0.3151922530084236
1630309994000,0.3121063363470874
1630310024000,0.3136882984690753
1630310054000,0.31781239422604424
1630310084000,0.312111203546982
1630310114000,0.3128390646695491
1630310144000,0.3186683551808706
1630310174000,0.319150363362069
1630310204000,0.3131629083078803
1630310234000,0.3148667730275229
1630310264000,0.31247905265082265
1630310294000,0.31222388226906383
1630310324000,0.3105237058153477
1630310354000,0.31388507392359005
1630310384000,0.3159898359752322
1630310414000,0.31419798159658746
1630310444000,0.3197190012812691
1630310474000,0.3161854495668317
1630310504000,0.31322684480840546
1630310534000,0.3130568278857837
1630310564000,0.3170805687693259
1630310594000,0.3146466444857497
1630310624000,0.3109037790897909
1630310654000,0.3162365691600245
1630310684000,0.3148406346365302
1630310714000,0.3164694090686275
1630310744000,0.3103658413542926
1630310774000,0.3118382646878825
1630310804000,0.3153538457794208
1630310834000,0.3116389555828221
1630310864000,0.31270556334758703
1630310894000,0.3173642538695917
1630310924000,0.3162536568072289
1630310954000,0.3152534425230769
1630310984000,0.3149065425778864
1630311014000,0.3178431268382353
1630311044000,0.3116865839704069
1630311074000,0.3114524156400966
1630311104000,0.3136652944789082
1630311134000,0.3121214383612663
1630311164000,0.3116839545673077
1630311194000,0.3161258260896638
1630311224000,0.3177477383137012
1630311254000,0.31440121535244925
1630311284000,0.3125578504643963
1630311314000,0.3161744652439024
1630311344000,0.3177513126296522
1630311374000,0.3186591837492392
1630311404000,0.31365332998768475
1630311434000,0.317046642883549
1630311464000,0.3165990947724477
1630311494000,0.318486828597673
1630311524000,0.3187467394720688
1630311554000,0.31365789306501546
1630311584000,0.3121732327428222
1630311614000,0.31670794499396865
1630311644000,0.3190307585995086
1630311674000,0.3167225699136868
1630311704000,0.3159915174021131
1630311734000,0.3116698431734317
1630311764000,0.3158590306811332
1630311794000,0.31203617112201104
1630311824000,0.3115046684596577
1630311854000,0.3154417801729463
1630311884000,0.3162577863387978
1630311914000,0.31254370774390244
1630311944000,0.3127331316595224
1630311974000,0.3164555419805589
1630312004000,0.31159928755338623
1630312034000,0.3112977333333333
1630312064000,0.3170347649026764
1630312094000,0.3173232856441718
1630312124000,0.3113455225496091
1630312154000,0.3127682259054635
1630312184000,0.3128438181540342
1630312214000,0.31696023513846155
1630312244000,0.3157667307644883
1630312274000,0.31392295234613043
1630312304000,0.3173302694306931
1630312334000,0.3088607710932674
1630312364000,0.3120119586269745
1630312394000,0.31258881699939506
1630312424000,0.3155018989401496
1630312454000,0.3167960805369128
1630312484000,0.3179232898795181
1630312514000,0.31391931778728605
1630312544000,0.3165419665024631
1630312574000,0.31154292523191096
1630312604000,0.31304337411764704
1630312634000,0.31214441900369005
1630312664000,0.31117883498168497
1630312694000,0.3159923833638026
1630312724000,0.31524576347342403
1630312754000,0.3167103216911765
1630312784000,0.3130957932140654
1630312814000,0.31635512781908304
1630312844000,0.3145622462622549
1630312874000,0.3173008005467801
1630312904000,0.312997478279703
1630312934000,0.3160173801846154
1630312964000,0.31712778142681425
1630312994000,0.3135095177468201
1630313024000,0.31642618236024844
1630313054000,0.3187882203441917
1630313084000,0.3186782507147297
1630313114000,0.31446980843806105
1630313144000,0.31371037787445616
1630313174000,0.3148018906231095
1630313204000,0.3186677765826675
1630313234000,0.31607041648079304
1630313264000,0.3240402598776758
1630313294000,0.3168400537804878
1630313324000,0.31255588896260555
1630313354000,0.3162144482651797
1630313384000,0.3127969339472069
1630313414000,0.312954037545565
1630313444000,0.3123251396214896
1630313474000,0.31193113495384617
1630313504000,0.3181844612132353
1630313534000,0.3173459658358663
1630313564000,0.31792525048661796
1630313594000,0.3172967579427876
1630313624000,0.3171292965495995
1630313654000,0.31597329733817303
1630313684000,0.31310276610904586
1630313714000,0.31887658604938274
1630313744000,0.3196144176363636
1630313774000,0.3140227924969988
1630313804000,0.3198588659768716
1630313834000,0.31851209290561383
1630313864000,0.3176864152573529
1630313894000,0.31991265876662633
1630313924000,0.3152642572296476
1630313954000,0.3166297492202121
1630313984000,0.3127210493546405
1630314014000,0.3124411323987539
1630314044000,0.3144045900735294
1630314074000,0.31217607657878604
1630314104000,0.31593228384520883
1630314134000,0.3171475490600364
1630314164000,0.31437195598316303
1630314194000,0.31210102892007324
1630314224000,0.3112371130909091
1630314254000,0.3132735093122337
1630314284000,0.31346245203703704
1630314314000,0.3122107211900425
1630314344000,0.3122465853553922
1630314374000,0.3121417293865031
1630314404000,0.3114103491484185
1630314434000,0.31794275069654754
1630314464000,0.31328035765710804
1630314494000,0.3137391076225045
1630314524000,0.3173863890663391
1630314554000,0.31210101980259103
1630314584000,0.31105026263125385
1630314614000,0.31385911931956256
1630314644000,0.3116189900917431
1630314674000,0.31429025062266497
1630314704000,0.3142069881449631
1630314734000,0.3101575115642118
1630314764000,0.31332489243341405
1630314794000,0.3136823700844391
1630314824000,0.31213213873873874
1630314854000,0.3155064359176257
1630314884000,0.3132190116779349
1630314914000,0.3139747772810777
1630314944000,0.3117602711151737
1630314974000,0.31220558616697136
1630315004000,0.3130955281440781
1630315034000,0.3141618600244499
1630315064000,0.3133959926433915
1630315094000,0.31386453239780354
1630315124000,0.3146685816
1630315154000,0.3158352350920245
1630315184000,0.3124367344444444
1630315214000,0.3168114280047365
1630315244000,0.3151983969993876
1630315274000,0.3132388040515654
1630315304000,0.31541930612623764
1630315334000,0.3124136877575758
1630315364000,0.31253923610262674
1630315394000,0.3154367251376147
1630315424000,0.31069242344615383
1630315454000,0.3113736007246377
1630315484000,0.3176467066991474
1630315514000,0.3166489749848209
1630315544000,0.3200182704207921
1630315574000,0.3123746658730159
1630315604000,0.3119482620793269
1630315634000,0.3137390421213979
1630315664000,0.3172369165233415
1630315694000,0.3141262795107034
1630315724000,0.31356488086153844
1630315754000,0.31541076431637033
1630315784000,0.3139249766314481
1630315814000,0.316579413712168
1630315844000,0.3124517676761434
1630315874000,0.3132838529661017
1630315904000,0.31182507637231505
1630315934000,0.3159182391975309
1630315964000,0.3145423528976572
1630315994000,0.3173461019716574
1630316024000,0.3175636951946472
1630316054000,0.3126507969512195
1630316084000,0.3112590050122249
1630316114000,0.3129999520717378
1630316144000,0.3142235709036145
1630316174000,0.3120256515151515
1630316204000,0.31786352457420924
1630316234000,0.31563913834951457
1630316264000,0.3123495661445783
1630316294000,0.3182699775460123
1630316324000,0.3124215247087676
1630316354000,0.3174597015681544
1630316384000,0.32015168289067325
1630316414000,0.318043974590661
1630316444000,0.3128415138974676
1630316474000,0.3108753962484625
1630316504000,0.3114516415799143
1630316534000,0.31249148224242423
1630316564000,0.3162788527339004
1630316594000,0.3117860362477231
1630316624000,0.3128671554254007
1630316654000,0.3196527574336829
1630316684000,0.3129473622386224
1630316714000,0.31771093264688066
1630316744000,0.3183803434065934
1630316774000,0.3132675944576877
1630316804000,0.3110097654434251
1630316834000,0.3123667339712919
1630316864000,0.3188010834650456
1630316894000,0.3168357343265053
1630316924000,0.3150477698898409
1630316954000,0.3142350178313253
1630316984000,0.3200088786674817
1630317014000,0.31167787033639144
1630317044000,0.31619488273291924
1630317074000,0.3135953428923077
1630317104000,0.31258819391357273
1630317134000,0.3120630840269278
1630317164000,0.31253818152039553
1630317194000,0.3131357936235438
1630317224000,0.3144924944920441
1630317254000,0.3119586406269207
1630317284000,0.31318282447257384
1630317314000,0.3118908148305085
1630317344000,0.3210784778115501
1630317374000,0.31732723387193296
1630317404000,0.31510139296296297
1630317434000,0.3127635978839178
1630317464000,0.31834575469037396
1630317494000,0.31681847121026896
1630317524000,0.311666055946602
1630317554000,0.3163892172121212
1630317584000,0.3177415094224924
1630317614000,0.31794808551171394
1630317644000,0.3130059501231527
1630317674000,0.31365355924784216
1630317704000,0.31368915536688896
1630317734000,0.3109906244157441
1630317764000,0.3136223710687961
1630317794000,0.3133462423594132
1630317824000,0.3102029998781231
1630317854000,0.31296798043875684
1630317884000,0.3117024095705522
1630317914000,0.3132379475349969
1630317944000,0.3139382398187311
1630317974000,0.31493566625387
1630318004000,0.3152537993765586
1630318034000,0.3144485813713592
1630318064000,0.3143839996339231
1630318094000,0.31282826170981337
1630318124000,0.3123536075091575
1630318154000,0.3115717364137087
1630318184000,0.3118650660954712
1630318214000,0.31133850874775315
1630318244000,0.3120895031843233
1630318274000,0.3166676959951456
1630318304000,0.3125243868852459
1630318334000,0.3122762592033796
1630318364000,0.31630197170613233
1630318394000,0.3173893964028777
1630318424000,0.3170535938517179
1630318454000,0.3118652613831089
1630318484000,0.3232292766445383
1630318514000,0.3132496409118541
1630318544000,0.3184475059369202
1630318574000,0.31497474759293115
1630318604000,0.315945446720297
1630318634000,0.31833161059479553
1630318664000,0.32123030396039604
1630318694000,0.3141352593846154
1630318724000,0.31280587923264314
1630318754000,0.3116607291162228
1630318784000,0.3149009228798048
1630318814000,0.3125724979268293
1630318844000,0.3201421336391437
1630318874000,0.3122359057285181
1630318904000,0.31306501025331723
1630318934000,0.3128297885377943
1630318964000,0.31341773310934634
1630318994000,0.3131619115977792
1630319024000,0.31320179834558826
1630319054000,0.3092527259348613
1630319084000,0.3196443558699579
1630319114000,0.3144093670901391
1630319144000,0.3107573507926829
1630319174000,0.31158850115291264
1630319204000,0.3164475680048662
1630319234000,0.3161553349719975
1630319264000,0.3143414651987768
1630319294000,0.317722211965812
1630319324000,0.315605798470948
1630319354000,0.3138884101466993
1630319384000,0.31390234217603913
1630319414000,0.31512888789537713
1630319444000,0.3125774742665037
1630319474000,0.3136694934875228
1630319504000,0.31067609963280296
1630319534000,0.3164698690887433
1630319564000,0.31194197457317074
1630319594000,0.3116236128640777
1630319624000,0.3120475010895884
1630319654000,0.3177111679605669
1630319684000,0.31823943165952234
1630319714000,0.3150339390361446
1630319744000,0.3183161988826816
1630319774000,0.31879559827692305
1630319804000,0.3175905720219914
1630319834000,0.3149898196428572
1630319864000,0.3165786374018127
1630319894000,0.31034520739156995
1630319924000,0.3129611877974375
1630319954000,0.314287188976378
1630319984000,0.317286203803681
1630320014000,0.31591179007352943
1630320044000,0.3211893078191814
1630320074000,0.3134528596363637
1630320104000,0.3113512970987654
1630320134000,0.3169089468369829
1630320164000,0.3140297068944478
1630320194000,0.31270730030959754
1630320224000,0.314336356145769
1630320254000,0.3189790589838909
1630320284000,0.31725131730295564
1630320314000,0.3178705440344404
1630320344000,0.3159284160224439
1630320374000,0.3137041163103237
1630320404000,0.31275681685254025
1630320434000,0.3152288224414304
1630320464000,0.31520945311355314
1630320494000,0.3160989775184275
1630320524000,0.3185089360655738
1630320554000,0.321894442380085
1630320584000,0.31518113722222224
1630320614000,0.3131169752707581
1630320644000,0.31789614344660194
1630320674000,0.3213904292652553
1630320704000,0.3186516956009913
1630320734000,0.31336553343520784
1630320764000,0.3169289589285714
1630320794000,0.3174490452669903
1630320824000,0.3135666172936893
1630320854000,0.3153954358728254
1630320884000,0.3169288612232416
1630320914000,0.3132703492619926
1630320944000,0.3154524448905109
1630320974000,0.31784854534812074
1630321004000,0.3136022023970498
1630321034000,0.3119126139140956
1630321064000,0.3111909131861575
1630321094000,0.31317704506024097
1630321124000,0.3157041957720588
1630321154000,0.3109205032946919
1630321184000,0.313321563546798
1630321214000,0.3124804850241546
1630321244000,0.31333512863221885
1630321274000,0.3163678427863777
1630321304000,0.318151679378882
1630321334000,0.3156643542592593
1630321364000,0.3150550482526058
1630321394000,0.31564768162128715
1630321424000,0.31132788309772585
1630321454000,0.3109189091071429
1630321484000,0.3124996024863554
1630321514000,0.31569775773195874
1630321544000,0.3159049955296999
1630321574000,0.3156746084975369
1630321604000,0.31781120591133005
1630321634000,0.3164401959409594
1630321664000,0.3120505546998181
1630321694000,0.3167546333333333
1630321724000,0.3141748835666464
1630321754000,0.3186134570995145
1630321784000,0.31192833853658536
1630321814000,0.3140704107142857
1630321844000,0.3156365451414514
1630321874000,0.31834211612903224
1630321904000,0.3129193971271393
1630321934000,0.3206435138717633
1630321964000,0.3173722843220339
1630321994000,0.3138997208106473
1630322024000,0.31291557891491983
1630322054000,0.31094644336917565
1630322084000,0.31787970073037125
1630322114000,0.3143330041162228
1630322144000,0.31774210615671644
1630322174000,0.3174965178260869
1630322204000,0.3115395135347432
1630322234000,0.316180718220339
1630322264000,0.3159950152386781
1630322294000,0.3175484803140097
1630322324000,0.3131009187841945
1630322354000,0.3146518326993865
1630322384000,0.3119371173674589
1630322414000,0.3164691197035207
1630322444000,0.3182030125
1630322474000,0.31926040264452643
1630322504000,0.31615137302070645
1630322534000,0.3109001990820073
1630322564000,0.31653196224552743
1630322594000,0.3200840322324159
1630322624000,0.31524143804281346
1630322654000,0.3183241955909369
1630322684000,0.3150793944137508
1630322714000,0.3151381504531722
1630322744000,0.3127992490220049
1630322774000,0.3152450391656289
1630322804000,0.3123126455665025
1630322834000,0.3130781512239902
1630322864000,0.3162577809230769
1630322894000,0.3126475829615861
1630322924000,0.3128858449541285
1630322954000,0.31446809761759315
1630322984000,0.31581880574783683
1630323014000,0.3147147445937691
1630323044000,0.3115114838066465
1630323074000,0.3190208804847732
1630323104000,0.3175319694117647
1630323134000,0.31750697623701896
1630323164000,0.3121549550397068
1630323194000,0.311498247073321
1630323224000,0.31138772239709445
1630323254000,0.3120403463980464
1630323284000,0.31299309384521634
1630323314000,0.3133446196330275
1630323344000,0.32099635472636817
1630323374000,0.3143949966545012
1630323404000,0.3205602275460123
1630323434000,0.31759704297924296
1630323464000,0.3169028018925519
1630323494000,0.3193007741154563
1630323524000,0.31120730727496915
1630323554000,0.31896772437810944
1630323584000,0.3196423694376528
1630323614000,0.3172490199399399
1630323644000,0.3171760550982801
1630323674000,0.31539584300486617
1630323704000,0.3168097133333333
1630323734000,0.3151491617245657
1630323764000,0.3154663068711657
1630323794000,0.3125464880388585
1630323824000,0.3169413112415071
1630323854000,0.3121277593086719
1630323884000,0.31596444411583485
1630323914000,0.3147494495762712
1630323944000,0.31653845045815515
1630323974000,0.3127485021871203
1630324004000,0.3113717313349815
1630324034000,0.3140024618148599
1630324064000,0.3122197577805332
1630324094000,0.3162480598448688
1630324124000,0.31177166004886986
1630324154000,0.312117049847468
1630324184000,0.3211711018703242
1630324214000,0.3130754290909091
1630324244000,0.3136393484510533
1630324274000,0.3137004306134969
1630324304000,0.3143998700541191
1630324334000,0.31216956616405306
1630324364000,0.3216081037990196
1630324394000,0.31360394109756096
1630324424000,0.31730015716072546
1630324454000,0.3121499887126297
1630324484000,0.3125863521498771
1630324514000,0.3141997356966708
1630324544000,0.3175109224502488
1630324574000,0.3114156495344507
1630324604000,0.319271083868974
1630324634000,0.3190957818401937
1630324664000,0.3124744113720643
1630324694000,0.3170937406853583
1630324724000,0.3126526144094001
1630324754000,0.3216819401335762
1630324784000,0.3214042178506375
1630324814000,0.3129711897014016
1630324844000,0.3143053570993297
1630324874000,0.3143336043478261
1630324904000,0.3159356744272446
1630324934000,0.31668417901924273
1630324964000,0.31855599884638736
1630324994000,0.3164994885696821
1630325024000,0.3125994229437229
1630325054000,0.32101255990279465
1630325084000,0.3116081214241866
1630325114000,0.3181708826167076
1630325144000,0.3182813308588957
1630325174000,0.3208402657282742
1630325204000,0.31625016063569683
1630325234000,0.31871019082125607
1630325264000,0.3117907935874168
1630325294000,0.3123964306097561
1630325324000,0.31312326014805675
1630325354000,0.3167508476042315
1630325384000,0.31637997632880105
1630325414000,0.31890326160877513
1630325444000,0.3125439285714286
1630325474000,0.3127122687538748
1630325504000,0.31310554926739925
1630325534000,0.3136042866141732
1630325564000,0.31094597126296525
1630325594000,0.3132360419035847
1630325624000,0.3120472463132237
1630325654000,0.31374680920321185
1630325684000,0.3179524591661557
1630325714000,0.31265892423312885
1630325744000,0.31591690825123153
1630325774000,0.3147354140906269
1630325804000,0.3166705293365794
1630325834000,0.31647781356350185
1630325864000,0.3121815940563725
1630325894000,0.3112174693439608
1630325924000,0.3169096148012233
1630325954000,0.31983611595282435
1630325984000,0.31330567232360096
1630326014000,0.32110999376890503
1630326044000,0.3170078050152905
1630326074000,0.31841098908536586
1630326104000,0.312232081795818
1630326134000,0.3132942003610109
1630326164000,0.3126930528117359
1630326194000,0.31201498975460124
1630326224000,0.31443070541692025
1630326254000,0.31226140728844964
1630326284000,0.31222571796875
1630326314000,0.3175981688916105
1630326344000,0.3136424911656442
1630326374000,0.31272127869249394
1630326404000,0.313402397996357
1630326434000,0.3126497535456731
1630326464000,0.3126349568711657
1630326494000,0.31672194981774
1630326524000,0.3132140795795796
1630326554000,0.31342891248447197
1630326584000,0.3151790044430919
1630326614000,0.3140714272783251
1630326644000,0.3103970943119266
1630326674000,0.31116290098280097
1630326704000,0.3163447877526025
1630326734000,0.3144291199877376
1630326764000,0.31571791215880896
1630326794000,0.3230302146732429
1630326824000,0.31302486210526315
1630326854000,0.3112551947432763
1630326884000,0.3120526484774665
1630326914000,0.3137178024585126
1630326944000,0.3121733861623616
1630326974000,0.31158494624771205
1630327004000,0.31483220380434784
1630327034000,0.31616485054744525
1630327064000,0.31235629088669953
1630327094000,0.31455856430750456
1630327124000,0.31580780542056075
1630327154000,0.3129533223853211
1630327184000,0.3161105989608802
1630327214000,0.31852579161490685
1630327244000,0.31755251793145656
1630327274000,0.3181450868322981
1630327304000,0.3145610960558252
1630327334000,0.3157053631611316
1630327364000,0.31404757826350943
1630327394000,0.3177234111721612
1630327424000,0.3110285737793852
1630327454000,0.31032267765700483
1630327484000,0.31586847896039605
1630327514000,0.31290161962447
1630327544000,0.3140313621521336
1630327574000,0.3109329880311191
1630327604000,0.31607539128014844
1630327634000,0.3166038935796487
1630327664000,0.31872208214285713
1630327694000,0.31799486709168184
1630327724000,0.3139370127787824
1630327754000,0.312142662300123
1630327784000,0.3130745284923077
1630327814000,0.3153809743496673
1630327844000,0.31752820540708515
1630327874000,0.31752073642013673
1630327904000,0.316243097791411
1630327934000,0.3121365740695546
1630327964000,0.3137757099938688
1630327994000,0.31208570518697226
1630328024000,0.3125251389232673
1630328054000,0.3130233525586996
1630328084000,0.31175891779402803
1630328114000,0.3128367926335175
1630328144000,0.31136645898366605
1630328174000,0.31798783633004923
1630328204000,0.3186436983415233
1630328234000,0.31271880531849106
1630328264000,0.31606790705009274
1630328294000,0.3128240543935644
1630328324000,0.313981161305925
1630328354000,0.3158125387730061
1630328384000,0.3175604465703971
1630328414000,0.3163443230956734
1630328444000,0.3122217082360172
1630328474000,0.3118961258652095
1630328504000,0.3159565692031157
1630328534000,0.3199399090062112
1630328564000,0.3124910803710353
1630328594000,0.31253744496029323
1630328624000,0.31554981176108376
1630328654000,0.3149373651906519
1630328684000,0.3155866558096415
1630328714000,0.31846766976885643
1630328744000,0.312699676405868
1630328774000,0.31396992969512194
1630328804000,0.3181275976889444
1630328834000,0.31485943587223586
1630328864000,0.31152201312384475
1630328894000,0.3203720201607916
1630328924000,0.3177370655467318
1630328954000,0.31328079145607696
1630328984000,0.3187031910049628
1630329014000,0.3200867623321123
1630329044000,0.3119101527051672
1630329074000,0.3134439687537994
1630329104000,0.3220850868372943
1630329134000,0.3129641599012955
1630329164000,0.31397569767441863
1630329194000,0.3170789172936893
1630329224000,0.31083180080246914
1630329254000,0.31630973768115944
1630329284000,0.3159084442961165
1630329314000,0.3164583251675808
1630329344000,0.31166469229836263
1630329374000,0.3129174167274939
1630329404000,0.3123869520315343
1630329434000,0.3208801475878499
1630329464000,0.3128091844132029
1630329494000,0.3168689578358209
1630329524000,0.31517769931761785
1630329554000,0.3107095435336976
1630329584000,0.3126266905797101
1630329614000,0.3137772384332925
1630329644000,0.3167713343539498
1630329674000,0.314442723579719
1630329704000,0.3141018760223048
1630329734000,0.3185479776275353
1630329764000,0.3148190293438639
1630329794000,0.3121341975911056
1630329824000,0.3163678991426822
1630329854000,0.3172225327838828
1630329884000,0.3132462682288497
1630329914000,0.3167482019159456
1630329944000,0.3129100708104814
1630329974000,0.31522376699206833
1630330004000,0.3148416159535452
1630330034000,0.3237030585335798
1630330064000,0.31221247990255785
1630330094000,0.3136320452279635
1630330124000,0.31339330580684605
1630330154000,0.3140655146252285
1630330184000,0.3165984082917705
1630330214000,0.3159700858966565
1630330244000,0.314483753960396
1630330274000,0.3176107713059473
1630330304000,0.3128905075840979
1630330334000,0.3126552118859915
1630330364000,0.3116943500618812
1630330394000,0.3137056357099698
1630330424000,0.3163461972053463
1630330454000,0.3106881650152905
1630330484000,0.31341475702023297
1630330514000,0.3118491684914842
1630330544000,0.3219486064341551
1630330574000,0.3112505194222495
1630330604000,0.31914267526153844
1630330634000,0.3147527628709873
1630330664000,0.3179681740993789
1630330694000,0.31514294778597784
1630330724000,0.31570507198757763
1630330754000,0.31834907056277056
1630330784000,0.315237358750773
1630330814000,0.3228403536391437
1630330844000,0.31674797766153845
1630330874000,0.3200659858866104
1630330904000,0.3119236967073171
1630330934000,0.31782941691842903
1630330964000,0.3161341289890377
1630330994000,0.314215892936118
1630331024000,0.3138207129368485
1630331054000,0.31164957827970297
1630331084000,0.3167476473039216
1630331114000,0.3115326718422674
1630331144000,0.3158525577858881
1630331174000,0.3186808726826274
1630331204000,0.3200411701226994
1630331234000,0.3133998653300432
1630331264000,0.321590649413218
1630331294000,0.31895670006056936
1630331324000,0.3137334410271903
1630331354000,0.3134038411909147
1630331384000,0.3124855547055252
1630331414000,0.31285880263319044
1630331444000,0.316265649233599
1630331474000,0.31926664714111924
1630331504000,0.31328998663819396
1630331534000,0.31299441952554746
1630331564000,0.3127083756855576
1630331594000,0.3153690481890731
1630331624000,0.3156657411035338
1630331654000,0.3166831894160584
1630331684000,0.31429235058175137
1630331714000,0.3132473139364303
1630331744000,0.31554018511543136
1630331774000,0.3227487278739184
1630331804000,0.3218054926904177
1630331834000,0.3181066183660934
1630331864000,0.31462426219660194
1630331894000,0.3125613208333333
1630331924000,0.3104275775075988
1630331954000,0.3137790474390244
1630331984000,0.3222979949194548
1630332014000,0.3182177168092909
1630332044000,0.3107340116293532
1630332074000,0.3197230996898263
1630332104000,0.31576842302114805
1630332134000,0.3128419839362354
1630332164000,0.3141631007407407
1630332194000,0.31663360156062426
1630332224000,0.3204203642509135
1630332254000,0.3136589450729927
1630332284000,0.3127571982989064
1630332314000,0.3170817118187385
1630332344000,0.3143766244996968
1630332374000,0.313865559611886
1630332404000,0.3156568224602203
1630332434000,0.3145329380579011
1630332464000,0.31532173637477035
1630332494000,0.3150118603058104
1630332524000,0.3144603937422553
1630332554000,0.3127934011801242
1630332584000,0.3153074760657735
1630332614000,0.31221726076784645
1630332644000,0.31173424969512203
1630332674000,0.3188265308202653
1630332704000,0.3149026586057989
1630332734000,0.3179058835083385
1630332764000,0.314609087545565
1630332794000,0.3222746932967703
1630332824000,0.3108304876876877
1630332854000,0.32285846302367943
1630332884000,0.3129683851140456
1630332914000,0.3136430083232811
1630332944000,0.3180680666872682
1630332974000,0.31355319023199024
1630333004000,0.31734843392204626
1630333034000,0.3148850547458665
1630333064000,0.3156977222088111
1630333094000,0.31281665287637705
1630333124000,0.31565389833641405
1630333154000,0.31274689858809085
1630333184000,0.3174151919805589
1630333214000,0.3160312972002435
1630333244000,0.3127290174984597
1630333274000,0.3123448523780488
1630333304000,0.3125197235257985
1630333334000,0.3134526857572115
1630333364000,0.31834714401735903
1630333394000,0.32463814950678177
1630333424000,0.3146853815789474
1630333454000,0.31252932196319017
1630333484000,0.32261862335546165
1630333514000,0.31181572876294944
1630333544000,0.31100359839407044
1630333574000,0.3124500238503985
1630333604000,0.3141091170716889
1630333634000,0.3100564436163714
1630333664000,0.28109026899271844
1630333694000,0.3123734107423053
1630333724000,0.3113869695678637
1630333754000,0.31532939163103235
1630333784000,0.3173896265104809
1630333814000,0.3181492398028343
1630333844000,0.3161399508695652
1630333874000,0.31187978317013465
1630333904000,0.3140513812614819
1630333934000,0.31226260972477066
1630333964000,0.3130135862195122
1630333994000,0.3118696046301864
1630334024000,0.31387774281307834
1630334054000,0.3125511897139379
1630334084000,0.3210453494512195
1630334114000,0.31896262835272504
1630334144000,0.3128475953418028
1630334174000,0.3172908006049607
1630334204000,0.3173358214941825
1630334234000,0.3138984507525587
1630334264000,0.3149082635045317
1630334294000,0.32199323622828785
1630334324000,0.31952609477163463
1630334354000,0.3192202925182482
1630334384000,0.31598639804639805
1630334414000,0.3175575766769231
1630334444000,0.3167850843499692
1630334474000,0.3151288127195639
1630334504000,0.3109411742927429
1630334534000,0.31422940298329355
1630334564000,0.3178552989499691
1630334594000,0.3157111631773399
1630334624000,0.3162130356574924
1630334654000,0.31809500889701403
1630334684000,0.3124219208461067
1630334714000,0.3192757645454545
1630334744000,0.3146136894212819
1630334774000,0.31604165799031475
1630334804000,0.3164364395320197
1630334834000,0.3157524094578313
1630334864000,0.31390748012195124
1630334894000,0.3122566400488401
1630334924000,0.3137927568880689
1630334954000,0.3146172787416005
1630334984000,0.31683484835766423
1630335014000,0.314848017407182
1630335044000,0.31341061676942045
1630335074000,0.3115348286335404
1630335104000,0.3105163309567337
1630335134000,0.31376493666873834
1630335164000,0.31692362498469073
1630335194000,0.3143961543269231
1630335224000,0.3188008336771845
1630335254000,0.3146979137399877
1630335284000,0.3188361083436341
1630335314000,0.3126911226161369
1630335344000,0.313759040682095
1630335374000,0.3155033123780488
1630335404000,0.31309212197062425
1630335434000,0.3125472824572127
1630335464000,0.3159690017813268
1630335494000,0.3137123309937888
1630335524000,0.32169267406038204
1630335554000,0.3112931061811505
1630335584000,0.31728744592774033
1630335614000,0.3092549686166972
1630335644000,0.3205185156559406
1630335674000,0.3175667556037152
1630335704000,0.31162230383663364
1630335734000,0.3179236609394314
1630335764000,0.31552357579656864
1630335794000,0.3152558726495727
1630335824000,0.3148811856014581
1630335854000,0.3172379495662949
1630335884000,0.3161574713940857
1630335914000,0.31257446799265604
1630335944000,0.31750792824242424
1630335974000,0.3116513478899083
1630336004000,0.3174106733292079
1630336034000,0.3174037831019916
1630336064000,0.3129989403030303
1630336094000,0.31769429676214195
1630336124000,0.3142194373217607
1630336154000,0.3152150910493827
1630336184000,0.3121250678944137
1630336214000,0.32020556424649177
1630336244000,0.3157342693617021
1630336274000,0.32098855804281345
1630336304000,0.32127141854345165
1630336334000,0.3125920244297719
1630336364000,0.31354246077348064
1630336394000,0.3127672856272838
1630336424000,0.31382913625837905
1630336454000,0.3161924986577181
1630336484000,0.3162247012658228
1630336514000,0.31910925959657704
1630336544000,0.3166971600123609
1630336574000,0.3134077809495192
1630336604000,0.3106175716646267
1630336634000,0.3179851800979792
1630336664000,0.3154772455727554
1630336694000,0.3178745507444169
1630336724000,0.3131644808312655
1630336754000,0.32382649469559976
1630336784000,0.3178394933574879
1630336814000,0.31100458930091185
1630336844000,0.31421280883607555
1630336874000,0.3131399699393939
1630336904000,0.3128860504331683
1630336934000,0.3121952382978723
1630336964000,0.32468021461442786
1630336994000,0.31667936009852216
1630337024000,0.3120570410833841
1630337054000,0.3123864633272617
1630337084000,0.3171464122991348
1630337114000,0.3133941653893696
1630337144000,0.3121719971985384
1630337174000,0.3112661438372799
1630337204000,0.3128256942450495
1630337234000,0.3125862975399754
1630337264000,0.3146630812918952
1630337294000,0.3137393624238733
1630337324000,0.3117399257529195
1630337354000,0.3132965486882245
1630337384000,0.3109711894640682
1630337414000,0.3155054334538879
1630337444000,0.31567578286229697
1630337474000,0.3171306997562462
1630337504000,0.3107383052404439
1630337534000,0.31666218304668303
1630337564000,0.312900286116208
1630337594000,0.31221630306490383
1630337624000,0.3118449077486272
1630337654000,0.315575280617284
1630337684000,0.31475913504273506
1630337714000,0.3126647356617647
1630337744000,0.3168923553243574
1630337774000,0.3100060370324954
1630337804000,0.31908996423718344
1630337834000,0.3107582651120533
1630337864000,0.3162554128934625
1630337894000,0.3106877544798557
1630337924000,0.31592936945996275
1630337954000,0.3182398985339035
1630337984000,0.315511944273399
1630338014000,0.3168012500931099
1630338044000,0.32108091141609485
1630338074000,0.3222116165445665
1630338104000,0.3206242135216346
1630338134000,0.31369330739608803
1630338164000,0.3122768545343137
1630338194000,0.3148672595485052
1630338224000,0.3106566286413709
1630338254000,0.3171970262035344
1630338284000,0.31632104061919497
1630338314000,0.31620418207317075
1630338344000,0.3119984161270617
1630338374000,0.31207594600246
1630338404000,0.317774616031941
1630338434000,0.3193861494238933
1630338464000,0.3174563451376147
1630338494000,0.3165219923076923
1630338524000,0.31357227478991595
1630338554000,0.31928747969325155
1630338584000,0.31405382432762835
1630338614000,0.3132615520564764
1630338644000,0.3160371533333333
1630338674000,0.3166714874393204
1630338704000,0.3166388686068111
1630338734000,0.3157037518028846
1630338764000,0.311344453125
1630338794000,0.3142888526119403
1630338824000,0.3111410232615385
1630338854000,0.31141944558734025
1630338884000,0.3162180728395061
1630338914000,0.3136655284841076
1630338944000,0.3112418108839447
1630338974000,0.3150329137362637
1630339004000,0.31194612288557216
1630339034000,0.3213100751833741
1630339064000,0.3206911865868263
1630339094000,0.3103883757204169
1630339124000,0.31522410433212994
1630339154000,0.3160151800365186
1630339184000,0.3141110980757667
1630339214000,0.3132073257731959
1630339244000,0.3159872993872549
1630339274000,0.3172181596932515
1630339304000,0.3144522799134734
1630339334000,0.3151608642503098
1630339364000,0.3184531548677885
1630339394000,0.3127283327171904
1630339424000,0.3184190225609756
1630339454000,0.3163797532365396
1630339484000,0.31993633162341584
1630339514000,0.31288962866789444
1630339544000,0.3130618368550369
1630339574000,0.3150302203578038
1630339604000,0.31343790778115505
1630339634000,0.31878495050928696
1630339664000,0.31301196452784497
1630339694000,0.31322521146341464
1630339724000,0.318940597905114
1630339754000,0.3122965476800977
1630339784000,0.3122395094189602
1630339814000,0.31203815648994515
1630339844000,0.311661928757764
1630339874000,0.3135726026174896
1630339904000,0.3130435026412776
1630339934000,0.3112563813589897
1630339964000,0.313163386423445
1630339994000,0.3208585527677497
1630340024000,0.3181812107317073
1630340054000,0.3181577732565191
1630340084000,0.31564316774390244
1630340114000,0.3196434239157373
1630340144000,0.3160821459770115
1630340174000,0.31620292715070164
1630340204000,0.3127085653422983
1630340234000,0.3113355662797801
1630340264000,0.3157285580705009
1630340294000,0.31357898418777025
1630340324000,0.312475857891492
1630340354000,0.3133211910429448
1630340384000,0.3118291139125152
1630340414000,0.3206203955159705
1630340444000,0.31399971950617284
1630340474000,0.3110305119591346
1630340504000,0.3120956298892989
1630340534000,0.31247900385774563
1630340564000,0.3161228001242236
1630340594000,0.3127703416314199
1630340624000,0.3147496175851393
1630340654000,0.3173045263060848
1630340684000,0.3162183884966525
1630340714000,0.31693822281463113
1630340744000,0.3179380844848485
1630340774000,0.3149649953374233
1630340804000,0.3152310223170732
1630340834000,0.3120837218497827
1630340864000,0.3171022249381188
1630340894000,0.3174636140836408
1630340924000,0.3146544272449603
1630340954000,0.3119836480024585
1630340984000,0.3124564786683107
1630341014000,0.3146248861434703
1630341044000,0.3107395420121951
1630341074000,0.3135736270420792
1630341104000,0.31599133016453385
1630341134000,0.31836841069486405
1630341164000,0.3122760101297097
1630341194000,0.3176006657509158
1630341224000,0.31664366136919314
1630341254000,0.3161066015795869
1630341284000,0.3132235086662569
1630341314000,0.31542285579710144
1630341344000,0.3127410895313451
1630341374000,0.3177800149722736
1630341404000,0.31295441971657423
1630341434000,0.31582702406841784
1630341464000,0.31050763538840936
1630341494000,0.3160611626231527
1630341524000,0.31335658691702
1630341554000,0.3147013586014851
1630341584000,0.3138344897167488
1630341614000,0.3123239123493976
1630341644000,0.31598257981538463
1630341674000,0.3097935956030897
1630341704000,0.3133915815403423
1630341734000,0.30863288584615384
1630341764000,0.31552280437956204
1630341794000,0.3163393374692875
1630341824000,0.31918997976047897
1630341854000,0.3134978312306741
1630341884000,0.3129462235550031
1630341914000,0.3155952992656059
1630341944000,0.3137163733861145
1630341974000,0.3136253501842752
1630342004000,0.31589622715070165
1630342034000,0.32075106579903145
1630342064000,0.3181682726368159
1630342094000,0.3208061082026538
1630342124000,0.3178458832328106
1630342154000,0.3133560049270073
1630342184000,0.31261120380835383
1630342214000,0.314610365512979
1630342244000,0.31372095193236715
1630342274000,0.3171443690942473
1630342304000,0.3158440941570298
1630342334000,0.3175355642857143
1630342364000,0.3157036637447824
1630342394000,0.3207518383394383
1630342424000,0.31734419747692305
1630342454000,0.3236473295031056
1630342484000,0.3185856195838433
1630342514000,0.3109320298962782
1630342544000,0.31976963462246777
1630342574000,0.31529783812649165
1630342604000,0.31689522266666664
1630342634000,0.3174149331719128
1630342664000,0.3131948563197026
1630342694000,0.3125197593158216
1630342724000,0.3156629159975669
1630342754000,0.31053499295180725
1630342784000,0.3158221027997565
1630342814000,0.3165328172141119
1630342844000,0.3120602642638974
1630342874000,0.3123853257230769
1630342904000,0.31208895780771584
1630342934000,0.3152275495803357
1630342964000,0.3160698002414001
1630342994000,0.32344051712707184
1630343024000,0.31083201558363416
1630343054000,0.3127389601971657
1630343084000,0.3130342344272446
1630343114000,0.3131007479876161
1630343144000,0.31674497471980073
1630343174000,0.3157747106796117
1630343204000,0.3170694654725139
1630343234000,0.3142838716830467
1630343264000,0.3124160158150852
1630343294000,0.3164650859060403
1630343324000,0.3126700350617284
1630343354000,0.3157031208711434
1630343384000,0.31656263744654856
1630343414000,0.3117527208487085
1630343444000,0.31137896434202544
1630343474000,0.31336927208588955
1630343504000,0.3172908433823529
1630343534000,0.31847175015365703
1630343564000,0.3152939620174346
1630343594000,0.3124035380290205
1630343624000,0.3176136421789409
1630343654000,0.3177581335946924
1630343684000,0.32278036495157386
1630343714000,0.3184285921675774
1630343744000,0.3146742732800983
1630343774000,0.3138445677730839
1630343804000,0.3155128911854103
1630343834000,0.3169234967430639
1630343864000,0.3127971635315534
1630343894000,0.32189624646588816
1630343924000,0.3136763280981595
1630343954000,0.3121629556436852
1630343984000,0.3158166406727829
1630344014000,0.31939512321755026
1630344044000,0.3155623223043746
1630344074000,0.3175541961094225
1630344104000,0.3128826421052632
1630344134000,0.31807663121597096
1630344164000,0.31326117305572565
1630344194000,0.3174120893391521
1630344224000,0.31174699560171043
1630344254000,0.3170402483752299
1630344284000,0.3205634663396689
1630344314000,0.3183753875
1630344344000,0.3171558907172996
1630344374000,0.31378647848258706
1630344404000,0.31085659384615383
1630344434000,0.3128510370599135
1630344464000,0.3113935095063985
1630344494000,0.314764086407767
1630344524000,0.3174599470230863
1630344554000,0.3147608746186699
1630344584000,0.31631690322384426
1630344614000,0.3146615920121951
1630344644000,0.3139399966626213
1630344674000,0.3205495204433498
1630344704000,0.31206872040694195
1630344734000,0.31257394464285715
1630344764000,0.3128679701863354
1630344794000,0.3112182820968731
1630344824000,0.3148267189623224
1630344854000,0.31650406795107033
1630344884000,0.3126328680174564
1630344914000,0.3121290937766931
1630344944000,0.3194475257910448
1630344974000,0.31810711321100915
1630345004000,0.31628864276885044
1630345034000,0.3190631805707347
1630345064000,0.3187357043742406
1630345094000,0.3120645473556231
1630345124000,0.3134560881314668
1630345154000,0.3147785941923775
1630345184000,0.3199601701050031
1630345214000,0.3110132963164251
1630345244000,0.3154606605693519
1630345274000,0.3149673752941177
1630345304000,0.3118507860744298
1630345334000,0.31564122220895524
1630345364000,0.3196382057527539
1630345394000,0.3130041955097088
1630345424000,0.3182022963892289
1630345454000,0.3188182579683698
1630345484000,0.3150309917177914
1630345514000,0.3169865915327565
1630345544000,0.3123467864615385
1630345574000,0.3162444664603961
1630345604000,0.3120567672222222
1630345634000,0.3139218792312461
1630345664000,0.3137338432727273
1630345694000,0.3135644081947012
1630345724000,0.3155140301403295
1630345754000,0.3156659792857143
1630345784000,0.3123138215375229
1630345814000,0.30955154327449785
1630345844000,0.3131173175824176
1630345874000,0.3211412301558753
1630345904000,0.31802499696969705
1630345934000,0.31317290109756096
1630345964000,0.32362467344806395
1630345994000,0.3137606509157509
1630346024000,0.3140181185483871
1630346054000,0.31331905981481484
1630346084000,0.3163433279438682
1630346114000,0.31186964609843937
1630346144000,0.3120599443499392
1630346174000,0.3171619635474006
1630346204000,0.31103760066305003
1630346234000,0.30977639673913043
1630346264000,0.3170159767097967
1630346294000,0.31149777009063445
1630346324000,0.3129770327449787
1630346354000,0.3134465688034188
1630346384000,0.3171396430387409
1630346414000,0.3115236374847375
1630346444000,0.319921753699284
1630346474000,0.3214494590043024
1630346504000,0.32111710388648984
1630346534000,0.3141232275757576
1630346564000,0.31273070479704795
1630346594000,0.3123022765249538
1630346624000,0.31689436364756624
1630346654000,0.3145695079061149
1630346684000,0.3118304695810565
1630346714000,0.31212582181268883
1630346744000,0.3163573984966927
1630346774000,0.3155109686604361
1630346804000,0.32150906352583586
1630346834000,0.3120893366687004
1630346864000,0.3145948059149723
1630346894000,0.3178894286850153
1630346924000,0.316900093006135
1630346954000,0.3136087991566265
1630346984000,0.3173997499089253
1630347014000,0.3167569265470297
1630347044000,0.3188707388307692
1630347074000,0.3115837008526188
1630347104000,0.318718238594328
1630347134000,0.3133853925075529
1630347164000,0.31575328340399755
1630347194000,0.3154044398148148
1630347224000,0.3136853059076923
1630347254000,0.3166474988307693
1630347284000,0.31197137681246256
1630347314000,0.31263737352404136
1630347344000,0.3140965117539586
1630347374000,0.319279085301353
1630347404000,0.3131331642857143
1630347434000,0.3141877090018371
1630347464000,0.3168330901538461
1630347494000,0.3156055744286597
1630347524000,0.3194931661182206
1630347554000,0.3133121728844966
1630347584000,0.3114682806234719
1630347614000,0.31295313757725585
1630347644000,0.31084217127985303
1630347674000,0.31891837961704755
1630347704000,0.312425471737786
1630347734000,0.3166635066749073
1630347764000,0.3164737811918064
1630347794000,0.31270620175332525
1630347824000,0.3132077339853301
1630347854000,0.3115725205504587
1630347884000,0.3126803952618454
1630347914000,0.31117340956468426
1630347944000,0.3133955599640933
1630347974000,0.3155901533128834
1630348004000,0.31717148748458696
1630348034000,0.3150612939243645
1630348064000,0.31414168658166364
1630348094000,0.3164979215422277
1630348124000,0.32432938574029124
1630348154000,0.3197857272449603
1630348184000,0.3126621362292052
1630348214000,0.3174016401468788
1630348244000,0.31373212427603203
1630348274000,0.3148643938676381
1630348304000,0.3147382009773977
1630348334000,0.3131426301336573
1630348364000,0.3169783643692308
1630348394000,0.31547347398523984
1630348424000,0.31220532713936433
1630348454000,0.3171822626006192
1630348484000,0.31008647597130895
1630348514000,0.3123379094017094
1630348544000,0.31035625181598064
1630348574000,0.3183257524488531
1630348604000,0.3097725006105006
1630348634000,0.3212896080438757
1630348664000,0.3165477293390982
1630348694000,0.3233517596705308
1630348724000,0.31329782444444443
1630348754000,0.3154529422839506
1630348784000,0.3139548020706456
1630348814000,0.3119225604294478
1630348844000,0.3173145760219646
1630348874000,0.3112528317904994
1630348904000,0.31407849461633663
1630348934000,0.3207887930927193
1630348964000,0.31877372403669724
1630348994000,0.3169457865921788
1630349024000,0.3134060265861027
1630349054000,0.31310383562653565
1630349084000,0.3140905070516717
1630349114000,0.3206107521393643
1630349144000,0.3122835346130408
1630349174000,0.31554114836363634
1630349204000,0.31700786388384755
1630349234000,0.31576428380716937
1630349264000,0.31263243699565485
1630349294000,0.3122295663829787
1630349324000,0.3118905604039168
1630349354000,0.31217521959082456
1630349384000,0.3156170492474413
1630349414000,0.3106401842105263
1630349444000,0.31195418666256913
1630349474000,0.3177665085961657
1630349504000,0.31076340486618004
1630349534000,0.3119249938537185
1630349564000,0.3125520437888199
1630349594000,0.32212193515337423
1630349624000,0.3129953473556231
1630349654000,0.31264713953209355
1630349684000,0.31830032465003044
1630349714000,0.3123161791819292
1630349744000,0.3166709952983725
1630349774000,0.3119430566131026
1630349804000,0.31605295423832924
1630349834000,0.3119447389634146
1630349864000,0.31162635113149845
1630349894000,0.31540596392835085
1630349924000,0.3226515995762712
1630349954000,0.3110725180975911
1630349984000,0.3125864759852217
1630350014000,0.32152403487522824
1630350044000,0.310895206833435
1630350074000,0.3164426943244911
1630350104000,0.31700545535390195
1630350134000,0.31731364948578344
1630350164000,0.3202165581106277
1630350194000,0.312526419592089
1630350224000,0.312645415398773
1630350254000,0.31142325840490803
1630350284000,0.31153069064792177
1630350314000,0.3159247648883375
1630392164000,0.312129061453202
1630392194000,0.31647330770653515
1630392224000,0.3168177999386503
1630392254000,0.3127145992665037
1630392284000,0.3160085123095673
1630392314000,0.311736967552534
1630392344000,0.31188121526153845
1630392374000,0.31424466537530266
1630392404000,0.31719288368326337
1630392434000,0.3205632017199017
1630392464000,0.3147873173160173
1630392494000,0.32154530946854
1630392524000,0.3128439954216867
1630392554000,0.3147667093963908
1630392584000,0.31979766317420955
1630392614000,0.31294702394106816
1630392644000,0.317436507985258
1630392674000,0.31192285863131936
1630392704000,0.316391218220339
1630392734000,0.3138984075887393
1630392764000,0.3165550166357452
1630392794000,0.31494892887367765
1630392824000,0.31290109545178896
1630392854000,0.3120840634533252
1630392884000,0.3108160639314146
1630392914000,0.3161436648399015
1630392944000,0.3183544606396064
1630392974000,0.31312589915305505
1630393004000,0.3110858836684948
1630393034000,0.3126357736318408
1630393064000,0.3158566328313253
1630393094000,0.31125171236093946
1630393124000,0.31291508195033313
1630393154000,0.3156332480620155
1630393184000,0.31857242062807883
1630393214000,0.31482541289327576
1630393244000,0.3116333697998787
1630393274000,0.311263372550213
1630393304000,0.3123330196139477
1630393334000,0.3132043530978934
1630393364000,0.31264810012406946
1630393394000,0.3114663644336175
1630393424000,0.31893568219862584
1630393454000,0.31123089492974954
1630393484000,0.31407080024767803
1630393514000,0.312701012855377
1630393544000,0.3123842931432039
1630393574000,0.31285839750304506
1630393604000,0.3178258189287888
1630393634000,0.3167310673494724
1630393664000,0.31273858052988296
1630393694000,0.3161252496602841
1630393724000,0.3171574710850801
1630393754000,0.324278234029484
1630393784000,0.31209986333949474
1630393814000,0.3173440159658745
1630393844000,0.3161599828536436
1630393874000,0.3157704832412523
1630393904000,0.3158803923265807
1630393934000,0.31222833217606943
1630393964000,0.31263235496969705
1630393994000,0.31723979129901964
1630394024000,0.3157464149726111
1630394054000,0.3200596314917127
1630394084000,0.3151715865671641
1630394114000,0.31524245230862696
1630394144000,0.31212227461107656
1630394174000,0.31489666615760536
1630394204000,0.3111005704517705
1630394234000,0.3213029775294848
1630394264000,0.3125415153426319
1630394294000,0.3137327607771706
1630394324000,0.31577293841911763
1630394354000,0.3135364412621359
1630394384000,0.31384140612492417
1630394414000,0.3124506722869405
1630394444000,0.32060073699386504
1630394474000,0.3161926168207024
1630394504000,0.3215716154456654
1630394534000,0.31077801665649785
1630394564000,0.3143646290006131
1630394594000,0.313049482382134
1630394624000,0.311493162408313
1630394654000,0.3137549447144593
1630394684000,0.31536849829890645
1630394714000,0.31802702469660193
1630394744000,0.3195316591748769
1630394774000,0.3121614899938987
1630394804000,0.3222254847624923
1630394834000,0.31306167206060603
1630394864000,0.3196586011692308
1630394894000,0.3136646555555556
1630394924000,0.3164159110705596
1630394954000,0.31514575003046924
1630394984000,0.3179718830498177
1630395014000,0.3165280247868453
1630395044000,0.3169793501540357
1630395074000,0.31318730630740965
1630395104000,0.3114349569620253
1630395134000,0.3150890703971119
1630395164000,0.31701661255411256
1630395194000,0.31681265253512525
1630395224000,0.3113237629810629
1630395254000,0.31259902586731586
1630395284000,0.31138079066503965
1630395314000,0.3208047467444717
1630395344000,0.31607964203347805
1630395374000,0.3171774482864137
1630395404000,0.312221949877601
1630395434000,0.3217538414919852
1630395464000,0.3123268378266033
1630395494000,0.3155085661613099
1630395524000,0.3127141363524338
1630395554000,0.3117917571948998
1630395584000,0.3207533816077954
1630395614000,0.3162250662576687
1630395644000,0.3222543796768179
1630395674000,0.3160627512959614
1630395704000,0.3114986245341615
1630395734000,0.3189210788963008
1630395764000,0.31180269133126937
1630395794000,0.31782655045045044
1630395824000,0.3143861812383901
1630395854000,0.3167085321406539
1630395884000,0.32057349348093483
1630395914000,0.3125264287951807
1630395944000,0.3179332743226601
1630395974000,0.3177435145922747
1630396004000,0.3125262495037221
1630396034000,0.31707819920683344
1630396064000,0.31875849105939985
1630396094000,0.3142572434008594
1630396124000,0.31280764807574835
1630396154000,0.31237245956547977
1630396184000,0.3164327109079829
1630396214000,0.3147858905988024
1630396244000,0.3138482556100552
1630396274000,0.32054389440389297
1630396304000,0.3149099162631906
1630396334000,0.31865687017114913
1630396364000,0.3189479180120482
1630396394000,0.3196851504014824
1630396424000,0.3168067196004994
1630396454000,0.3121056228571429
1630396484000,0.3158520517199017
1630396514000,0.3167852391758917
1630396544000,0.3116170287048568
1630396574000,0.3121208732220161
1630396604000,0.3162229807715861
1630396634000,0.3139749346724351
1630396664000,0.31307905556915544
1630396694000,0.3174204841144248
1630396724000,0.3125730942542787
1630396754000,0.31222371470588234
1630396784000,0.3123172313230769
1630396814000,0.3154570185932722
1630396844000,0.3165379198281154
1630396874000,0.3121534303464755
1630396904000,0.3121763487669544
1630396934000,0.3117913552825553
1630396964000,0.3113640295731707
1630396994000,0.3121090300183039
1630397024000,0.3165831971727105
1630397054000,0.3139067580428135
1630397084000,0.32117628235653234
1630397114000,0.3125572675476337
1630397144000,0.3129427917380661
1630397174000,0.3164876590852905
1630397204000,0.3150229154219793
1630397234000,0.3117978797297297
1630397264000,0.3169968577456299
1630397294000,0.3103180465895249
1630397324000,0.3163162170356704
1630397354000,0.31308860379436965
1630397384000,0.3183497820279296
1630397414000,0.3113526779019243
1630397444000,0.31212919499694936
1630397474000,0.31230412853613343
1630397504000,0.31334722308641977
1630397534000,0.3129669483045806
1630397564000,0.3173342375838926
1630397594000,0.3160037940636475
1630397624000,0.312298723573201
1630397654000,0.3136859415956151
1630397684000,0.3184908062157221
1630397714000,0.31929965006157635
1630397744000,0.31075975900123304
1630397774000,0.3148190022783251
1630397804000,0.31921091362266424
1630397834000,0.31660973643600737
1630397864000,0.3159843612825166
1630397894000,0.3097395662369552
1630397924000,0.3125741343885785
1630397954000,0.31184587929568913
1630397984000,0.3129831811158798
1630398014000,0.31201640652579243
1630398044000,0.3128869231435644
1630398074000,0.3111272777245509
1630398104000,0.3176540297078931
1630398134000,0.31505271763997594
1630398164000,0.3143036564428312
1630398194000,0.3107311108748481
1630398224000,0.3146589097028502
1630398254000,0.31018236807483396
1630398284000,0.31349555146163216
1630398314000,0.3133947131611316
1630398344000,0.3168863691495965
1630398374000,0.3169124087708462
1630398404000,0.3167217207324643
1630398434000,0.3124169974862048
1630398464000,0.3171708797670141
1630398494000,0.31737777587262705
1630398524000,0.3126976563803681
1630398554000,0.31450364024169186
1630398584000,0.3096356340758579
1630398614000,0.3168206471813725
1630398644000,0.3129737235009085
1630398674000,0.31272470359578425
1630398704000,0.3123499077851539
1630398734000,0.3166969821515893
1630398764000,0.31347362322303923
1630398794000,0.3199412910392035
1630398824000,0.31446464402985075
1630398854000,0.3117278555487053
1630398884000,0.31157285003080715
1630398914000,0.3179920364756624
1630398944000,0.3214850833835039
1630398974000,0.3199305206626506
1630399004000,0.3138454723170732
1630399034000,0.31287157103960395
1630399064000,0.3116409744186047
1630399094000,0.31734253086642605
1630399124000,0.3161988528981086
1630399154000,0.3117874307831325
1630399184000,0.31090944837153195
1630399214000,0.3182470679314566
1630399244000,0.3142137036196319
1630399274000,0.3138040646805897
1630399304000,0.3115773111650485
1630399334000,0.3129449065030675
1630399364000,0.31961533005431497
1630399394000,0.3122993449907806
1630399424000,0.3155519190881459
1630399454000,0.3181407017522659
1630399484000,0.3173997828923077
1630399514000,0.3176777328809377
1630399544000,0.3161900482547459
1630399574000,0.3110573326367548
1630399604000,0.3167035834567901
1630399634000,0.3120953715585203
1630399664000,0.31354375552165953
1630399694000,0.3112331115199035
1630399724000,0.3139596113357843
1630399754000,0.313490069691358
1630399784000,0.3150507740967544
1630399814000,0.31215395842558424
1630399844000,0.3106271905717762
1630399874000,0.31730481704681873
1630399904000,0.3103972483616505
1630399934000,0.32107412203592817
1630399964000,0.31162921628329304
1630399994000,0.3125148521075137
1630400024000,0.31384227411764704
1630400054000,0.3158257527675277
1630400084000,0.3170905790683606
1630400114000,0.3124225125310174
1630400144000,0.31117247354205035
1630400174000,0.3113943229437229
1630400204000,0.3138546459158416
1630400234000,0.3159452695917124
1630400264000,0.3173066731481481
1630400294000,0.31111803078324224
1630400324000,0.31507737580445544
1630400354000,0.3133059297780518
1630400384000,0.3119215715417428
1630400414000,0.3136388504938272
1630400444000,0.31382998778857835
1630400474000,0.3117587864107252
1630400504000,0.3147026354556804
1630400534000,0.31858299688834657
1630400564000,0.3185131677419355
1630400594000,0.31662170006086426
1630400624000,0.3145179444309191
1630400654000,0.3127246967917676
1630400684000,0.3134485224877451
1630400714000,0.31928591665649786
1630400744000,0.31227569655172416
1630400774000,0.3180708781950333
1630400804000,0.31643541664634145
1630400834000,0.31789187927429274
1630400864000,0.3172738090361446
1630400894000,0.3189429882754343
1630400924000,0.31327829919003114
1630400954000,0.31911436897184825
1630400984000,0.31249633641370866
1630401014000,0.312345382076041
1630401044000,0.3116595089395808
1630401074000,0.3144639526572999
1630401104000,0.31635223934624696
1630401134000,0.3121291683918669
1630401164000,0.3140424595744681
1630401194000,0.3134090409257004
1630401224000,0.3131409619402985
1630401254000,0.3181351353741497
1630401284000,0.3173753551219512
1630401314000,0.3128310081409478
1630401344000,0.3136824933660934
1630401374000,0.31663303355421685
1630401404000,0.3136973505243677
1630401434000,0.31366750789801
1630401464000,0.31289614786015674
1630401494000,0.3148704970167806
1630401524000,0.3161528184448463
1630401554000,0.3122729220951234
1630401584000,0.31838891885043263
1630401614000,0.31453452269161136
1630401644000,0.31556565146341464
1630401674000,0.3168278540258144
1630401704000,0.3154342153892944
1630401734000,0.3192148431527693
1630401764000,0.3168261139838409
1630401794000,0.31210975741305674
1630401824000,0.3192327935405241
1630401854000,0.3163129954268293
1630401884000,0.3151131056825201
1630401914000,0.312191908794588
1630401944000,0.3110374213981763
1630401974000,0.3167960697213622
1630402004000,0.31350388705302096
1630402034000,0.31321951741741744
1630402064000,0.31655573113954905
1630402094000,0.3122432852210781
1630402124000,0.3163831587155964
1630402154000,0.3179805457794208
1630402184000,0.3188979475602224
1630402214000,0.31679975151883355
1630402244000,0.3128638122337188
1630402274000,0.3185531183424741
1630402304000,0.3126638438919583
1630402334000,0.31385385816389405
1630402364000,0.31520773982947625
1630402394000,0.3168522085889571
1630402424000,0.3166830598039216
1630402454000,0.3131582079710145
1630402484000,0.3136404001807229
1630402514000,0.3184799467364532
1630402544000,0.3157677403775883
1630402574000,0.3139966092546584
1630402604000,0.3149329705599037
1630402634000,0.3174054480966768
1630402664000,0.31224452417783194
1630402694000,0.3180512606227106
1630402724000,0.31257271428571426
1630402754000,0.3151523866093366
1630402784000,0.31286986456643795
1630402814000,0.31330118125380396
1630402844000,0.31899765015309245
1630402874000,0.318052060858743
1630402904000,0.3176271973473165
1630402934000,0.3172970297654841
1630402964000,0.3157887512727273
1630402994000,0.3179846541844838
1630403024000,0.3160773346389229
1630403054000,0.3147711535955747
1630403084000,0.3235072926150121
1630403114000,0.3214183048207664
1630403144000,0.31479013064713063
1630403174000,0.31823357046285017
1630403204000,0.3118736604651163
1630403234000,0.31689819716224554
1630403264000,0.31701556126674785
1630403294000,0.3148039088834053
1630403324000,0.31297133308957953
1630403354000,0.31632826056338026
1630403384000,0.3120262168719212
1630403414000,0.3131868785450061
1630403444000,0.3175161098027127
1630403474000,0.314664689005559
1630403504000,0.3125480846670739
1630403534000,0.31248402949110976
1630403564000,0.3178562441031941
1630403594000,0.3153205220685508
1630403624000,0.31092678284313724
1630403654000,0.3130008845173042
1630403684000,0.3122928780830281
1630403714000,0.3222318409896152
1630403744000,0.3172654696676737
1630403774000,0.3170730280961183
1630403804000,0.3114121586650337
1630403834000,0.31285041091127097
1630403864000,0.3175632822580645
1630403894000,0.31345750570365777
1630403924000,0.31224150902483344
1630403954000,0.32071133618988895
1630403984000,0.31507789493975896
1630404014000,0.317657646082665
1630404044000,0.31202216336573513
1630404074000,0.31335713591463416
1630404104000,0.3166213200367647
1630404134000,0.31680012381538464
1630404164000,0.3152018172622653
1630404194000,0.3164337870042709
1630404224000,0.3178080461916462
1630404254000,0.3213314963167587
1630404284000,0.31948133120825745
1630404314000,0.3106492811863391
1630404344000,0.3128638157178218
1630404374000,0.31173666797346195
1630404404000,0.31367276984802434
1630404434000,0.3134552684307692
1630404464000,0.3101789041342121
1630404494000,0.31698349804281345
1630404524000,0.3159467181705041
1630404554000,0.316333461849357
1630404584000,0.31534486251518834
1630404614000,0.313863785105068
1630404644000,0.3175549632233977
1630404674000,0.3180485893143916
1630404704000,0.3176611846813725
1630404734000,0.3109568754612546
1630404764000,0.3130132587837838
1630404794000,0.31345190661764705
1630404824000,0.3105520387135922
1630404854000,0.3183846964901478
1630404884000,0.3177933110080396
1630404914000,0.31500361421508033
1630404944000,0.3131816345686513
1630404974000,0.3162050605166052
1630405004000,0.3115692554811206
1630405034000,0.31307656908536585
1630405064000,0.3114655431045145
1630405094000,0.3118393384898711
1630405124000,0.3160527109259259
1630405154000,0.3187393647671569
1630405184000,0.32039983254401944
1630405214000,0.3136334650705955
1630405244000,0.31427303797155226
1630405274000,0.31496230000000003
1630405304000,0.3117255361974406
1630405334000,0.31197443256379104
1630405364000,0.31186123090575274
1630405394000,0.31182182699088146
1630405424000,0.3172356637698898
1630405454000,0.3145510916616314
1630405484000,0.3099260360073484
1630405514000,0.31199837776427697
1630405544000,0.31136200830788024
1630405574000,0.3174031610294117
1630405604000,0.31241535409429283
1630405634000,0.3096512480943739
1630405664000,0.3121155788923077
1630405694000,0.3146024055352798
1630405724000,0.32105695252463057
1630405754000,0.3172929517220544
1630405784000,0.3154660080864198
1630405814000,0.3148039025766871
1630405844000,0.31214052018348626
1630405874000,0.3177020600248293
1630405904000,0.3157333332317073
1630405934000,0.3157512492638037
1630405964000,0.3133839098961515
1630405994000,0.3130486250915751
1630406024000,0.31452829599514565
1630406054000,0.3160201054467564
1630406084000,0.3120321329890644
1630406114000,0.3156515821123321
1630406144000,0.31469448022181146
1630406174000,0.3139047917725348
1630406204000,0.31647641380368097
1630406234000,0.3141689294887781
1630406264000,0.3123153059002433
1630406294000,0.31304522253694583
1630406324000,0.3123191056825201
1630406354000,0.3146547409915357
1630406384000,0.3108155860594796
1630406414000,0.3142439484126984
1630406444000,0.3155063611145132
1630406474000,0.3142826212158055
1630406504000,0.3203939899020808
1630406534000,0.31513420878255605
1630406564000,0.31920687496977024
1630406594000,0.31850349234507896
1630406624000,0.3143740048585486
1630406654000,0.3147710265420561
1630406684000,0.3132760313032887
1630406714000,0.3154055113022113
1630406744000,0.31265916452784503
1630406774000,0.3175933417332514
1630406804000,0.3127086187652812
1630406834000,0.3136551425030229
1630406864000,0.3185880767781155
1630406894000,0.3125977477757465
1630406924000,0.3154498782741738
1630406954000,0.31544289370758793
1630406984000,0.3152956523514852
1630407014000,0.3117993610767327
1630407044000,0.3129603335985312
1630407074000,0.31250842971188475
1630407104000,0.3113386086279209
1630407134000,0.3113858378279439
1630407164000,0.31118454713603816
1630407194000,0.31107040916310325
1630407224000,0.31955637227963524
1630407254000,0.3196454934275184
1630407284000,0.3137776436816525
1630407314000,0.31433498294334977
1630407344000,0.31058870287253143
1630407374000,0.3179680530312309
1630407404000,0.3133248647566235
1630407434000,0.3153281543742406
1630407464000,0.3146012544524669
1630407494000,0.3143295319384615
1630407524000,0.3157721791135398
1630407554000,0.3113902229241877
1630407584000,0.3132980890842935
1630407614000,0.3177382720024722
1630407644000,0.3126134850360577
1630407674000,0.31740711886678724
1630407704000,0.3205917291512915
1630407734000,0.3167963995710784
1630407764000,0.3164601425736621
1630407794000,0.3146740216367018
1630407824000,0.3161866078658537
1630407854000,0.31257486105072463
1630407884000,0.3143287056915545
1630407914000,0.31628381900674435
1630407944000,0.31586550774390243
1630407974000,0.31617776726263874
1630408004000,0.31792083503339397
1630408034000,0.3135081448524985
1630408064000,0.31177607501519755
1630408094000,0.3201212234042553
1630408124000,0.31647314856429465
1630408154000,0.31652506135656505
1630408184000,0.31654957934186473
1630408214000,0.31680980640243894
1630408244000,0.3120354972644377
1630408274000,0.3191859358199753
1630408304000,0.3128972567173252
1630408334000,0.31572723465286234
1630408364000,0.31769044489051096
1630408394000,0.31506335384615386
1630408424000,0.3168018526703499
1630408454000,0.3152157604651163
1630408484000,0.3132764604523227
1630408514000,0.3172451665066026
1630408544000,0.3153997225360577
1630408574000,0.31625245105105104
1630408604000,0.3154138337181045
1630408634000,0.3119238363468635
1630408664000,0.3149651824223603
1630408694000,0.3124665238123873
1630408724000,0.31240136781538463
1630408754000,0.314152828407026
1630408784000,0.3135404532317073
1630408814000,0.3191025219335347
1630408814000,0.3191025219335347
1630408844000,0.3130468595848596
1630408874000,0.3131556965265082
1630408904000,0.3155904277606416
1630408934000,0.30943884658536586
1630408964000,0.31546197035909923
1630408994000,0.3138430678416821
1630409024000,0.3127900816585956
1630409054000,0.3145332034441088
1630409084000,0.3163164256830601
1630409114000,0.3244514641900122
1630409144000,0.3191720333539604
1630409174000,0.3160618658282209
1630409204000,0.3115676123086344
1630409234000,0.3118845717458359
1630409264000,0.31605644643078834
1630409294000,0.31275406491985197
1630409324000,0.3129155361197754
1630409354000,0.3131840931707317
1630409384000,0.3132315039287907
1630409414000,0.31713879345454543
1630409444000,0.3141914647129909
1630409474000,0.31183406211293263
1630409504000,0.3174027263349515
1630409534000,0.3133462088377724
1630409564000,0.3136030260157671
1630409594000,0.31316615089450955
1630409624000,0.3135760725200247
1630409654000,0.313172733952912
1630409684000,0.3137300896786156
1630409714000,0.31258428472392635
1630409744000,0.31962149390243905
1630409774000,0.31800468438844504
1630409804000,0.31504200946854
1630409834000,0.3148979731737262
1630409864000,0.3230835042865891
1630409894000,0.3142731683723798
1630409924000,0.3101053058282209
1630409954000,0.31327612369871405
1630409984000,0.3136945222154223
1630410014000,0.3135597001842752
1630410044000,0.31361949720843674
1630410074000,0.317971134620098
1630410104000,0.31742561254612545
1630410134000,0.31337810504044805
1630410164000,0.3170541136476427
1630410194000,0.31168084774665045
1630410224000,0.316219894647202
1630410254000,0.3132288491358025
1630410284000,0.24892293590686276
1630410314000,0.3114441861858191
1630410344000,0.31455531701732675
1630410374000,0.3184126349753695
1630410404000,0.3161030541416567
1630410434000,0.3136028811425061
1630410464000,0.3140033879161529
1630410494000,0.312904261185006
1630410524000,0.31110134297924297
1630410554000,0.3124487462804878
1630410584000,0.31760018426488457
1630410614000,0.3120160306797305
1630410644000,0.3180657855569156
1630410674000,0.3177825489010989
1630410704000,0.3172208501547988
1630410734000,0.3195762396689148
1630410764000,0.3167746604833837
1630410794000,0.31481265662725577
1630410824000,0.31708178393402564
1630410854000,0.316282416976456
1630410884000,0.3167534935105068
1630410914000,0.3146507257529195
1630410944000,0.3118779206854345
1630410974000,0.32101525394574604
1630411004000,0.31789881937888204
1630411034000,0.32030913306845965
1630411064000,0.3172299456280788
1630411094000,0.31537967879708384
1630411124000,0.32230219187692305
1630411154000,0.3127100200621118
1630411184000,0.3145880942189422
1630411214000,0.3113646969883221
1630411244000,0.3138327043804756
1630411274000,0.3168095726479751
1630411304000,0.3122368929051988
1630411334000,0.31451016138673044
1630411364000,0.31610329610077986
1630411394000,0.3168532157116451
1630411424000,0.3121802161037395
1630411454000,0.312417464764268
1630411484000,0.31120363824242425
1630411514000,0.3123245343673966
1630411544000,0.3197882096305269
1630411574000,0.31132313663003663
1630411604000,0.3189499209046455
1630411634000,0.3161315536570375
1630411664000,0.3127318368581907
1630411694000,0.3139170580254391
1630411724000,0.3118172778787879
1630411754000,0.3186095625379478
1630411784000,0.3207707471130221
1630411814000,0.3169526695092025
1630411844000,0.3094280754138565
1630411874000,0.31403843993827163
1630411904000,0.3183241251838235
1630411934000,0.31279726239263805
1630411964000,0.3096539489480198
1630411994000,0.31738354074754904
1630412024000,0.3122641597919217
1630412054000,0.31754487796923075
1630412084000,0.31270364848116644
1630412114000,0.31282734771201953
1630412144000,0.3204915655980271
1630412174000,0.31424481522406383
1630412204000,0.3154260179222357
1630412234000,0.316585453898097
1630412264000,0.3134713994420335
1630412294000,0.3155535522839506
1630412324000,0.3154021014153846
1630412354000,0.3140090300549786
1630412384000,0.3129732411942099
1630412414000,0.3148517423053341
1630412444000,0.31080806646191644
1630412474000,0.3127958094397077
1630412504000,0.3111209913308913
1630412534000,0.3182961002994012
1630412564000,0.3133474871684145
1630412594000,0.31126235706554417
1630412624000,0.32116610084439084
1630412654000,0.31479687424425634
1630412684000,0.31251913396341463
1630412714000,0.3250723196273292
1630412744000,0.3161326310596833
1630412774000,0.3200693065523576
1630412804000,0.32139551485148515
1630412834000,0.3159618503956177
1630412864000,0.3185441563614014
1630412894000,0.31900146949048497
1630412924000,0.31703720267639895
1630412954000,0.3173755326060606
1630412984000,0.3163571677281078
1630413014000,0.31792471962616825
1630413044000,0.3122118783632982
1630413074000,0.3143695402469136
1630413104000,0.3136077854622871
1630413134000,0.3158089059038344
1630413164000,0.31576914978619425
1630413194000,0.3174724213284583
1630413224000,0.3116488746186699
1630413254000,0.31265337759336104
1630413284000,0.31075210334143377
1630413314000,0.3120130234529703
1630413344000,0.3128794897859327
1630413374000,0.3212145936208992
1630413404000,0.31616141061622943
1630413434000,0.3166388500609756
1630413464000,0.31358562039831017
1630413494000,0.31642096570904643
1630413524000,0.31414681804091754
1630413554000,0.3137398353304509
1630413584000,0.3153349747218789
1630413614000,0.3164159563183475
1630413644000,0.312781678330264
1630413674000,0.3175427400362319
1630413704000,0.3113845622032867
1630413734000,0.3134675015470297
1630413764000,0.3094067925903615
1630413794000,0.312879211627907
1630413824000,0.31849542548780485
1630413854000,0.3132122726765799
1630413884000,0.31225817038391224
1630413914000,0.31701690096969704
1630413944000,0.3126981143377886
1630413974000,0.311555340499391
1630414004000,0.3110901175544794
1630414034000,0.31404992267080745
1630414064000,0.31460998343558283
1630414094000,0.31421493160146696
1630414124000,0.31434270264778325
1630414154000,0.31297655111647554
1630414184000,0.3120013320221266
1630414214000,0.3131071054119062
1630414244000,0.31713211243842365
1630414274000,0.3154099259644825
1630414304000,0.3126019874384237
1630414334000,0.3150876282890673
1630414364000,0.3152621300486618
1630414394000,0.3207503040416412
1630414424000,0.3193915769043266
1630414454000,0.3181003223391089
1630414484000,0.3164219431253786
1630414514000,0.3167464147095179
1630414544000,0.31821354852498496
1630414574000,0.3197879553296365
1630414604000,0.3197156867245657
1630414634000,0.3100829184541642
1630414664000,0.31289716917431193
1630414694000,0.3168165371463715
1630414724000,0.31701478440761205
1630414754000,0.3142213318432333
1630414784000,0.3159478765500307
1630414814000,0.31207674453781514
1630414844000,0.31306240625387
1630414874000,0.3208392119221411
1630414904000,0.311885443757503
1630414934000,0.3125764263888889
1630414964000,0.3135147021199273
1630414994000,0.3172637443761524
1630415024000,0.3185168915076923
1630415054000,0.3178947047413793
1630415084000,0.31413303
1630415114000,0.3115544990870359
1630415144000,0.3157839269442743
1630415174000,0.3187772884707288
1630415204000,0.3197928601947657
1630415234000,0.31371043226586104
1630415264000,0.31637034186893204
1630415294000,0.3132135816263191
1630415324000,0.3157639677831912
1630415354000,0.31067086068585426
1630415384000,0.31315253624242423
1630415414000,0.3103949192331102
1630415444000,0.3222422112932605
1630415474000,0.3176531340951205
1630415504000,0.3112057646842428
1630415534000,0.3149422266463415
1630415564000,0.3178127236162361
1630415594000,0.3214660594791036
1630415624000,0.312008142527339
1630415654000,0.3212868364756624
1630415684000,0.3127641354282193
1630415714000,0.31294854346749224
1630415744000,0.31214079907407405
1630415774000,0.31658876301864103
1630415804000,0.31459880406153845
1630415834000,0.30991474619134673
1630415864000,0.31258813719660195
1630415894000,0.3156222174126303
1630415924000,0.3151178752720677
1630415954000,0.3112921973121564
1630415984000,0.3196081777303233
1630416014000,0.3125327238905775
1630416044000,0.31245003331288346
1630416074000,0.3131641108276291
1630416104000,0.3134437519206939
1630416134000,0.31760119786975044
1630416164000,0.3111632321275291
1630416194000,0.3154183081048141
1630416224000,0.3179743866707243
1630416254000,0.3190898510493827
1630416284000,0.3144482385235732
1630416314000,0.31615802484700123
1630416344000,0.3193166424574209
1630416374000,0.3166712081632653
1630416404000,0.31327371302774426
1630416434000,0.3115578895858709
1630416464000,0.3155764040928528
1630416494000,0.31388810402684564
1630416524000,0.3117954770212766
1630416554000,0.3138437731288344
1630416584000,0.3164363469586375
1630416614000,0.31648519865935404
1630416644000,0.3203551726380368
1630416674000,0.3105943798142415
1630416704000,0.3157985999390244
1630416734000,0.3184561652173913
1630416764000,0.3135117772426249
1630416794000,0.3171321518337408
1630416824000,0.3159732905454545
1630416854000,0.3189993966972477
1630416884000,0.31853098588882106
1630416914000,0.3122105747868453
1630416944000,0.3119923018573996
1630416974000,0.3218442563492063
1630417004000,0.3134172357703928
1630417034000,0.3214998816463415
1630417064000,0.3171244707226683
1630417094000,0.3166897381961259
1630417124000,0.3174392089727723
1630417154000,0.3184135533866995
1630417184000,0.31699229656019656
1630417214000,0.3123507163076923
1630417244000,0.31866565799626634
1630417274000,0.31107912016959416
1630417304000,0.3168144931692308
1630417334000,0.3158818672161172
1630417364000,0.3161640941318814
1630417394000,0.3129141912545235
1630417424000,0.321112847699005
1630417454000,0.3172715202836005
1630417484000,0.30928883378461536
1630417514000,0.3105478012187691
1630417544000,0.31305154176029965
1630417574000,0.3178345391491985
1630417604000,0.3148587382227632
1630417634000,0.314646762138906
1630417664000,0.31795804084249085
1630417694000,0.3116692717431193
1630417724000,0.3113978090687766
1630417754000,0.3131858580208974
1630417784000,0.31248835665859565
1630417814000,0.312957823015873
1630417844000,0.316650389366933
1630417874000,0.3159652041256157
1630417904000,0.3161899866339669
1630417934000,0.30993277495429616
1630417964000,0.3163994634650456
1630417994000,0.31179829297263684
1630418024000,0.3169082643161094
1630418054000,0.31718564811435523
1630418084000,0.3192839816474864
1630418114000,0.31884303733333336
1630418144000,0.31711228517179024
1630418174000,0.3124150613873542
1630418204000,0.3140227799378882
1630418234000,0.3228164549409571
1630418264000,0.3164298751985339
1630418294000,0.32035318805147056
1630418324000,0.3161283463474524
1630418354000,0.32015645257037945
1630418384000,0.3137474879215205
1630418414000,0.32289260273722625
1630418444000,0.3143563905707196
1630418474000,0.31967593211900425
1630418504000,0.31776343515482697
1630418534000,0.31235836399506783
1630418564000,0.3181379217311234
1630418594000,0.3161955027295285
1630418624000,0.31248926315158776
1630418654000,0.3172684443753884
1630418684000,0.31760076308266005
1630418714000,0.31621354803862395
1630418744000,0.3149204645045045
1630418774000,0.3168369665225448
1630418804000,0.3187199346130408
1630418834000,0.3183895830373545
1630418864000,0.3140493327838828
1630418894000,0.3107687841976815
1630418924000,0.32105977959558823
1630418954000,0.315614336526576
1630418984000,0.31830767731510257
1630419014000,0.31651947475186104
1630419044000,0.3174700023751523
1630419074000,0.3120705264197531
1630419104000,0.31858738524590163
1630419134000,0.3149134361111111
1630419164000,0.3199335118776245
1630419194000,0.3133546063079777
1630419224000,0.313652269527897
1630419254000,0.31239531371115176
1630419284000,0.31723288163894026
1630419314000,0.3164068370668317
1630419344000,0.3080864160268129
1630419374000,0.31822603106435643
1630419404000,0.32062335807228914
1630419434000,0.31581160478821363
1630419464000,0.31410430765492103
1630419494000,0.3153749838359469
1630419524000,0.3113532318600368
1630419554000,0.3167611520168573
1630419584000,0.3115775270401949
1630419614000,0.31194954250462675
1630419644000,0.3207753639484979
1630419674000,0.3206642111111111
1630419704000,0.31129521859605913
1630419734000,0.3155388333333333
1630419764000,0.3123365611177885
1630419794000,0.3120243866055046
1630419824000,0.3160203399506782
1630419854000,0.3207610487669544
1630419884000,0.31889590424499703
1630419914000,0.31997726309597524
1630419944000,0.3158269188713592
1630419974000,0.3179612145945946
1630420004000,0.3123633483188045
1630420034000,0.3168160352795031
1630420064000,0.3128498705954573
1630420094000,0.3174278924657534
1630420124000,0.3172260678722122
1630420154000,0.3199012222836096
1630420184000,0.31924613893316983
1630420214000,0.3172636084610668
1630420244000,0.3141519536436007
1630420274000,0.3236659242258652
1630420304000,0.3122661005477785
1630420334000,0.3209522051552795
1630420364000,0.3162679307407407
1630420394000,0.31780568612823673
1630420424000,0.32095740361741265
1630420454000,0.3124349723700121
1630420484000,0.3161280395807645
1630420514000,0.32024589671132764
1630420544000,0.3164645556574924
1630420574000,0.3157741150977995
1630420604000,0.3174786465559656
1630420634000,0.31682120503067485
1630420664000,0.3189818544615385
1630420694000,0.3139376329636476
1630420724000,0.3135696606023356
1630420754000,0.3126281926753569
1630420784000,0.31084174526123937
1630420814000,0.3137613445863747
1630420844000,0.3132829645460161
1630420874000,0.317036285898222
1630420904000,0.3117795177330896
1630420934000,0.3125635606246173
1630420964000,0.31449076105327617
1630420994000,0.3112447849196539
1630421024000,0.318678164290067
1630421054000,0.31513089919901416
1630421084000,0.31323388938106794
1630421114000,0.31605365
1630421144000,0.3142177511970534
1630421174000,0.31181043647058826
1630421204000,0.3177766908200734
1630421234000,0.3147257489374621
1630421264000,0.3152343215281989
1630421294000,0.25014204951100244
1630421324000,0.31273687917425624
1630421354000,0.2496589525957973
1630421384000,0.3179398589274832
1630421414000,0.2534375012727273
1630421444000,0.3164282735491753
1630421474000,0.24855406670746635
1630421504000,0.3215120959727385
1630421534000,0.31054426264472884
1630421564000,0.31175001108433736
1630421594000,0.3138329158277744
1630421624000,0.3161799369040248
1630421654000,0.3116858411837238
1630421684000,0.3134771581917476
1630421714000,0.3133848246060606
1630421744000,0.3123017420072116
1630421774000,0.3130290640558591
1630421804000,0.3159466757090013
1630421834000,0.3111302370439085
1630421864000,0.3202976807147258
1630421894000,0.3169386525046382
1630421924000,0.3131070130594727
1630421954000,0.3163651923692308
1630421984000,0.3166506973039216
1630422014000,0.32038738965094915
1630422044000,0.31773085103785104
1630422074000,0.3158115116616314
1630422104000,0.3139975498765432
1630422134000,0.31614219785932723
1630422164000,0.3146170601242236
1630422194000,0.3119237258988421
1630422224000,0.31819421513647644
1630422254000,0.316947220109356
1630422284000,0.3230546905230769
1630422314000,0.3134315307787392
1630422344000,0.31218571464307504
1630422374000,0.3148113097222222
1630422404000,0.321126287354205
1630422434000,0.31998386664637857
1630422464000,0.3137196471229558
1630422494000,0.3165272162031439
1630422524000,0.3207926132589839
1630422554000,0.31436569793814434
1630422584000,0.313488330806846
1630422614000,0.3116286671577655
1630422644000,0.3176123812887237
1630422674000,0.3163809050061805
1630422704000,0.3177106277571252
1630422734000,0.32095671827628364
1630422764000,0.31552194724075194
1630422794000,0.31414927475124377
1630422824000,0.3113347109555691
1630422854000,0.3105929769277474
1630422884000,0.3153271987639061
1630422914000,0.31629525925696594
1630422944000,0.3130820000619195
1630422974000,0.31261015683364257
1630423004000,0.31269726395136777
1630423034000,0.3143726028816677
1630423064000,0.3183084584859585
1630423094000,0.3123447998153846
1630423124000,0.3173887533333333
1630423154000,0.3154237841404358
1630423184000,0.3185492241925655
1630423214000,0.323025124835033
1630423244000,0.3177485912962963
1630423274000,0.3147487511571255
1630423304000,0.31607515073710074
1630423334000,0.3153003004904966
1630423364000,0.31529518595848594
1630423394000,0.32278563860606063
1630423424000,0.31249938948339484
1630423454000,0.3119911509113001
1630423484000,0.3143226754017305
1630423514000,0.32017034859638177
1630423544000,0.3139094813852814
1630423574000,0.31705860067484665
1630423604000,0.3162704666666667
1630423634000,0.31301342523076925
1630423664000,0.3173731993917275
1630423694000,0.3218971231527093
1630423724000,0.3115784368128474
1630423754000,0.3171123714372716
1630423784000,0.31522726593001843
1630423814000,0.31719182701043586
1630423844000,0.3144753218497827
1630423874000,0.3147766161859918
1630423904000,0.3203981551361386
1630423934000,0.3179742977818854
1630423964000,0.31700812716199755
1630423994000,0.31887467245581963
1630424024000,0.3112679014571949
1630424054000,0.3172884998781973
1630424084000,0.3170487988963826
1630424114000,0.31394677716390423
1630424144000,0.311557590864799
1630424174000,0.3134756666268657
1630424204000,0.31325008499084805
1630424234000,0.3145974582733813
1630424264000,0.31549771149144257
1630424294000,0.3178606054119062
1630424324000,0.31253702801724137
1630424354000,0.3174861620024125
1630424384000,0.31511013956790124
1630424414000,0.3128860879510703
1630424444000,0.3145652214242607
1630424474000,0.3129228871604938
1630424504000,0.3163045298552473
1630424534000,0.3172150907004831
1630424564000,0.31500609680337754
1630424594000,0.3183788749235474
1630424624000,0.3144315049450549
1630424654000,0.3111098388278388
1630424684000,0.31531601477411475
1630424714000,0.32084736073805203
1630424744000,0.3182318920702179
1630424774000,0.315469929143898
1630424804000,0.32066120502143297
1630424834000,0.3116629880733945
1630424864000,0.31261888486127865
1630424894000,0.3161694549751244
1630424924000,0.3121504149481391
1630424954000,0.31110634375
1630424984000,0.31855255096333124
1630425014000,0.3181530598656078
1630425044000,0.321284834375
1630425074000,0.3121959463898917
1630425104000,0.3133324457816377
1630425134000,0.3154365025301205
1630425164000,0.310370483946892
1630425194000,0.3168540500613497
1630425224000,0.31420533982999393
1630425254000,0.3120625932762836
1630425284000,0.31698031287925704
1630425314000,0.3127078091849149
1630425344000,0.3190286282674772
1630425374000,0.32212021108374383
1630425404000,0.310875019188862
1630425434000,0.3177034847239264
1630425464000,0.31443548533007337
1630425494000,0.31763584224664226
1630425524000,0.3176841183660934
1630425554000,0.3183812010962241
1630425584000,0.3181219111870727
